0 0.3735078125 0.5459484777517565 0.148828125 0.49259953161592507
0 0.15592968750000002 0.5853981264637003 0.164921875 0.7752927400468385
0 0.83284375 0.6031733021077283 0.12859375 0.6440046838407494
0 0.59596875 0.5277166276346603 0.08546875000000001 0.3910304449648712
0 0.48504687500000004 0.5229625292740047 0.08459375000000001 0.4029742388758782
0 0.2457578125 0.36769320843091335 0.012765625000000001 0.05740046838407494
0 0.3086562500000001 0.36105386416861823 0.008749999999999999 0.03531615925058548
0 0.45296875 0.35544496487119437 0.00665625 0.013419203747072601
0 0.257328125 0.36822014051522245 0.014843750000000001 0.05611241217798595
0 0.302703125 0.3576580796252927 0.00696875 0.03892271662763466
0 0.8914453125 0.4049414519906323 0.014203125 0.0800936768149883
0 0.7070546875 0.3639227166276346 0.013171875 0.04442622950819672
0 0.9232109375 0.38085480093676816 0.011953125000000002 0.04377049180327869
0 0.7203125 0.40398126463700235 0.55625 0.1756440281030445
