0 0.9103359375000001 0.5324182242990654 0.030015625000000004 0.10698598130841121
0 0.6219531250000001 0.6044042056074765 0.1298125 0.29796728971962616
0 0.220375 0.6581191588785047 0.114375 0.13876168224299065
0 0.8637578125000002 0.5210981308411214 0.014328125 0.07925233644859812
0 0.83578125 0.5116238317757009 0.02146875 0.0850700934579439
0 0.9349921875 0.5078855140186915 0.021109375 0.08628504672897196
0 0.9681171875000001 0.4994275700934579 0.018609375 0.05754672897196261
0 0.8905234375 0.5190420560747663 0.019703125000000002 0.07892523364485982
0 0.949265625 0.49125 0.00859375 0.028855140186915883
0 0.90125 0.48107476635514007 0.01025 0.024579439252336445
0 0.82471875 0.5004556074766355 0.01928125 0.07091121495327103
