0 0.08449218750000001 0.2680102040816327 0.09310937500000001 0.2950408163265306
0 0.18700000000000003 0.30581632653061225 0.0885625 0.16832653061224492
0 0.4330546875000001 0.2802244897959184 0.084390625 0.31938775510204087
0 0.7970781250000001 0.2943163265306123 0.11046875 0.5372857142857143
0 0.8647812500000001 0.30942857142857144 0.058062499999999996 0.27702040816326534
0 0.299609375 0.44498979591836735 0.28953125 0.2826734693877551
0 0.7103359375 0.29241836734693877 0.047578125 0.2829183673469388
2 0.6064218750000001 0.3624285714285715 0.0538125 0.09387755102040818
0 0.6626484375 0.29196938775510206 0.09104687500000001 0.39904081632653066
0 0.9242578125 0.30554081632653063 0.067140625 0.3246326530612245
