0 0.899828125 0.5842705882352941 0.07196875000000001 0.3781411764705882
0 0.3979296875 0.5465058823529411 0.09117187500000001 0.3360705882352941
0 0.704890625 0.5532588235294117 0.060375000000000005 0.25282352941176467
0 0.02634375 0.6649411764705883 0.042375 0.1724235294117647
0 0.7799843750000002 0.4554588235294117 0.0350625 0.10861176470588234
0 0.055945312500000004 0.5710588235294117 0.056046874999999996 0.12141176470588234
0 0.112234375 0.466435294117647 0.051937500000000004 0.10519999999999999
0 0.023101562500000002 0.49918823529411754 0.046203125000000005 0.16905882352941173
0 0.6305078125 0.5522470588235293 0.031078125 0.22477647058823527
0 0.45192968749999995 0.5213647058823528 0.039734375 0.15609411764705883
0 0.2454453125 0.629470588235294 0.108234375 0.4952235294117647
0 0.586921875 0.5497647058823529 0.0416875 0.21510588235294117
0 0.6584921875 0.554364705882353 0.047328125 0.25065882352941177
0 0.50703125 0.5529411764705882 0.9828125000000001 0.3341176470588235
