0 0.130375 0.84571875 0.0615 0.26827083333333335
0 0.2481484375 0.6985416666666666 0.046015625000000004 0.22225
0 0.4493359375 0.6795104166666666 0.046296875 0.17302083333333332
0 0.36698437500000003 0.6676145833333333 0.0281875 0.20314583333333333
0 0.41712499999999997 0.6275 0.04534375 0.18666666666666665
0 0.04583593750000001 0.8939895833333333 0.08385937500000001 0.21106250000000001
0 0.293609375 0.761625 0.07571875 0.252375
0 0.3346640625 0.7114583333333333 0.048890625 0.21683333333333332
0 0.47735937500000003 0.6173125 0.039625 0.12129166666666666
0 0.35240625000000003 0.56871875 0.027625 0.07602083333333334
0 0.4364921875000001 0.5367708333333334 0.045265625000000004 0.11850000000000001
0 0.30060156250000003 0.6136354166666667 0.053796875 0.08039583333333333
0 0.187984375 0.8727291666666667 0.08765625 0.21816666666666665
0 0.44062500000000004 0.6802083333333333 0.5 0.3145833333333333
