0 0.58615625 0.7105625000000001 0.15009375000000003 0.09075
0 0.8294687500000001 0.71765625 0.16275 0.09622916666666666
0 0.6911796875 0.7227291666666668 0.072140625 0.10591666666666667
0 0.5349375000000001 0.6816875 0.16228125000000002 0.059375
0 0.6517109375000001 0.6768020833333334 0.032359375 0.06439583333333333
0 0.8352421875 0.5728437500000001 0.039046875 0.11239583333333333
0 0.6272031250000001 0.574125 0.013625000000000002 0.0245
0 0.8800078125000002 0.5774895833333333 0.032046875 0.11310416666666666
0 0.40817968750000005 0.4957395833333333 0.014890625 0.0163125
0 0.45178125 0.5111666666666667 0.01421875 0.03816666666666667
0 0.19934375000000001 0.5070520833333333 0.01840625 0.05510416666666666
0 0.037414062500000005 0.5203333333333333 0.027203125 0.03825
0 0.0206875 0.5133229166666666 0.017 0.0334375
0 0.50390625 0.6020833333333333 0.9890625000000001 0.2833333333333333
