0 0.40805 0.5288588588588589 0.15398 0.46558558558558555
0 0.18922 0.2503303303303303 0.0632 0.38168168168168165
0 0.06866 0.3651351351351351 0.09784000000000001 0.3517117117117117
0 0.5318200000000001 0.1135885885885886 0.10464 0.16171171171171173
0 0.49001 0.10265765765765766 0.07822 0.1653753753753754
0 0.71913 0.16403903903903905 0.09129999999999999 0.13930930930930932
0 0.87503 0.18503003003003005 0.1161 0.23174174174174175
0 0.7574400000000001 0.16932432432432432 0.1092 0.20609609609609608
0 0.93732 0.21276276276276274 0.12044 0.19975975975975974
0 0.6471600000000001 0.1628978978978979 0.09492 0.1835135135135135
0 0.82875 0.18515015015015016 0.08098000000000001 0.20165165165165166
0 0.95787 0.08867867867867868 0.08426 0.17735735735735736
0 0.26025 0.0912012012012012 0.07998000000000001 0.1824024024024024
0 0.627 0.2987987987987988 0.718 0.5975975975975976
