0 0.6828000000000001 0.3390933333333333 0.07792 0.25424
0 0.65718 0.93296 0.07304000000000001 0.13408
0 0.44991000000000003 0.9531199999999999 0.04338 0.09375999999999998
0 0.33423 0.9078799999999999 0.07986 0.10061333333333332
0 0.13313999999999998 0.8366666666666667 0.22563999999999998 0.32655999999999996
0 0.59677 0.9432266666666668 0.055420000000000004 0.1056
0 0.7275400000000001 0.9387866666666665 0.06592 0.12114666666666667
0 0.3396 0.01236 0.08932 0.02472
0 0.68311 0.9673866666666667 0.03538 0.06522666666666667
0 0.61034 0.9539333333333334 0.05372 0.09197333333333334
