0 0.40301562500000004 0.8112995245641839 0.12153125000000001 0.30652931854199683
0 0.5826953125000001 0.7326941362916006 0.042296875000000005 0.10022187004754358
0 0.6627265625000001 0.7357369255150555 0.035078125 0.10526148969889065
0 0.6337656250000001 0.7336925515055468 0.02084375 0.08893819334389858
0 0.51753125 0.7276465927099841 0.02015625 0.1000475435816165
0 0.595453125 0.7048811410459588 0.017 0.051156893819334394
0 0.7540156250000001 0.7210776545166403 0.018062500000000002 0.054231378763866876
0 0.8970781250000001 0.7295483359746435 0.012781250000000001 0.020174326465927102
0 0.566796875 0.726283676703645 0.02121875 0.0970364500792393
0 0.8835781249999999 0.726648177496038 0.014624999999999999 0.034088748019017436
