0 0.555625 0.5978125 0.04621875 0.18487499999999998
0 0.6042812500000001 0.6825208333333334 0.03678125 0.06904166666666667
0 0.3010078125 0.5130520833333333 0.022140625 0.08360416666666667
0 0.7006875 0.6659895833333334 0.035125 0.04002083333333333
0 0.7318984374999999 0.6643958333333333 0.025640625 0.03133333333333333
0 0.317640625 0.5088854166666666 0.03075 0.09010416666666667
0 0.3566640625 0.48093749999999996 0.032234375 0.051958333333333336
0 0.3800078125 0.4863124999999999 0.018796875 0.04758333333333333
0 0.64390625 0.6673333333333333 0.047531250000000004 0.049291666666666664
0 0.8660078125 0.40149999999999997 0.012796875 0.043125
0 0.7736562500000002 0.40743749999999995 0.021 0.06625
0 0.7173984375 0.40858333333333335 0.016203125 0.06079166666666667
0 0.8968515625000001 0.3866145833333334 0.014015625000000002 0.04135416666666667
0 0.509375 0.4322916666666667 0.978125 0.16041666666666665
