0 0.5695234375 0.7158878504672896 0.052921875 0.16705607476635512
0 0.4395625 0.6988551401869159 0.08125 0.21948598130841118
0 0.38599218750000003 0.8354322429906541 0.14089062500000002 0.32913551401869157
0 0.4101875 0.5953971962616822 0.022593750000000003 0.027757009345794392
0 0.044171875 0.7616238317757008 0.060125 0.2886682242990654
0 0.0799375 0.5897079439252336 0.017656250000000002 0.08217289719626168
0 0.12023437499999999 0.5949883177570093 0.02496875 0.1011448598130841
0 0.6084375 0.6891588785046728 0.0383125 0.22102803738317753
0 0.1001328125 0.7273714953271028 0.050578125 0.19619158878504672
0 0.45778125000000003 0.5827219626168224 0.021500000000000002 0.10633177570093456
0 0.4917109375 0.7075817757009346 0.047671875 0.12203271028037381
0 0.7147109375 0.5787499999999999 0.029328125 0.13922897196261683
0 0.026125 0.717803738317757 0.043000000000000003 0.2280841121495327
0 0.515625 0.6331775700934579 0.9375 0.35514018691588783
