0 0.25084375000000003 0.354375 0.0236875 0.0525
0 0.8226093749999999 0.36378125 0.039593750000000004 0.06002083333333333
0 0.7963515624999999 0.4554895833333333 0.038765625 0.10785416666666667
0 0.6143671875000001 0.35828125000000005 0.019265625 0.03210416666666667
0 0.49959375000000006 0.36956249999999996 0.0191875 0.057083333333333326
0 0.42064843749999997 0.35573958333333333 0.019796875000000002 0.0328125
0 0.4173125 0.4343020833333333 0.02896875 0.08035416666666667
0 0.266609375 0.34309375 0.01175 0.025854166666666668
0 0.634859375 0.37372916666666667 0.01840625 0.057916666666666665
0 0.8458203125000001 0.3721041666666667 0.017140625000000003 0.04958333333333333
0 0.40780468750000004 0.3762708333333333 0.008671875 0.017374999999999998
0 0.41132812500000004 0.35533333333333333 0.00946875 0.024083333333333335
