0 0.5050625000000001 0.7253343023255814 0.10887500000000001 0.3295058139534883
0 0.59896875 0.6312209302325581 0.03259375 0.13744186046511628
0 0.449140625 0.6613372093023255 0.01740625 0.056627906976744184
0 0.8561875000000001 0.6179941860465116 0.051000000000000004 0.15162790697674416
0 0.322875 0.6740843023255814 0.0135625 0.020203488372093025
0 0.10375000000000001 0.7903343023255814 0.0208125 0.06258720930232559
0 0.043976562500000003 0.8358720930232557 0.039171875 0.0741860465116279
0 0.0109453125 0.8728779069767443 0.021890625 0.06232558139534884
0 0.36581250000000004 0.6706104651162791 0.01021875 0.03569767441860465
0 0.17715625000000002 0.7832994186046511 0.0251875 0.08491279069767442
0 0.8335312500000001 0.6321511627906976 0.02659375 0.11343023255813954
0 0.6827578125 0.5813226744186046 0.010546875 0.022587209302325578
0 0.35711718750000004 0.6694331395348838 0.009640625 0.03299418604651163
0 0.7757812500000001 0.6090116279069767 0.4453125 0.09593023255813954
