2 0.9575546875 0.651415313225058 0.084890625 0.12296983758700696
0 0.475640625 0.3243155452436195 0.09984375000000001 0.26686774941995356
0 0.59246875 0.11236658932714616 0.0499375 0.21573085846867748
0 0.6971250000000001 0.05026682134570765 0.02884375 0.08749419953596288
0 0.7905390625000001 0.08516241299303944 0.029109375 0.13617169373549884
0 0.5520781250000001 0.14330626450116007 0.044875 0.13979118329466356
0 0.8525390625 0.23367749419953596 0.033015625 0.2136194895591647
0 0.5128671875 0.11205336426914152 0.033015625 0.07422273781902551
0 0.03678125 0.1708120649651972 0.055531250000000004 0.17359628770301622
0 0.9050859375 0.15259860788863108 0.046765625000000005 0.09382830626450116
0 0.7473437500000001 0.11730858468677494 0.04603125 0.205707656612529
0 0.7647734375 0.2386658932714617 0.08479687500000001 0.13640371229698375
0 0.8999296875000001 0.3811600928074246 0.08301562500000001 0.45197215777262184
0 0.7042812500000001 0.15629930394431552 0.047875 0.16754060324825984
