0 0.174265625 0.6616458333333333 0.13896875 0.491875
0 0.30934375000000003 0.7321458333333334 0.30150000000000005 0.5275
0 0.31129687500000003 0.5178645833333334 0.17343750000000002 0.2303125
0 0.43602343750000006 0.4685520833333333 0.121484375 0.18277083333333333
0 0.6893203125 0.73034375 0.289890625 0.5168541666666666
0 0.7817968750000001 0.46849999999999997 0.155375 0.23270833333333332
0 0.8332421875000002 0.41569791666666667 0.054921875 0.13322916666666668
0 0.9407265625000001 0.49551041666666673 0.11854687500000001 0.28989583333333335
0 0.5983203125 0.4640416666666667 0.08426562500000001 0.12358333333333334
0 0.9109609375000001 0.3815 0.028859375 0.04670833333333334
0 0.8742578125 0.41195833333333326 0.06917187500000001 0.12725
