0 0.34351041666666665 0.48407031250000004 0.17597916666666666 0.187609375
0 0.13860416666666667 0.26213281250000003 0.06629166666666667 0.09898437500000001
0 0.44544791666666667 0.919953125 0.32885416666666667 0.16009375
0 0.6921875 0.1559609375 0.049916666666666665 0.054078125000000005
0 0.48341666666666666 0.17507031250000002 0.043333333333333335 0.060015624999999996
0 0.4344375 0.1308828125 0.05083333333333333 0.046203125000000005
0 0.11340625 0.20307031250000002 0.0683125 0.059234375
0 0.6447604166666666 0.1716875 0.06439583333333333 0.06909375
0 0.7928333333333333 0.1471875 0.05499999999999999 0.09609375
0 0.55703125 0.1253203125 0.042104166666666665 0.042984375000000005
0 0.5696145833333334 0.824875 0.10881249999999999 0.0945
0 0.4860625 0.128421875 0.049916666666666665 0.03840625
0 0.5 0.49140625000000004 0.9958333333333333 0.9828125000000001
