0 0.30750000000000005 0.5674148296593186 0.1559375 0.7573146292585169
0 0.38640625 0.39739478957915825 0.0231875 0.1286573146292585
0 0.7972421875000001 0.5529258517034068 0.10535937500000002 0.44144288577154306
0 0.5900937500000001 0.40099198396793584 0.031187500000000003 0.15745490981963925
0 0.6206718750000001 0.35146292585170336 0.0383125 0.06440881763527054
0 0.7227265625000001 0.39328657314629256 0.014265625000000002 0.09070140280561122
0 0.4973515625 0.5179659318637274 0.114390625 0.42791583166332664
0 0.6560546875000001 0.41097194388777547 0.07145312499999999 0.1576953907815631
0 0.45378906250000006 0.4363927855711423 0.054703125 0.2581162324649299
0 0.632671875 0.3362825651302605 0.018968750000000003 0.025791583166332663
0 0.7066328125000001 0.395751503006012 0.026671875 0.0949498997995992
0 0.5599609375 0.4766232464929859 0.058734375000000005 0.37144288577154305
0 0.46640625 0.42384769539078154 0.5703125 0.20240480961923846
