0 0.79812 0.5977560240963856 0.0152 0.0735843373493976
0 0.7769499999999999 0.5282228915662651 0.01562 0.05807228915662651
0 0.7946300000000001 0.44424698795180717 0.013300000000000001 0.04427710843373494
0 0.78191 0.4464307228915663 0.01162 0.03906626506024097
0 0.64601 0.4295481927710843 0.00962 0.03566265060240964
0 0.88776 0.573328313253012 0.01692 0.07725903614457831
0 0.8053199999999999 0.44072289156626504 0.01108 0.05156626506024097
0 0.7172800000000001 0.4171686746987952 0.00792 0.042891566265060244
0 0.69647 0.4359186746987952 0.013300000000000001 0.026415662650602408
0 0.6216200000000001 0.4246385542168675 0.013519999999999999 0.04283132530120482
0 0.60839 0.45084337349397596 0.013460000000000001 0.039638554216867475
0 0.5917100000000001 0.41414156626506027 0.00826 0.016596385542168676
0 0.60333 0.43990963855421683 0.0077 0.03602409638554217
0 0.438 0.6370481927710844 0.648 0.4307228915662651
