0 0.8464218750000001 0.5261666666666667 0.16765625 0.4325833333333333
0 0.1582109375 0.4682395833333333 0.172921875 0.45110416666666664
0 0.7487343750000001 0.4364166666666667 0.026625 0.0955
0 0.7238984374999999 0.39242708333333337 0.006890625000000001 0.020187499999999997
0 0.925 0.40534375 0.00990625 0.04622916666666667
0 0.65559375 0.41593749999999996 0.025812500000000002 0.07050000000000001
0 0.5502578124999999 0.39909374999999997 0.016671875 0.051104166666666666
0 0.52228125 0.3930208333333333 0.027562500000000004 0.06729166666666667
0 0.4510156250000001 0.40203125 0.010125000000000002 0.03152083333333333
0 0.408125 0.40258333333333335 0.00878125 0.035124999999999997
0 0.5401015625000001 0.3875625 0.007640625 0.022208333333333333
0 0.5400625 0.41726041666666663 0.014031250000000002 0.0698125
0 0.47080468750000004 0.3991979166666667 0.008515625 0.03964583333333334
0 0.39687500000000003 0.3729166666666667 0.790625 0.12916666666666665
