1 0.1566109422492401 0.863390342052314 0.3132218844984802 0.24621730382293766
1 0.783191489361702 0.5795573440643863 0.42176291793313064 0.22885311871227365
1 0.7829331306990882 0.17096579476861168 0.25340425531914895 0.33762575452716304
1 0.15364741641337387 0.18980885311871232 0.2943465045592705 0.3361971830985916
1 0.1838145896656535 0.5117002012072435 0.35917933130699087 0.31450704225352116
0 0.09662613981762917 0.05334004024144869 0.03708206686930091 0.047444668008048294
0 0.036246200607902734 0.058490945674044274 0.051641337386018234 0.09553319919517103
1 0.926033434650456 0.7815593561368209 0.067629179331307 0.09016096579476862
0 0.11779635258358663 0.05413480885311872 0.024224924012158054 0.03607645875251509
0 0.5582978723404255 0.11099597585513081 0.09124620060790273 0.13784708249496985
