0 0.562921875 0.5831458333333333 0.41125 0.8112499999999999
0 0.6917578125000001 0.6666770833333333 0.055046874999999995 0.16685416666666666
0 0.46929687500000006 0.6761979166666666 0.0324375 0.1246875
0 0.3027578125 0.6844166666666668 0.013390625000000001 0.05329166666666666
0 0.266453125 0.6878854166666667 0.03265625 0.12702083333333333
0 0.36417187500000003 0.6904374999999999 0.057406250000000006 0.18283333333333335
0 0.79590625 0.6516770833333333 0.010906250000000001 0.04077083333333333
0 0.9888281250000001 0.6472395833333333 0.022343750000000002 0.0934375
0 0.252578125 0.6888437500000001 0.0106875 0.04652083333333333
0 0.044578125 0.7104895833333332 0.08168750000000001 0.14327083333333332
