0 0.3545859375 0.7123536299765807 0.12145312500000001 0.530327868852459
0 0.50334375 0.6747658079625293 0.10531250000000002 0.48756440281030444
0 0.41390625 0.6779156908665106 0.07009375 0.38594847775175645
0 0.2743984375 0.6715807962529273 0.07307812500000001 0.43824355971896956
0 0.0899609375 0.6539344262295083 0.083953125 0.3101170960187353
0 0.23689062500000002 0.6561826697892271 0.06596875 0.30112412177985953
0 0.1292109375 0.5973536299765808 0.042171875 0.19494145199063231
0 0.039328125 0.5738758782201405 0.0558125 0.1424590163934426
0 0.6304062500000001 0.455 0.05712500000000001 0.08784543325526932
0 0.16276562500000002 0.5868266978922716 0.044375 0.23323185011709602
0 0.8474375000000001 0.3800702576112412 0.10178125 0.15882903981264634
0 0.3155 0.49985948477751757 0.02746875 0.060421545667447306
0 0.2452265625 0.5034777517564403 0.017203125 0.025550351288056206
