0 0.5828515625 0.8955971896955502 0.081328125 0.18510538641686183
0 0.06853906250000001 0.9316744730679156 0.038265625 0.13665105386416862
0 0.28328125 0.8961709601873536 0.01009375 0.038899297423887584
0 0.8298671875000001 0.9038290398126464 0.012265625 0.06100702576112412
0 0.945484375 0.901135831381733 0.013375000000000001 0.04831381733021077
0 0.32417968750000004 0.8984309133489461 0.013890625000000002 0.03423887587822014
0 0.6762109375 0.9064519906323185 0.013703125 0.07337236533957844
0 0.6564609375 0.9169320843091335 0.013453125 0.06669789227166277
0 0.701203125 0.9310421545667448 0.031125000000000003 0.13791569086651054
0 0.9630312499999999 0.9100936768149883 0.01575 0.061545667447306794
