0 0.6865625 0.5618075117370892 0.131625 0.7325821596244131
0 0.7800546875 0.5029929577464789 0.130140625 0.6741549295774648
0 0.508 0.40225352112676055 0.028375 0.05417840375586854
0 0.4534296875 0.39191314553990614 0.026453125 0.07950704225352112
0 0.43885937500000005 0.3814201877934273 0.0284375 0.09401408450704225
0 0.37607812500000004 0.38529342723004695 0.02103125 0.07274647887323943
0 0.30878906250000004 0.39471830985915496 0.043734375 0.0539906103286385
0 0.18815625000000002 0.38334507042253524 0.0425625 0.058802816901408456
0 0.257171875 0.3877582159624413 0.05165625000000001 0.06392018779342723
0 0.5038203125 0.40987089201877935 0.011171875000000001 0.020446009389671362
0 0.416515625 0.3840727699530517 0.031906250000000004 0.05791079812206573
