0 0.1028046875 0.6883854166666666 0.138203125 0.4786458333333333
0 0.21888281250000002 0.66371875 0.108578125 0.4144791666666666
0 0.34575000000000006 0.6070104166666667 0.06146875000000001 0.22972916666666665
0 0.452859375 0.59840625 0.0734375 0.2286875
0 0.4848125 0.5448333333333333 0.028000000000000004 0.11783333333333333
0 0.5299296875 0.67521875 0.108421875 0.2238125
0 0.6149296875000001 0.6959687499999999 0.192953125 0.2595208333333333
0 0.046242187500000004 0.4960104166666666 0.022609375 0.08039583333333333
0 0.013156250000000001 0.5459479166666666 0.026312500000000003 0.1675208333333333
0 0.0720234375 0.4870104166666666 0.012921875 0.05485416666666666
0 0.02640625 0.49155208333333333 0.01696875 0.0598125
