0 0.20879000000000003 0.3246321525885558 0.021660000000000002 0.04861035422343324
0 0.57081 0.43509536784741143 0.09142 0.17166212534059944
0 0.70286 0.31427792915531333 0.08004000000000001 0.14501362397820164
0 0.82089 0.3635286103542234 0.04846 0.08662125340599454
0 0.34144 0.29968664850136245 0.0584 0.07403269754768392
0 0.27870999999999996 0.37388283378746595 0.05758 0.2579564032697548
0 0.9542299999999999 0.4376158038147139 0.05286 0.13217983651226156
0 0.20167000000000002 0.44181198910081737 0.09486 0.19021798365122616
0 0.24028 0.3249318801089918 0.04392 0.1535149863760218
0 0.6569400000000001 0.4396866485013624 0.09040000000000001 0.14743869209809263
0 0.71596 0.4244414168937329 0.08088 0.17138964577656673
0 0.08691 0.3552724795640327 0.060180000000000004 0.17435967302452315
0 0.39924000000000004 0.5625068119891008 0.41536 0.6279019073569482
0 0.505 0.38828337874659397 0.9580000000000001 0.3079019073569482
