0 0.13789062500000002 0.5323125 0.27578125000000003 0.8239583333333333
0 0.6404453125 0.6134895833333334 0.286515625 0.7460625000000001
0 0.4949296875 0.4515833333333333 0.168921875 0.5
0 0.8168515625 0.57865625 0.366296875 0.8157291666666667
0 0.3558671875 0.45849999999999996 0.120078125 0.3943333333333333
0 0.421140625 0.48422916666666665 0.11043750000000002 0.49725
0 0.3817890625 0.3467708333333333 0.014921875000000001 0.041291666666666664
0 0.2887421875 0.4206458333333334 0.147515625 0.37783333333333335
0 0.7777343750000001 0.35432291666666665 0.167 0.41202083333333334
0 0.07846093750000001 0.28565625 0.048015625000000006 0.11172916666666667
