0 0.647609375 0.5299528301886792 0.16971875000000003 0.6067452830188679
0 0.5233046875 0.542688679245283 0.189078125 0.6808962264150943
0 0.387828125 0.48779481132075475 0.028281250000000004 0.0898820754716981
0 0.24517187500000004 0.4827712264150943 0.012843750000000001 0.062051886792452826
0 0.722921875 0.5900471698113208 0.06853125 0.35117924528301886
0 0.30305468750000003 0.4909316037735849 0.020296875000000002 0.08436320754716982
0 0.25185937500000005 0.4923231132075472 0.01040625 0.05007075471698113
0 0.3520546875 0.488938679245283 0.023546875000000002 0.08594339622641509
0 0.2305625 0.4940919811320755 0.01475 0.05738207547169811
0 0.2661796875 0.48715801886792454 0.019078125 0.06879716981132075
0 0.106984375 0.5405542452830189 0.21396875 0.680683962264151
