0 0.3067265625 0.6699414519906323 0.022765625 0.10110070257611242
0 0.28235156250000004 0.6704332552693207 0.031421875 0.10578454332552693
0 0.5963046875000001 0.6698477751756441 0.029015625000000003 0.09800936768149883
0 0.6995078125 0.6725175644028102 0.021296875000000003 0.08002341920374707
0 0.5574765625000001 0.6814051522248243 0.024984375000000003 0.049742388758782195
0 0.5357890625 0.6825292740046839 0.021546875 0.0502576112412178
0 0.6802421875 0.6628103044496487 0.020765625 0.08515222482435597
0 0.640890625 0.6562646370023418 0.019093750000000003 0.08531615925058549
0 0.5778359375000001 0.6699882903981266 0.010515625 0.07365339578454333
0 0.5878359375000001 0.6798711943793911 0.028484375000000003 0.08625292740046837
0 0.8911171875000001 0.6492037470725996 0.014828125000000001 0.033536299765807964
0 0.9089218749999999 0.6996487119437939 0.023906250000000004 0.06009367681498829
0 0.6970390625 0.510023419203747 0.013234375000000001 0.06098360655737705
0 0.59609375 0.5784543325526932 0.7328125000000001 0.3044496487119438
