0 0.5500401069518717 0.6673 0.3746791443850267 0.59416
0 0.866163101604278 0.57402 0.10601604278074865 0.10152
0 0.9265106951871659 0.52276 0.12724598930481285 0.09296
0 0.7350267379679145 0.4254 0.10449197860962565 0.10876000000000001
0 0.6631149732620321 0.5598099999999999 0.0931283422459893 0.16946
0 0.580922459893048 0.06423000000000001 0.06724598930481282 0.05902
0 0.17823529411764705 0.59593 0.06518716577540107 0.04526
0 0.7853342245989303 0.38622 0.06863636363636363 0.07444
0 0.8338903743315508 0.34620999999999996 0.06959893048128342 0.07686
0 0.7283556149732621 0.17222 0.0824331550802139 0.07708
0 0.7363235294117646 0.48158 0.08232620320855615 0.11176000000000001
0 0.8540106951871657 0.40580999999999995 0.09866310160427806 0.12106
0 0.9062834224598931 0.3669 0.08406417112299465 0.12424
0 0.49866310160427807 0.324 0.9973262032085561 0.648
