0 0.41549218750000005 0.5405386416861827 0.145765625 0.8265573770491803
0 0.5430234375 0.5450351288056207 0.118734375 0.6426697892271663
0 0.7082421875 0.5597423887587822 0.19051562500000002 0.6537704918032787
0 0.9179375000000001 0.4303161592505855 0.1305625 0.4729508196721311
0 0.2300703125 0.5896370023419204 0.086203125 0.7023653395784544
0 0.26282812499999997 0.44579625292740044 0.05403125 0.3272365339578454
0 0.27218749999999997 0.33459016393442625 0.03646875 0.15887587822014052
0 0.361234375 0.2965807962529274 0.038875 0.06557377049180328
0 0.0665078125 0.37042154566744734 0.034046875 0.13859484777517564
0 0.654484375 0.27966042154566745 0.02078125 0.07758782201405152
0 0.054421875 0.3540983606557377 0.046968750000000004 0.2004215456674473
0 0.0970390625 0.363688524590164 0.026765625 0.17060889929742387
0 0.32489062500000004 0.4222014051522248 0.08034375 0.3587822014051522
