2 0.48156 0.6067466666666665 0.10788 0.18741333333333332
0 0.47632 0.5244933333333334 0.13996 0.5296266666666667
0 0.3961 0.50484 0.06412000000000001 0.4158666666666666
0 0.61973 0.40681333333333336 0.12518 0.3817333333333333
0 0.36989 0.37822666666666666 0.0683 0.2538933333333333
0 0.10798 0.5263866666666666 0.10928 0.4814133333333333
0 0.8485900000000001 0.38877333333333336 0.10618000000000001 0.33258666666666664
0 0.8905600000000001 0.31776 0.07064000000000001 0.19349333333333332
0 0.34762 0.21395999999999998 0.03252000000000001 0.11885333333333332
0 0.04929000000000001 0.4980266666666666 0.07198 0.3118933333333333
