0 0.0242109375 0.5173645833333332 0.023953125000000002 0.08089583333333333
0 0.0641328125 0.5426770833333333 0.020296875000000002 0.07127083333333334
0 0.10155468750000002 0.5359791666666667 0.033140625 0.140125
0 0.31567187500000005 0.6685729166666667 0.08021875 0.3077708333333333
0 0.46221093750000003 0.6386041666666666 0.09285937500000001 0.25995833333333335
0 0.7677265625 0.5802708333333333 0.070046875 0.20608333333333334
0 0.39084375000000005 0.5548333333333333 0.027812500000000004 0.11225
0 0.18621875000000002 0.5390312500000001 0.041281250000000005 0.13806249999999998
0 0.9225390625000002 0.5725416666666666 0.050671875000000005 0.15204166666666669
0 0.733609375 0.5199895833333333 0.009750000000000002 0.019979166666666666
0 0.078265625 0.5097395833333334 0.017593750000000002 0.07839583333333333
0 0.1348203125 0.5355624999999999 0.042015625 0.15729166666666666
0 0.16242187500000002 0.53709375 0.02784375 0.11410416666666667
0 0.5 0.49895833333333334 0.9968750000000001 0.9979166666666667
