0 0.40649 0.6148671875 0.34018000000000004 0.46170312500000005
0 0.59848 0.6459921875000001 0.03096 0.046015625000000004
0 0.70504 0.6540546875 0.01108 0.017453125
0 0.6529300000000001 0.660578125 0.00994 0.009031250000000001
0 0.6314799999999999 0.648015625 0.0256 0.040875
0 0.94641 0.62284375 0.03222 0.048656250000000005
0 0.97123 0.632046875 0.023940000000000003 0.026031250000000002
0 0.78817 0.6440156250000001 0.016460000000000002 0.0224375
0 0.68139 0.66028125 0.0058200000000000005 0.004906250000000001
0 0.75949 0.6473828125000001 0.01578 0.025140625
