0 0.9700312499999999 0.8352816901408452 0.059937500000000005 0.3294366197183099
0 0.8996953125000001 0.8500586854460094 0.080671875 0.29988262910798125
0 0.5846015625 0.8447652582159625 0.12310937500000002 0.3103286384976526
0 0.71921875 0.745669014084507 0.055343750000000004 0.23279342723004695
0 0.498640625 0.7071713615023476 0.0219375 0.08701877934272301
0 0.32458593750000003 0.7348356807511737 0.035890625 0.16178403755868545
0 0.29357812499999997 0.7038028169014084 0.0138125 0.06727699530516432
0 0.7823125 0.7991666666666667 0.12137500000000001 0.400962441314554
0 0.983078125 0.6873474178403756 0.02821875 0.09201877934272301
0 0.48615625 0.7020422535211268 0.015312500000000001 0.09150234741784037
0 0.3586640625 0.7682394366197184 0.026984375 0.09323943661971831
0 0.8716875000000001 0.724049295774648 0.05175 0.17152582159624413
0 0.546203125 0.7038028169014084 0.018875000000000003 0.06685446009389671
0 0.48671875000000003 0.7171361502347418 0.9703125 0.11971830985915494
