0 0.46185937500000007 0.6134823529411765 0.33575 0.6741647058823529
0 0.7483750000000001 0.6022470588235294 0.24325000000000002 0.5123529411764706
0 0.3139375 0.5311176470588235 0.09640625000000001 0.26896470588235294
0 0.1661328125 0.6281411764705883 0.329171875 0.5251294117647058
0 0.8881953125000002 0.49172941176470586 0.145578125 0.1867529411764706
0 0.18809375 0.481235294117647 0.03634375 0.10110588235294117
0 0.6503828125000001 0.5194117647058824 0.08804687500000001 0.27359999999999995
0 0.35775 0.44216470588235296 0.06325 0.11439999999999999
0 0.6019140625 0.49455294117647053 0.079765625 0.16552941176470584
0 0.09100000000000001 0.5354 0.14921875 0.2716
