0 0.08357291666666665 0.2578359375 0.10427083333333333 0.090359375
0 0.23399999999999999 0.15121093750000003 0.06779166666666667 0.05310937500000001
0 0.31579166666666664 0.138375 0.033791666666666664 0.02890625
0 0.7363541666666668 0.130234375 0.03558333333333333 0.0320625
0 0.8467083333333334 0.031992187500000005 0.05570833333333333 0.06398437500000001
0 0.8512395833333333 0.1457890625 0.03364583333333333 0.036328125
0 0.31124999999999997 0.18048437500000003 0.05045833333333333 0.049125
0 0.34418750000000004 0.17407031250000002 0.04908333333333333 0.052109375000000006
0 0.9354166666666667 0.20254687500000002 0.057916666666666665 0.06471875
0 0.8887395833333334 0.20025 0.0874375 0.06396875
0 0.81353125 0.6870312500000001 0.37243750000000003 0.3444375
0 0.2896354166666667 0.5814453125 0.4986875 0.475328125
0 0.6883541666666666 0.35164062500000004 0.12512500000000001 0.21140625000000002
