0 0.1407265625 0.657593896713615 0.281453125 0.6845774647887324
0 0.3724453125 0.6831455399061033 0.248296875 0.6112206572769953
0 0.7785546875000001 0.6550586854460094 0.08526562500000001 0.4786619718309859
0 0.9357968750000002 0.7224765258215962 0.12840625000000003 0.5550469483568075
0 0.19673437500000002 0.5768896713615024 0.026281250000000003 0.07823943661971831
0 0.4093046875 0.4885446009389672 0.024828125000000003 0.057323943661971834
0 0.42339843750000006 0.6608568075117371 0.08567187500000001 0.41626760563380283
0 0.9253359375000001 0.6126291079812207 0.143046875 0.42164319248826293
0 0.532640625 0.7243075117370892 0.17440625 0.5513849765258215
0 0.609359375 0.6228521126760564 0.0583125 0.27448356807511737
0 0.4822421875000001 0.4736737089201878 0.047171875 0.07875586854460094
0 0.5418984375 0.4935680751173709 0.10179687500000001 0.16859154929577463
0 0.49843750000000003 0.5481220657276995 0.7718750000000001 0.13849765258215962
