0 0.5878359375 0.7991100702576113 0.057265625 0.1161592505854801
0 0.5668359375 0.6919203747072601 0.051671875000000006 0.17231850117096018
0 0.4779453125 0.7265222482435598 0.06701562500000001 0.25562060889929744
0 0.4161015625 0.7116393442622951 0.060609375 0.2834192037470726
0 0.36806249999999996 0.7157142857142857 0.046625 0.21662763466042154
0 0.3300468750000001 0.7159016393442623 0.0424375 0.16510538641686182
0 0.1716796875 0.7419555035128805 0.073359375 0.32236533957845437
0 0.083015625 0.7598711943793912 0.066375 0.13018735362997658
0 0.0807734375 0.6627166276346603 0.035015625 0.07943793911007026
0 0.253953125 0.6712412177985948 0.02975 0.09854800936768149
0 0.683765625 0.6962529274004683 0.026531250000000003 0.15531615925058545
0 0.2159296875 0.7307611241217797 0.026515625 0.11833723653395785
0 0.0403984375 0.758559718969555 0.023828125000000002 0.1031615925058548
0 0.5 0.7810304449648712 0.9968750000000001 0.405152224824356
