0 0.6442622950819673 0.6261406250000001 0.1355503512880562 0.34396875
0 0.43567915690866515 0.6267343750000001 0.0915456674473068 0.3246875
0 0.48920374707259956 0.4998359375 0.06702576112412179 0.11176562500000001
0 0.5634777517564402 0.51921875 0.07814988290398125 0.16668750000000002
0 0.49256440281030445 0.43691406250000003 0.12911007025761126 0.08945312500000001
0 0.41304449648711944 0.4496640625000001 0.04084309133489462 0.058984375000000006
0 0.4614871194379391 0.5406171875 0.062412177985948475 0.059234375
0 0.7424707259953163 0.51965625 0.05552693208430914 0.15540625
0 0.7508665105386417 0.48306249999999995 0.1638407494145199 0.10671875
0 0.783887587822014 0.5191718750000001 0.08004683840749414 0.11440625
0 0.8040983606557378 0.5955234375 0.06730679156908664 0.351140625
0 0.2613817330210773 0.706203125 0.30721311475409835 0.5554375
