0 0.40192187500000004 0.8058854166666666 0.10387500000000001 0.3882291666666666
0 0.19803906250000003 0.8078645833333332 0.109546875 0.3842708333333333
0 0.6076484375000001 0.79865625 0.113796875 0.39618749999999997
0 0.13789062500000002 0.8070625000000001 0.074 0.3407916666666667
0 0.2541953125 0.7639791666666668 0.056890625 0.2749166666666667
0 0.30428906250000004 0.7588020833333333 0.051546875000000006 0.2314375
0 0.33715625000000005 0.74075 0.04000000000000001 0.20124999999999998
0 0.48592968750000004 0.7945416666666667 0.085734375 0.3602916666666667
0 0.5231015625 0.7369791666666666 0.045390625000000004 0.23566666666666666
0 0.041656250000000006 0.8360520833333334 0.064125 0.32114583333333335
0 0.09062500000000001 0.7321666666666666 0.0479375 0.14825
0 0.1748984375 0.65484375 0.018859375 0.049187499999999995
0 0.07219531250000001 0.7004791666666667 0.022890625 0.12941666666666665
0 0.28750000000000003 0.7177083333333333 0.571875 0.23124999999999998
