0 0.789875 0.32731220657277 0.0844375 0.14359154929577467
0 0.1794921875 0.20112676056338027 0.047859375 0.2988732394366197
0 0.21867968750000003 0.21178403755868544 0.037765625000000004 0.23084507042253521
0 0.2638984375 0.21875586854460094 0.040921875 0.2098591549295775
0 0.4023671875 0.22853286384976526 0.026921875 0.1618075117370892
0 0.44030468749999996 0.20828638497652582 0.029546875 0.07136150234741784
0 0.281015625 0.1655985915492958 0.02096875 0.11556338028169014
0 0.42733593750000004 0.20672535211267606 0.019328125 0.0737793427230047
0 0.32548437500000005 0.21464788732394366 0.022593750000000003 0.22859154929577463
0 0.3717265625 0.20845070422535214 0.015765625000000002 0.018169014084507044
0 0.587140625 0.28248826291079815 0.07675 0.11305164319248825
0 0.30398437500000003 0.20663145539906105 0.047656250000000004 0.23988262910798122
0 0.47456250000000005 0.18890845070422538 0.02459375 0.055
