0 0.1768125 0.7223958333333333 0.09853125000000001 0.36125
0 0.694078125 0.5943333333333334 0.0331875 0.06241666666666667
0 0.9829765625000001 0.6975520833333333 0.034046875 0.1991875
0 0.887015625 0.6463125000000001 0.026718750000000003 0.121125
0 0.8583046875 0.6655104166666667 0.053234375 0.15810416666666666
0 0.8314609375 0.6556250000000001 0.035296875 0.17254166666666665
0 0.798625 0.66640625 0.050625 0.1819375
0 0.92196875 0.5906979166666667 0.00825 0.014520833333333332
0 0.06558593750000001 0.7143541666666666 0.11098437500000001 0.426
0 0.7655625 0.6498333333333334 0.02425 0.07045833333333333
0 0.9210000000000002 0.6587395833333333 0.03809375 0.1335625
0 0.9251640625 0.6223020833333333 0.046421875 0.0654375
0 0.7863828125000001 0.6580833333333334 0.009515625 0.044458333333333336
0 0.43671875000000004 0.6 0.8578125000000001 0.1125
