2 0.56361 0.5220338983050847 0.38845999999999997 0.6079661016949152
0 0.17593 0.4645974576271186 0.1789 0.410635593220339
0 0.37599 0.5748834745762711 0.11846 0.2053177966101695
0 0.89003 0.5775847457627119 0.1545 0.18385593220338983
0 0.76118 0.5789936440677966 0.09432 0.23811440677966103
0 0.53188 0.5947669491525424 0.14152 0.18800847457627118
0 0.7585300000000001 0.5363453389830508 0.02414 0.06824152542372881
0 0.9769599999999999 0.6447987288135594 0.046079999999999996 0.14845338983050846
0 0.37742000000000003 0.39167372881355933 0.046079999999999996 0.043177966101694915
2 0.89197 0.6617796610169492 0.16406 0.08504237288135594
0 0.5183200000000001 0.4204025423728814 0.18892 0.5739830508474577
