0 0.33382812500000003 0.5555971896955504 0.15331250000000002 0.49517564402810305
0 0.5225078125 0.48314988290398125 0.23539062500000002 0.44943793911007024
0 0.2764375 0.3961241217798595 0.05453125 0.18690866510538642
0 0.22592187500000002 0.4726932084309133 0.06465625000000001 0.2584074941451991
0 0.1109453125 0.4651639344262295 0.050984375000000005 0.3685480093676815
0 0.15089062500000003 0.4652224824355972 0.05521875000000001 0.284824355971897
0 0.6844296875000001 0.4772248243559719 0.022265625 0.13557377049180327
0 0.7083046875000001 0.4736768149882904 0.020046875000000002 0.11892271662763466
0 0.6206796875 0.48017564402810303 0.017515625000000003 0.07655737704918032
0 0.6081328125000001 0.4815339578454333 0.010609375 0.07754098360655738
0 0.47134375000000006 0.47514051522248246 0.02140625 0.12466042154566744
0 0.6730859375 0.4776112412177986 0.017859375 0.10388758782201404
0 0.39735156250000003 0.505632318501171 0.05226562500000001 0.23271662763466044
0 0.37421875000000004 0.4894613583138173 0.5921875 0.3044496487119438
