0 0.3950390625 0.8722500000000001 0.030890625 0.15796875
0 0.2965078125 0.9230234375 0.161984375 0.093203125
0 0.27425781250000003 0.8890156250000001 0.045890625000000004 0.054906250000000004
0 0.11612499999999999 0.9058359375 0.10028125000000002 0.127640625
0 0.33989843750000004 0.807453125 0.027703125000000002 0.13103125000000002
0 0.1523984375 0.7985078125 0.044703125 0.12617187500000002
0 0.16755468750000002 0.781296875 0.019140625 0.06153125000000001
0 0.2992578125 0.889046875 0.062453125 0.06996875000000001
0 0.523296875 0.8811796875000001 0.04596875 0.179984375
0 0.1869375 0.8006171875 0.023125000000000003 0.06298437500000001
