2 0.7372812500000001 0.47795560747663546 0.03878125 0.07544392523364485
0 0.224671875 0.5230257009345795 0.09468750000000001 0.3842757009345794
0 0.359796875 0.49484813084112145 0.029249999999999998 0.05114485981308411
0 0.4429140625000001 0.4778738317757009 0.006546875000000001 0.015514018691588784
0 0.378921875 0.48447429906542055 0.014781250000000003 0.01894859813084112
0 0.4832109375 0.49748831775700925 0.06539062500000001 0.030537383177570092
0 0.4255312500000001 0.48870327102803734 0.023375000000000003 0.05637850467289719
0 0.4489375 0.4695794392523365 0.0074687500000000006 0.015420560747663549
0 0.985546875 0.43223130841121493 0.026281250000000003 0.08441588785046729
0 0.31671875000000005 0.5175700934579439 0.05153125 0.029906542056074764
0 0.440546875 0.4868691588785046 0.03240625 0.036822429906542054
