0 0.9542109375000001 0.566443661971831 0.085453125 0.2702582159624413
0 0.373171875 0.5861854460093897 0.08228125 0.1305399061032864
0 0.45671875000000006 0.4148356807511737 0.027531250000000004 0.09741784037558686
0 0.6964609375 0.5526643192488263 0.07710937500000001 0.16448356807511735
0 0.6039453125 0.5057042253521127 0.068234375 0.11211267605633803
0 0.787 0.8037676056338028 0.12696875000000002 0.32279342723004695
0 0.211765625 0.4541901408450704 0.0420625 0.06166666666666667
0 0.44948437500000005 0.8431338028169013 0.12115625000000002 0.2853755868544601
0 0.6401953125 0.8595539906103287 0.161546875 0.24492957746478874
0 0.783375 0.6234272300469483 0.12875 0.18014084507042252
0 0.61078125 0.338849765258216 0.015593750000000002 0.04018779342723005
0 0.36362500000000003 0.7519366197183098 0.11896875000000001 0.26880281690140845
0 0.6353359375000001 0.47330985915492957 0.044984375 0.13201877934272302
0 0.38828125 0.5105633802816901 0.7734375 0.3826291079812207
