0 0.913484375 0.7387708333333334 0.09775 0.505625
0 0.17864843750000003 0.6022500000000001 0.11798437500000002 0.24270833333333333
0 0.4654921875 0.6109583333333333 0.07332812500000001 0.13254166666666667
0 0.9758749999999999 0.6454062500000001 0.048218750000000005 0.06897916666666666
0 0.5294140625 0.6414166666666666 0.098453125 0.12483333333333334
0 0.30437500000000006 0.6975 0.0815 0.11045833333333334
0 0.10590625000000001 0.62615625 0.17790625000000002 0.2431458333333333
0 0.756171875 0.6699479166666668 0.03603125 0.043895833333333335
0 0.19371875000000002 0.8386145833333333 0.06425 0.16443750000000001
0 0.8256171875 0.6796562500000001 0.086578125 0.18493749999999998
