0 0.11599999999999999 0.6694483568075118 0.0225625 0.1006338028169014
0 0.15869531250000002 0.6721948356807512 0.020953125000000003 0.09556338028169015
0 0.960046875 0.6802112676056338 0.03525 0.10502347417840377
0 0.6385390625 0.6224178403755869 0.011234375000000001 0.04596244131455399
0 0.6528750000000001 0.6257394366197183 0.0085 0.03791079812206573
0 0.8349531250000001 0.6262793427230048 0.0130625 0.033403755868544605
0 0.8488828125 0.6233568075117369 0.010609375 0.020375586854460094
0 0.650328125 0.6905164319248825 0.01746875 0.027417840375586856
0 0.6259921875000001 0.6257394366197183 0.012453125 0.041291079812206574
0 0.9048359374999999 0.684225352112676 0.020078125000000002 0.09985915492957746
0 0.281296875 0.6744718309859155 0.013281250000000001 0.040633802816901404
0 0.6374531250000001 0.6843896713615024 0.01653125 0.03422535211267606
0 0.59296875 0.715962441314554 0.7921875 0.20657276995305165
