0 0.7373984375 0.3105152224824356 0.08920312500000001 0.3328805620608899
0 0.92840625 0.24302107728337236 0.0724375 0.21714285714285714
0 0.593984375 0.3845784543325527 0.2643125 0.5917798594847775
0 0.33453125 0.19701405152224824 0.0414375 0.1529976580796253
0 0.16700781250000002 0.20412177985948476 0.05857812500000001 0.16866510538641685
0 0.94484375 0.5485011709601874 0.1103125 0.40299765807962534
0 0.4023359375 0.18056206088992977 0.014609375 0.05142857142857143
0 0.4154765625000001 0.17885245901639346 0.015390625 0.060421545667447306
0 0.2842734375 0.1827985948477752 0.014515624999999999 0.04901639344262295
0 0.072046875 0.20713114754098363 0.067875 0.32278688524590166
0 0.45269531250000006 0.1902927400468384 0.020609375 0.06381733021077284
0 0.7094140625 0.19127634660421544 0.021265625 0.06957845433255269
0 0.3683828125 0.18127634660421546 0.019078125 0.054777517564402814
0 0.35000000000000003 0.1756440281030445 0.31875000000000003 0.07494145199063232
