0 0.4359453125 0.8845729166666666 0.042328125 0.15577083333333333
0 0.34503125 0.9215625000000001 0.053500000000000006 0.08141666666666666
0 0.7001171875000001 0.7379374999999999 0.006640625000000001 0.020833333333333332
0 0.505421875 0.7358229166666667 0.005656250000000001 0.020770833333333336
0 0.5103203125000001 0.7305520833333333 0.009359375000000001 0.0356875
0 0.539296875 0.7346770833333333 0.00625 0.024979166666666667
0 0.06012500000000001 0.7356666666666667 0.01190625 0.0165
0 0.743359375 0.7334479166666666 0.00315625 0.0255625
0 0.9693984375000002 0.7475729166666667 0.007328125000000001 0.03114583333333333
0 0.8718125000000001 0.7402916666666666 0.0080625 0.026875
0 0.07707031250000002 0.7049791666666666 0.006046875 0.016791666666666667
0 0.9946875 0.7390520833333334 0.008375 0.014979166666666667
0 0.9859375 0.74846875 0.0085625 0.0311875
0 0.56484375 0.740625 0.8515625 0.09791666666666667
