0 0.2112890625 0.6137604166666667 0.24876562500000002 0.7688541666666667
0 0.30318750000000005 0.51771875 0.14675000000000002 0.46031249999999996
0 0.64321875 0.6041458333333334 0.08912500000000001 0.38341666666666663
0 0.42800000000000005 0.6246562499999999 0.13971875 0.41985416666666664
0 0.8302343750000001 0.6621666666666667 0.2415625 0.6554166666666668
0 0.7329140625 0.6409895833333333 0.141453125 0.5347708333333333
0 0.5612343750000001 0.556625 0.07753125 0.29662499999999997
0 0.4993046875 0.47578125 0.055203125 0.21360416666666668
0 0.9360546875 0.6683854166666666 0.09348437500000001 0.5422291666666667
0 0.5907890625000001 0.46015625 0.033203125 0.1206875
0 0.0644296875 0.49248958333333337 0.046015625000000004 0.18502083333333333
0 0.0656171875 0.5663541666666667 0.08517187500000001 0.36075
0 0.5313281249999999 0.47969791666666667 0.048906250000000005 0.14806249999999999
0 0.49531250000000004 0.471875 0.9906250000000001 0.41875
