0 0.634953125 0.76403981264637 0.1604375 0.44943793911007024
0 0.9402343750000001 0.38535128805620605 0.1194375 0.38147540983606554
0 0.7286484375 0.8859367681498828 0.11564062500000001 0.22812646370023418
0 0.377828125 0.5505620608899298 0.05996875000000001 0.22473067915690864
0 0.4153593750000001 0.38416861826697896 0.050687499999999996 0.08950819672131147
0 0.0860625 0.4404215456674473 0.03503125000000001 0.05250585480093677
0 0.06151562500000001 0.4460655737704918 0.0240625 0.06599531615925058
0 0.6378046875000001 0.45 0.023953125000000002 0.06004683840749415
0 0.43650781250000004 0.3749882903981265 0.036359375 0.0906791569086651
0 0.16171875000000002 0.44499999999999995 0.0230625 0.05360655737704918
0 0.5563203124999999 0.480351288056206 0.015296875 0.06501170960187354
