0 0.07538281250000001 0.3412132352941177 0.087578125 0.3153186274509804
0 0.21550000000000002 0.3141544117647058 0.0765625 0.21497549019607842
0 0.5257578125000001 0.5797671568627452 0.203421875 0.4943872549019608
0 0.17284375000000002 0.447953431372549 0.0496875 0.24958333333333332
0 0.132875 0.6870588235294117 0.25803125 0.3780392156862745
0 0.29442968750000004 0.5250490196078431 0.074671875 0.2668627450980392
0 0.3014296875 0.3950735294117647 0.088359375 0.21372549019607845
0 0.2943515625 0.278406862745098 0.06398437500000001 0.16034313725490196
0 0.35353906250000006 0.3483578431372549 0.053984375 0.15745098039215685
0 0.3484765625 0.2728186274509804 0.050640624999999995 0.11215686274509803
0 0.21023437500000003 0.5073651960784313 0.10625000000000001 0.2794362745098039
0 0.393234375 0.5140073529411765 0.11796875000000001 0.2775735294117647
0 0.8401640625000001 0.3952941176470588 0.08035937500000001 0.2035294117647059
0 0.46875 0.39705882352941174 0.753125 0.4019607843137255
