0 0.53365625 0.5854643628509719 0.29846875 0.8026781857451404
0 0.4959296875 0.26723542116630666 0.166109375 0.2962419006479482
0 0.350078125 0.37268898488120955 0.1306875 0.2434341252699784
0 0.19949218750000003 0.2875269978401728 0.042703125 0.0820950323974082
0 0.0507734375 0.29197624190064797 0.06414062499999999 0.13427645788336934
0 0.40319531250000007 0.2838552915766739 0.029578125 0.07367170626349892
0 0.030539062500000005 0.2762419006479482 0.06107812500000001 0.07473002159827215
0 0.3026796875 0.27686825053995684 0.072546875 0.1038012958963283
0 0.17654687500000002 0.3614038876889849 0.11878125 0.2630669546436285
0 0.07127343750000001 0.6329049676025917 0.14254687500000002 0.5641684665226782
0 0.0395625 0.3272246220302376 0.079125 0.15090712742980564
