0 0.596056338028169 0.3169453125 0.4119718309859155 0.301515625
0 0.17055164319248828 0.37533593750000005 0.34110328638497656 0.16923437500000002
0 0.23366197183098592 0.3333828125 0.1444600938967136 0.16714062500000001
0 0.8264671361502347 0.29644531250000006 0.17166666666666666 0.14107812500000003
0 0.9210093896713615 0.3044375 0.07309859154929578 0.05515625
0 0.9593779342723004 0.2959765625 0.058802816901408456 0.049828125
0 0.26773474178403756 0.2862265625 0.06194835680751174 0.052796875
0 0.9284389671361503 0.47638281250000003 0.14312206572769953 0.333078125
0 0.039835680751173705 0.2731796875 0.07967136150234741 0.058234375000000005
0 0.3317723004694836 0.300984375 0.05833333333333334 0.05862500000000001
0 0.47870892018779343 0.272265625 0.12619718309859154 0.07859375
