0 0.5781030444964871 0.7456484375000001 0.43709601873536297 0.508703125
0 0.8110772833723654 0.60421875 0.030023419203747074 0.048875
0 0.9265339578454332 0.6099609375 0.043466042154566745 0.071046875
0 0.6326229508196721 0.596734375 0.03395784543325527 0.03259375
0 0.4869555035128806 0.6004687500000001 0.017892271662763467 0.04778125
0 0.8429508196721311 0.6440078125 0.056159250585480096 0.13198437500000001
0 0.4164285714285714 0.5956484375000001 0.027142857142857142 0.04585937500000001
0 0.21549180327868853 0.61490625 0.030140515222482435 0.07290624999999999
0 0.14667447306791567 0.6130546875 0.03957845433255269 0.07982812500000001
0 0.016405152224824356 0.6707187500000001 0.031124121779859484 0.07159375
0 0.24292740046838404 0.6098984375000001 0.043278688524590166 0.085953125
0 0.6752810304449648 0.615546875 0.05805620608899297 0.060125
0 0.5327868852459017 0.6953125 0.9297423887587822 0.44375000000000003
