0 0.8795859374999999 0.41038541666666667 0.015640625000000002 0.04422916666666667
0 0.9545937500000001 0.43091666666666667 0.06003125000000001 0.10270833333333333
0 0.6470703125 0.621 0.256078125 0.3627916666666666
0 0.40632031250000006 0.7658020833333334 0.169296875 0.44468749999999996
0 0.9494843750000002 0.5668124999999999 0.08812500000000001 0.16754166666666667
0 0.7432968750000001 0.4404583333333333 0.0378125 0.04770833333333333
0 0.8967890625000001 0.41128125000000004 0.024515625 0.04827083333333334
0 0.8935078124999999 0.38282291666666673 0.027078124999999998 0.03939583333333333
0 0.9744375000000001 0.7798333333333333 0.051125000000000004 0.3335
0 0.942046875 0.3707083333333333 0.0136875 0.023125
0 0.7082578125000001 0.6986979166666667 0.309734375 0.4160625
