0 0.7867343750000001 0.8006666666666666 0.040156250000000004 0.04620833333333333
0 0.7188984375 0.7803749999999999 0.029734375000000004 0.0785
0 0.36710937500000007 0.7029270833333333 0.012375 0.034395833333333334
0 0.7663046875 0.7765833333333333 0.019734375000000002 0.08333333333333333
0 0.3165625 0.6862291666666667 0.0059375 0.019625
0 0.8830546875 0.7779791666666667 0.016859375 0.030625
0 0.6177031250000001 0.6886249999999999 0.009875000000000002 0.016791666666666667
0 0.6061875000000001 0.6902812500000001 0.00659375 0.015020833333333332
0 0.299515625 0.68884375 0.0076875 0.020645833333333332
0 0.25060937499999997 0.7082395833333334 0.01146875 0.02802083333333333
0 0.5828046875 0.6730729166666667 0.008890625000000001 0.0155625
0 0.44315625000000003 0.7361770833333332 0.013781250000000002 0.033979166666666664
0 0.21921875000000002 0.7398645833333333 0.013281250000000001 0.0464375
0 0.6109375 0.721875 0.61875 0.16875
