0 0.582296875 0.7640520833333333 0.30168750000000005 0.2831458333333333
0 0.588203125 0.44381249999999994 0.12471874999999999 0.39775
0 0.47962499999999997 0.3905416666666666 0.07500000000000001 0.18925
0 0.521515625 0.5691770833333333 0.1768125 0.20472916666666666
0 0.8033984375 0.6 0.096203125 0.3604583333333333
0 0.90615625 0.5733541666666667 0.16340625 0.27541666666666664
0 0.30964843750000004 0.50065625 0.093140625 0.11364583333333332
0 0.4099609375 0.4804270833333333 0.06942187500000001 0.10589583333333333
0 0.365875 0.5845208333333333 0.16181250000000003 0.1815
0 0.32949218750000003 0.4415833333333333 0.036828125 0.041374999999999995
0 0.5689843750000001 0.9082395833333334 0.24215625 0.18352083333333333
0 0.26960156250000006 0.8176562500000001 0.225109375 0.3646875
0 0.9146093750000001 0.89671875 0.16946875 0.2065625
0 0.5 0.571875 0.9968750000000001 0.38125
