0 0.5171484375000001 0.5290814196242171 0.38626562500000006 0.8335699373695197
0 0.48832031249999996 0.2139561586638831 0.029140625 0.0530062630480167
0 0.4606484375 0.2137160751565762 0.042359375000000005 0.08100208768267222
0 0.32234375000000004 0.22626304801670144 0.039218750000000004 0.17089770354906053
0 0.242671875 0.20038622129436323 0.04415625000000001 0.0961795407098121
0 0.12519531250000002 0.3031941544885178 0.090296875 0.29832985386221295
0 0.0735234375 0.30636743215031315 0.053296875 0.2689352818371607
0 0.199359375 0.3017536534446764 0.06390625 0.2787473903966597
0 0.2257109375 0.21165970772442588 0.039203125000000005 0.10640918580375781
0 0.022656250000000003 0.2724217118997912 0.045312500000000006 0.19056367432150312
0 0.4690937500000001 0.1712734864300626 0.02140625 0.019791231732776617
