0 0.32489062500000004 0.61288056206089 0.30690625 0.5545667447306791
0 0.06178125 0.41257611241217795 0.09040625000000001 0.2671662763466042
0 0.23432031250000002 0.3524121779859484 0.10248437500000002 0.3465573770491803
0 0.19941406250000002 0.3808899297423887 0.098953125 0.30337236533957845
0 0.1780078125 0.06362997658079625 0.080828125 0.1259016393442623
0 0.38855468750000005 0.18771662763466043 0.06314062499999999 0.144192037470726
0 0.4077265625 0.22765807962529275 0.046265625000000005 0.18749414519906324
0 0.442125 0.3179391100702576 0.09515625 0.2796252927400468
0 0.26818749999999997 0.3186885245901639 0.10140625000000002 0.3858548009367681
0 0.6785859375 0.05362997658079626 0.081296875 0.10435597189695552
0 0.09881250000000001 0.39476580796252925 0.08750000000000001 0.278384074941452
0 0.1305703125 0.3740866510538642 0.073546875 0.31098360655737706
0 0.325890625 0.31549180327868853 0.09653125000000001 0.4202576112412178
0 0.49921875000000004 0.4918032786885246 0.9984375000000001 0.9836065573770492
