0 0.04565899581589958 0.5218437499999999 0.09064853556485354 0.13034375
0 0.14779288702928872 0.49734375000000003 0.16156903765690375 0.22200000000000003
0 0.1723430962343096 0.49889062500000003 0.07251046025104602 0.10428124999999999
0 0.2007635983263598 0.4988671875 0.07428870292887028 0.104546875
0 0.6459623430962342 0.637328125 0.5300836820083682 0.35034375
0 0.30618200836820086 0.45281250000000006 0.03776150627615062 0.0845625
0 0.3564330543933054 0.46141406250000006 0.0660460251046025 0.106609375
0 0.6782845188284518 0.45067187500000006 0.046820083682008365 0.1009375
0 0.5105439330543933 0.4758984375 0.06271966527196653 0.15551562500000002
0 0.6106380753138074 0.45652343749999996 0.04901673640167364 0.090703125
0 0.4337029288702929 0.47773437500000004 0.07690376569037656 0.14778125
0 0.06378661087866108 0.4870546875000001 0.03368200836820084 0.080828125
0 0.7217468619246862 0.44342968750000006 0.03102510460251046 0.064046875
0 0.5345188284518828 0.48828125 0.7845188284518828 0.17343750000000002
