0 0.5416015625 0.6072604166666666 0.094421875 0.18552083333333333
0 0.4271796875 0.6529479166666667 0.102953125 0.12368749999999999
0 0.3508984375 0.6313124999999999 0.087703125 0.16408333333333333
0 0.3135625 0.3526979166666666 0.028812500000000005 0.0411875
0 0.28250000000000003 0.37903125 0.02409375 0.050895833333333335
0 0.2699609375 0.336875 0.015609375000000002 0.03129166666666666
0 0.3590703125 0.29876041666666664 0.029921875 0.041895833333333334
0 0.51540625 0.3890416666666667 0.018843750000000003 0.034499999999999996
0 0.5553125000000001 0.3174895833333333 0.021625000000000002 0.0401875
0 0.3252734375 0.5232708333333334 0.040265625 0.057583333333333334
0 0.628890625 0.9348020833333334 0.24100000000000002 0.13039583333333335
0 0.7351562500000001 0.36964583333333334 0.0235 0.03279166666666666
0 0.29071875 0.21370833333333336 0.03259375 0.03291666666666667
0 0.49921875000000004 0.5010416666666666 0.9984375000000001 0.99375
