2 0.567421875 0.7737395833333333 0.24090625000000002 0.4282708333333333
2 0.48091406249999996 0.6972916666666668 0.076578125 0.15899999999999997
2 0.4051953125 0.6794999999999999 0.062265625000000005 0.1701666666666667
2 0.3195234375 0.6689270833333333 0.073484375 0.07718749999999999
2 0.2745234375 0.8059479166666665 0.169046875 0.23160416666666667
2 0.09919531250000001 0.8698958333333333 0.08870312500000001 0.2602083333333333
2 0.21067187500000004 0.7438125000000001 0.12809375 0.20224999999999999
0 0.21725781249999998 0.55521875 0.080703125 0.3051875
2 0.32450781250000005 0.9599479166666667 0.147328125 0.08010416666666667
2 0.7093125 0.9271041666666666 0.16765625 0.14579166666666668
2 0.0289375 0.9795104166666666 0.057875 0.04097916666666667
