0 0.2569453125 0.682417943107221 0.326453125 0.6351641137855579
0 0.3316171875 0.7985667396061269 0.034734375000000005 0.06431072210065646
0 0.45292187500000003 0.8357002188183806 0.09825 0.16916849015317287
0 0.5472578125 0.8817614879649891 0.141859375 0.23573304157549235
0 0.6778750000000001 0.8659846827133478 0.168875 0.25450765864332603
0 0.47632031250000006 0.9311269146608315 0.10204687500000001 0.13774617067833697
0 0.9272734374999999 0.9026148796498906 0.14545312500000002 0.1947702407002188
0 0.44553125 0.9431400437636761 0.05953125000000001 0.11371991247264769
0 0.055796875 0.8265864332603938 0.1086875 0.34682713347921224
0 0.8800625000000001 0.8701312910284464 0.22812500000000002 0.22857768052516408
0 0.8608515625000002 0.7409846827133478 0.244640625 0.5180306345733041
