0 0.5669687499999999 0.44750585480093674 0.13365625 0.535152224824356
0 0.0786171875 0.2706791569086651 0.041296875000000004 0.2035128805620609
0 0.12367968750000001 0.28024590163934426 0.040234375 0.19711943793911008
0 0.042359375000000005 0.25902810304449647 0.045187500000000005 0.14498829039812647
0 0.05658593750000001 0.17845433255269322 0.016296875 0.051381733021077285
0 0.8613125 0.2363934426229508 0.026250000000000002 0.04838407494145199
0 0.913515625 0.25909836065573766 0.0308125 0.09398126463700235
0 0.8866484375000001 0.24040983606557378 0.020734375 0.06957845433255269
0 0.9595546875000001 0.22407494145199064 0.022328125 0.035550351288056205
0 0.9293984375000002 0.23741217798594846 0.018984375 0.06850117096018736
0 0.8992734375 0.22159250585480095 0.011328125000000001 0.017330210772833723
0 0.8721328125000002 0.23826697892271662 0.015453125000000002 0.049320843091334894
