0 0.566203125 0.4120208333333333 0.044125 0.18704166666666666
0 0.6711328125 0.3777916666666667 0.049859375000000004 0.19554166666666667
0 0.814078125 0.49173958333333334 0.040031250000000004 0.11185416666666666
0 0.48970312499999996 0.42 0.16412500000000002 0.26587500000000003
0 0.903359375 0.40429166666666666 0.09846875000000001 0.33679166666666666
0 0.728140625 0.4899166666666667 0.1244375 0.47758333333333336
0 0.6156250000000001 0.41723958333333333 0.064375 0.20714583333333333
0 0.161234375 0.4888125 0.039218750000000004 0.15875
0 0.1176328125 0.50328125 0.031546875 0.1571875
0 0.15444531250000001 0.4030729166666667 0.063453125 0.15852083333333333
0 0.089234375 0.43284374999999997 0.03809375 0.20497916666666666
0 0.3074296875 0.46790624999999997 0.054234375 0.07060416666666666
0 0.21285937500000005 0.46751041666666665 0.046000000000000006 0.18097916666666666
0 0.43984375000000003 0.44895833333333335 0.8796875000000001 0.35625
