0 0.4331171875 0.4485208333333333 0.15751562500000002 0.6132916666666667
0 0.20439062500000002 0.40990624999999997 0.09121875000000002 0.5112708333333333
0 0.8915703125000001 0.5955104166666667 0.205609375 0.7820208333333334
0 0.848078125 0.24076041666666667 0.10343750000000002 0.2543125
0 0.038164062500000005 0.23913541666666666 0.073484375 0.09085416666666667
0 0.448921875 0.21312499999999998 0.03225 0.10091666666666665
0 0.970125 0.21280208333333336 0.059750000000000004 0.19872916666666668
0 0.9048671875000001 0.24161458333333333 0.103203125 0.2229375
0 0.781328125 0.20252083333333332 0.09096875 0.13204166666666667
0 0.7561328125000001 0.1631041666666667 0.042328125 0.07358333333333333
0 0.5961562499999999 0.30414583333333334 0.08950000000000001 0.139875
0 0.529578125 0.28330208333333334 0.06165625 0.14077083333333332
0 0.022851562500000002 0.20655208333333336 0.033578125 0.0660625
0 0.5 0.18229166666666666 0.9968750000000001 0.3645833333333333
