0 0.08724418604651163 0.331078125 0.17448837209302326 0.38659375
0 0.3545348837209302 0.1146015625 0.24748837209302327 0.18876562500000002
0 0.5916511627906977 0.13446093750000002 0.17972093023255814 0.160640625
0 0.8766046511627906 0.3119375 0.23800000000000002 0.612625
0 0.4802674418604651 0.12647656250000003 0.03769767441860465 0.039984375
0 0.5388720930232558 0.14181249999999998 0.0343953488372093 0.04553125
0 0.060383720930232566 0.13371093750000002 0.03741860465116279 0.052296875
0 0.9062325581395348 0.9360234375000002 0.18753488372093022 0.127953125
0 0.22229069767441859 0.8467578125000002 0.4368604651162791 0.280515625
0 0.14245348837209304 0.1378828125 0.21351162790697675 0.167828125
