0 0.14681249999999998 0.8910078125 0.16179166666666667 0.217984375
0 0.2931354166666667 0.8661406250000001 0.13252083333333334 0.26771875
0 0.41432291666666665 0.8857187500000001 0.1408125 0.22781250000000003
0 0.6095104166666666 0.8737499999999999 0.21535416666666668 0.2525
0 0.7360833333333334 0.8845078125000001 0.0965 0.23098437500000002
0 0.6732812499999999 0.820171875 0.06522916666666666 0.1019375
0 0.6972916666666666 0.7785937500000001 0.035 0.048406250000000005
0 0.7925104166666668 0.8786562500000001 0.06293750000000001 0.22921875
0 0.8337708333333332 0.81659375 0.063 0.138375
0 0.9342291666666667 0.878078125 0.13154166666666667 0.24275000000000002
0 0.7520208333333334 0.787875 0.04191666666666667 0.062
0 0.8066354166666666 0.7583359375000001 0.024687499999999998 0.021296875000000003
0 0.7806979166666667 0.7577421875 0.034937499999999996 0.028484375000000003
0 0.50625 0.45546875000000003 0.9833333333333333 0.8890625000000001
