0 0.4610234375 0.36159388646288204 0.358796875 0.6966812227074235
0 0.22259374999999998 0.11732532751091702 0.06406250000000001 0.10840611353711789
0 0.159140625 0.3702947598253275 0.08496875000000001 0.15237991266375547
0 0.34554687500000003 0.38860262008733626 0.049968750000000006 0.1262882096069869
0 0.09253125000000001 0.3639082969432314 0.05828125 0.14698689956331876
0 0.172609375 0.12629912663755458 0.09053125000000001 0.14783842794759824
0 0.9211328125 0.13401746724890828 0.062859375 0.117117903930131
0 0.7665312500000001 0.07618995633187772 0.05521875000000001 0.09858078602620086
0 0.09893750000000001 0.16196506550218343 0.06609374999999999 0.1148471615720524
0 0.062226562500000006 0.1379366812227074 0.046921875 0.08430131004366812
0 0.82309375 0.17929039301310043 0.062625 0.08609170305676855
0 0.43104687500000005 0.15145196506550215 0.04590625 0.08652838427947598
0 0.16682031249999998 0.17791484716157205 0.050515625 0.09626637554585153
0 0.49921875000000004 0.16921397379912662 0.9984375000000001 0.33842794759825323
