0 0.40817968750000005 0.5044769230769232 0.17648437500000003 0.9416923076923077
0 0.1888671875 0.5731384615384615 0.12535937500000002 0.745476923076923
0 0.7482500000000001 0.5067692307692307 0.17075 0.8373538461538461
0 0.863515625 0.33221538461538463 0.08006250000000001 0.40541538461538457
0 0.285015625 0.2767846153846154 0.0199375 0.1284
0 0.320890625 0.2819076923076923 0.02796875 0.14227692307692308
0 0.17051562500000003 0.2347076923076923 0.019375000000000003 0.08473846153846154
0 0.15459375000000003 0.23413846153846155 0.020000000000000004 0.08969230769230768
0 0.5375468750000001 0.15429230769230767 0.025156250000000005 0.14864615384615384
0 0.27303125 0.2723076923076923 0.0200625 0.14172307692307692
