0 0.13410179640718567 0.17554 0.1073053892215569 0.12724
0 0.9147155688622755 0.8256899999999999 0.07937125748502995 0.11202
0 0.5576946107784431 0.83204 0.08167664670658684 0.0986
0 0.5046257485029941 0.4557 0.14248502994011977 0.14704
0 0.3050748502994012 0.49859000000000003 0.0782934131736527 0.08374
0 0.39535928143712573 0.5020399999999999 0.032814371257485035 0.0604
0 0.18576347305389224 0.47395 0.13422155688622756 0.10214000000000001
0 0.20058383233532937 0.83714 0.08727544910179641 0.10224
0 0.870808383233533 0.48311000000000004 0.15934131736526946 0.13198
0 0.7290868263473055 0.83216 0.0357185628742515 0.06172
0 0.7247754491017964 0.17203000000000002 0.03092814371257485 0.05898
0 0.47476047904191615 0.15051 0.11341317365269463 0.1709
0 0.9325149700598804 0.17284 0.08634730538922156 0.08508
0 0.46556886227544914 0.48 0.8892215568862276 0.784
