0 0.19415625000000003 0.6622365339578454 0.250375 0.6471896955503513
0 0.829109375 0.4741569086651054 0.284875 0.5348243559718969
0 0.33070312500000004 0.47230679156908667 0.15878125 0.33782201405152223
0 0.257375 0.46024590163934426 0.11993750000000002 0.36180327868852463
0 0.6031328125000001 0.5433723653395784 0.12479687500000002 0.2987822014051522
0 0.53596875 0.5335831381733022 0.09325 0.25414519906323185
0 0.7083125 0.501416861826698 0.09693750000000001 0.36175644028103043
0 0.0962265625 0.6193325526932084 0.10529687500000001 0.6096721311475409
0 0.4856328125 0.44255269320843094 0.208703125 0.4002810304449648
0 0.1507578125 0.44596018735363 0.030140625 0.10414519906323184
0 0.40021875 0.3774473067915691 0.09528125 0.328056206088993
