0 0.6667734375000001 0.6986185567010309 0.032765625 0.20123711340206185
0 0.7404843750000001 0.6854639175257732 0.0571875 0.24767010309278353
0 0.850625 0.7550618556701032 0.07321875 0.28315463917525774
0 0.7908671875 0.6816185567010309 0.057296875000000004 0.2609278350515464
0 0.8929765625 0.7485463917525772 0.052703124999999997 0.28129896907216495
0 0.6781171875 0.5918350515463918 0.038609375 0.08041237113402062
0 0.57340625 0.6819484536082474 0.04590625 0.1945360824742268
0 0.5265546875 0.6671030927835052 0.057984375000000005 0.21061855670103094
0 0.4731484375 0.6718762886597939 0.059296875000000006 0.23769072164948454
0 0.7880078125000001 0.4638969072164948 0.045296875 0.1394639175257732
0 0.18115625000000002 0.5604329896907216 0.0454375 0.08230927835051546
0 0.7181171875 0.4644226804123711 0.028328125 0.12414432989690723
0 0.61659375 0.6931855670103093 0.08215625 0.25622680412371135
