0 0.8313671875000002 0.632576112412178 0.10345312499999999 0.4921311475409836
0 0.5342421875000001 0.4048126463700234 0.015765625000000002 0.02667447306791569
0 0.4786015625 0.4075409836065574 0.016546875 0.027915690866510537
0 0.4180078125000001 0.4115105386416862 0.017921875 0.026018735362997657
0 0.37942968750000006 0.4027049180327869 0.018765625 0.03674473067915691
0 0.43715624999999997 0.40833723653395787 0.013281250000000001 0.032177985948477754
0 0.5151484375000001 0.40228337236533956 0.024859375000000003 0.03515222482435597
0 0.5518437500000001 0.4046018735362998 0.009156250000000001 0.028969555035128804
0 0.5236953125 0.40606557377049185 0.017453125 0.030679156908665104
0 0.42783593750000004 0.4084074941451991 0.012734375000000001 0.029648711943793912
0 0.47278906249999997 0.40079625292740045 0.011703125000000002 0.02187353629976581
