0 0.8667499999999999 0.49097477064220185 0.030218750000000003 0.12222477064220184
0 0.261625 0.5179243119266055 0.09296875 0.2071330275229358
0 0.40707812499999996 0.46532110091743123 0.048625 0.12536697247706421
0 0.7319609375000001 0.4800344036697248 0.039765625 0.14823394495412845
0 0.49705468750000004 0.5121215596330276 0.089296875 0.21323394495412845
0 0.09485156250000001 0.47625 0.032390625 0.10983944954128441
0 0.51875 0.4840711009174312 0.025093749999999998 0.08373853211009175
0 0.13482812500000002 0.4776949541284403 0.036125000000000004 0.10153669724770643
0 0.5578906250000001 0.503038990825688 0.03 0.10970183486238533
0 0.156734375 0.4938188073394495 0.036125000000000004 0.07071100917431193
0 0.33736718750000005 0.5480389908256881 0.10785937500000001 0.16268348623853213
0 0.7368203125 0.4891284403669725 0.027703125000000002 0.1448623853211009
0 0.5375703125000001 0.5017316513761468 0.030203124999999997 0.1114908256880734
0 0.21328125 0.4357798165137615 0.38593750000000004 0.12844036697247707
