0 0.40909375000000003 0.5325821596244131 0.34253125 0.6516901408450705
0 0.5489843750000001 0.08995305164319249 0.040375 0.09126760563380283
0 0.799203125 0.35975352112676057 0.05521875000000001 0.14124413145539907
0 0.18323437500000003 0.1202230046948357 0.055343750000000004 0.09213615023474178
0 0.23836718749999997 0.3975234741784038 0.065953125 0.1306338028169014
0 0.6708750000000001 0.1643192488262911 0.0429375 0.09690140845070423
0 0.6788046875 0.08917840375586854 0.028953125000000003 0.06624413145539906
0 0.8158359375 0.19285211267605634 0.062546875 0.11091549295774648
0 0.5940000000000001 0.3861971830985916 0.06365625000000001 0.107981220657277
0 0.125953125 0.6899413145539905 0.25190625 0.43631455399061037
0 0.7261093750000001 0.16416666666666668 0.047406250000000004 0.09410798122065729
0 0.9251953125000001 0.10571596244131455 0.028984375000000003 0.07349765258215962
0 0.8461562499999999 0.1771361502347418 0.047343750000000004 0.07765258215962441
