0 0.4064255319148936 0.25918 0.11974468085106384 0.17948
0 0.6707340425531915 0.53962 0.10640425531914893 0.33816
0 0.9281702127659575 0.24029999999999999 0.08004255319148935 0.08652
0 0.11259574468085107 0.45084 0.05242553191489362 0.17756
0 0.22272340425531914 0.40763 0.03225531914893617 0.10466
0 0.7849255319148937 0.48640000000000005 0.10014893617021277 0.25648000000000004
0 0.7269255319148937 0.38273 0.02951063829787234 0.04582
0 0.07530851063829787 0.44951 0.03904255319148937 0.13842
0 0.3576808510638298 0.48172 0.07987234042553192 0.24028
0 0.9632553191489361 0.4569 0.057234042553191485 0.17216
0 0.16702127659574467 0.44706 0.06387234042553191 0.12816
0 0.0284468085106383 0.37974 0.029361702127659577 0.04176
0 0.2109468085106383 0.44055 0.0544468085106383 0.12913999999999998
0 0.498936170212766 0.538 0.997872340425532 0.428
