0 0.5625 0.6479791666666666 0.24384375000000003 0.677125
0 0.43629687500000003 0.4965 0.04781250000000001 0.18391666666666667
0 0.4668828125 0.4611458333333333 0.033828125 0.13075
0 0.34465625000000005 0.40581249999999996 0.02528125 0.06229166666666666
0 0.2651953125 0.39648958333333334 0.011171875000000001 0.057479166666666665
0 0.0874296875 0.4071770833333333 0.035609375 0.10427083333333333
0 0.12464062500000002 0.41565624999999995 0.035437500000000004 0.1128125
0 0.8388671875 0.65840625 0.168015625 0.45339583333333333
0 0.25434375000000004 0.42481250000000004 0.02734375 0.1045
0 0.44940625 0.41378125 0.01159375 0.025520833333333333
0 0.22624999999999998 0.39553125 0.011437500000000001 0.033854166666666664
0 0.280515625 0.41994791666666664 0.023906250000000004 0.07422916666666667
0 0.147421875 0.3924479166666667 0.012968750000000001 0.07902083333333333
0 0.5 0.41770833333333335 0.9968750000000001 0.17291666666666666
