0 0.32240625 0.5073333333333333 0.02359375 0.04070833333333333
0 0.3676796875 0.51625 0.025515625 0.028291666666666666
0 0.6634531250000001 0.51459375 0.039593750000000004 0.09281249999999999
0 0.2568515625 0.49026041666666664 0.024171875000000002 0.05652083333333333
0 0.4466328125 0.32188541666666665 0.043953125 0.0598125
0 0.397640625 0.3235520833333333 0.039218750000000004 0.05552083333333333
0 0.6566328125 0.3211145833333333 0.034296875 0.051062500000000004
0 0.36385156250000006 0.32590625 0.028078125 0.0513125
0 0.2928984375 0.3369583333333333 0.014765625 0.027125
0 0.23689062500000002 0.3332395833333333 0.0291875 0.04039583333333333
0 0.7488281250000001 0.3378645833333333 0.019750000000000004 0.021270833333333336
0 0.7421484375 0.5178958333333333 0.039359375 0.07291666666666667
