0 0.62781 0.7550533333333332 0.1163 0.46290666666666663
0 0.47396 0.8914266666666666 0.18104 0.21714666666666668
0 0.18961000000000003 0.8030533333333333 0.2167 0.37021333333333334
0 0.27642999999999995 0.53192 0.039299999999999995 0.12549333333333335
0 0.32716 0.5086133333333334 0.02032 0.07162666666666666
0 0.36966999999999994 0.49882666666666664 0.014060000000000001 0.053226666666666665
0 0.50951 0.48578666666666664 0.00942 0.037706666666666666
0 0.94164 0.5875466666666666 0.07536 0.1992533333333333
0 0.00653 0.4973333333333333 0.01306 0.05434666666666666
0 0.66673 0.5108666666666666 0.024059999999999998 0.06706666666666666
