0 0.8647343750000002 0.7957629107981221 0.04246875 0.17157276995305165
0 0.28975 0.745669014084507 0.01384375 0.02302816901408451
0 0.773578125 0.8153286384976526 0.03384375 0.0831455399061033
0 0.5472187500000001 0.8069366197183099 0.02865625 0.06105633802816902
0 0.6851484375000001 0.8669014084507042 0.057546875 0.22046948356807514
0 0.5560625 0.8595305164319248 0.07884375 0.07896713615023475
0 0.48016406250000004 0.85018779342723 0.040984375 0.09201877934272301
0 0.4625390625 0.8060328638497652 0.032796874999999996 0.06840375586854461
0 0.10189843750000001 0.8848004694835682 0.068484375 0.23039906103286387
0 0.552078125 0.7313849765258216 0.021843750000000002 0.06563380281690141
0 0.275484375 0.7986737089201879 0.03325 0.1700704225352113
0 0.3343359375 0.839718309859155 0.048078125 0.18835680751173708
0 0.5021328125000001 0.792793427230047 0.045421875 0.1615962441314554
0 0.22265625 0.7265258215962441 0.09843750000000001 0.09154929577464789
