0 0.75365625 0.7696612149532709 0.329125 0.43820093457943926
0 0.275765625 0.590642523364486 0.15478125 0.3910046728971962
0 0.36255468750000003 0.49667056074766347 0.113390625 0.3432009345794392
0 0.44822656250000004 0.39328271028037376 0.079796875 0.2769859813084112
0 0.5506015625 0.30585280373831775 0.060515624999999997 0.10535046728971963
0 0.6804531250000001 0.41689252336448596 0.1471875 0.2631308411214953
0 0.8220546875000001 0.5681308411214953 0.153671875 0.44920560747663546
0 0.1428515625 0.7294275700934578 0.285703125 0.5411448598130841
0 0.5156328125 0.35827102803738314 0.095796875 0.20462616822429905
0 0.1482578125 0.279018691588785 0.07051562500000001 0.19439252336448598
0 0.68359375 0.2760981308411215 0.027625 0.04518691588785046
0 0.6845937500000001 0.3272429906542056 0.036437500000000005 0.08345794392523363
0 0.7569921875000001 0.5022780373831776 0.167703125 0.3853971962616822
0 0.50234375 0.32242990654205606 0.9921875 0.2102803738317757
