0 0.38053125 0.7763483146067417 0.00940625 0.0170561797752809
0 0.36748437500000003 0.7747865168539326 0.008125 0.017168539325842697
0 0.648765625 0.7508988764044944 0.00790625 0.017258426966292137
0 0.63278125 0.7519213483146069 0.00946875 0.022898876404494384
0 0.394359375 0.8662134831460676 0.013093750000000001 0.026269662921348316
0 0.38853125 0.8801460674157303 0.01475 0.024516853932584272
0 0.376015625 0.7857191011235956 0.010843750000000001 0.011842696629213483
0 0.39939843750000004 0.6947528089887641 0.006734375 0.009415730337078654
0 0.6416015625 0.7468876404494383 0.005859375 0.01404494382022472
0 0.36409375000000005 0.8460112359550562 0.0103125 0.022269662921348316
0 0.4012890625 0.8831011235955057 0.007515625 0.020269662921348314
0 0.38558593750000003 0.6945168539325843 0.006203125 0.011011235955056181
0 0.624328125 0.748685393258427 0.005656250000000001 0.011573033707865171
0 0.6234375000000001 0.6921348314606742 0.05 0.02696629213483146
