0 0.30271 0.5440569395017794 0.06966 0.17437722419928825
0 0.8203499999999999 0.7354270462633452 0.01286 0.030284697508896796
0 0.8735900000000001 0.7304448398576512 0.005900000000000001 0.0200355871886121
0 0.90064 0.7417437722419927 0.0044800000000000005 0.02697508896797153
0 0.62248 0.7195729537366549 0.00632 0.020142348754448397
0 0.58221 0.6957829181494662 0.0107 0.04153024911032028
0 0.14920000000000003 0.6382562277580072 0.007240000000000001 0.027473309608540924
0 0.64421 0.7097686832740213 0.00558 0.032064056939501775
0 0.6082799999999999 0.7039501779359431 0.00432 0.023701067615658364
0 0.1783 0.6412633451957295 0.00384 0.016548042704626335
0 0.6760900000000001 0.7017081850533807 0.00514 0.01295373665480427
0 0.86789 0.717900355871886 0.005019999999999999 0.01487544483985765
0 0.49 0.5800711743772242 0.852 0.31316725978647686
