0 0.5899765625 0.48693181818181813 0.421234375 0.8889015151515152
0 0.7567109375000001 0.4767329545454546 0.140265625 0.5413825757575759
0 0.8241093749999999 0.16807765151515153 0.04775 0.12089015151515152
0 0.3077421875 0.16359848484848485 0.053234375 0.13939393939393938
0 0.22468750000000004 0.2031155303030303 0.0685 0.08301136363636363
0 0.33703125 0.21425189393939395 0.07590625000000001 0.06736742424242424
0 0.39496875000000004 0.2093465909090909 0.054375 0.09354166666666668
0 0.7348671875 0.19915719696969697 0.067765625 0.09767045454545455
0 0.8569609375000001 0.2153409090909091 0.075734375 0.0825
0 0.64628125 0.07025568181818181 0.07046875000000001 0.1365340909090909
0 0.15204687500000003 0.10672348484848485 0.06015625 0.06242424242424243
0 0.9711562500000002 0.2143371212121212 0.0576875 0.09727272727272727
0 0.8875859374999999 0.19272727272727272 0.052921875 0.12306818181818183
0 0.5046875000000001 0.1278409090909091 0.9875 0.2556818181818182
