0 0.35790625000000004 0.05488290398126464 0.024625 0.09941451990632319
0 0.40439843750000004 0.0538056206088993 0.016578125 0.09238875878220142
0 0.3875078125 0.06967213114754098 0.022484375 0.07114754098360655
0 0.09107812500000001 0.03847775175644028 0.0125 0.05981264637002342
0 0.07865625 0.030398126463700235 0.01028125 0.052037470725995315
0 0.045453125000000004 0.033981264637002344 0.0155 0.04454332552693208
0 0.0320078125 0.02745901639344262 0.011234375000000001 0.04817330210772834
0 0.9346640625000001 0.06359484777517564 0.033484375000000004 0.12718969555035128
0 0.3746328125 0.06263466042154567 0.014328125 0.07889929742388758
0 0.227046875 0.040983606557377046 0.021906250000000002 0.05306791569086651
0 0.17293750000000002 0.036487119437939114 0.013125000000000001 0.0439344262295082
0 0.3312734375 0.05113583138173301 0.011359375 0.09646370023419203
0 0.1428046875 0.03492974238875878 0.008828125000000001 0.036463700234192035
