0 0.044125 0.5191079812206573 0.08825 0.4808920187793428
0 0.36371875000000004 0.7045070422535211 0.21190625000000002 0.564037558685446
0 0.322765625 0.5744953051643192 0.0705 0.4394131455399061
0 0.5026953125000001 0.35880281690140853 0.08485937500000001 0.3839906103286385
0 0.26046875 0.47901408450704225 0.08181250000000001 0.4565727699530516
0 0.2972734375 0.4144718309859155 0.063515625 0.45166666666666666
0 0.5731406250000001 0.315868544600939 0.0676875 0.38539906103286387
0 0.7967578125000001 0.36719483568075123 0.109546875 0.392887323943662
0 0.7929609375000001 0.19251173708920188 0.06098437500000001 0.37535211267605634
0 0.2146484375 0.506737089201878 0.091234375 0.43821596244131455
0 0.9137421875 0.13772300469483567 0.057796875000000004 0.26647887323943664
