0 0.1696640625 0.37359484777517565 0.073015625 0.36695550351288053
0 0.6518203124999999 0.2766393442622951 0.026421875 0.05
0 0.36214843750000003 0.2551053864168618 0.024203125000000002 0.05644028103044497
0 0.8940078124999999 0.3064754098360656 0.007515625 0.0148711943793911
0 0.0897734375 0.29254098360655734 0.062546875 0.29121779859484775
0 0.384375 0.2621662763466042 0.01134375 0.029250585480093676
0 0.4251328125 0.249192037470726 0.011421875 0.030936768149882905
0 0.9098593750000001 0.30461358313817327 0.01625 0.019156908665105384
0 0.8804765625000001 0.3014051522248244 0.011609375 0.024449648711943793
0 0.39567187500000006 0.2524824355971897 0.015187500000000001 0.0327400468384075
