0 0.5918166666666667 0.6829204892966361 0.015466666666666667 0.03226299694189603
0 0.6152000000000001 0.6749235474006116 0.018600000000000002 0.04819571865443425
0 0.3875 0.5347247706422019 0.012566666666666667 0.04162079510703364
0 0.5917250000000001 0.627874617737003 0.02395 0.051345565749235475
0 0.6472 0.6761467889908257 0.018133333333333335 0.05700305810397554
0 0.5266583333333333 0.6230275229357798 0.014083333333333333 0.04801223241590214
0 0.48977500000000007 0.6214067278287463 0.02015 0.04391437308868502
0 0.48455833333333337 0.5982415902140673 0.01315 0.04993883792048929
0 0.6072166666666666 0.6655963302752294 0.013300000000000001 0.037859327217125385
0 0.5625583333333334 0.6567278287461774 0.026850000000000002 0.054311926605504594
0 0.4653083333333334 0.6008256880733945 0.02161666666666667 0.060061162079510705
0 0.5059166666666667 0.607125382262997 0.009733333333333333 0.035229357798165134
0 0.5217 0.4276146788990826 0.011233333333333335 0.0382262996941896
