2 0.6825703125 0.8529166666666667 0.20454687500000002 0.17979166666666666
2 0.79125 0.43716666666666665 0.0924375 0.11237499999999999
2 0.32260937500000003 0.44746874999999997 0.041343750000000005 0.0795625
2 0.8750390625 0.43645833333333334 0.068734375 0.081
2 0.2307734375 0.29665624999999995 0.069359375 0.08189583333333333
2 0.15682031250000003 0.5511041666666667 0.057796875000000004 0.09704166666666666
2 0.21678125000000004 0.24790625 0.08103125 0.06710416666666667
0 0.70721875 0.7201875 0.1443125 0.456125
0 0.5106796875 0.3662916666666666 0.064046875 0.26516666666666666
0 0.7346171875 0.28524999999999995 0.04560937500000001 0.13629166666666667
0 0.6385390625 0.36566666666666664 0.09267187500000001 0.22904166666666667
0 0.425234375 0.01128125 0.01159375 0.0225625
0 0.11292187500000002 0.45253124999999994 0.06259375 0.28639583333333335
0 0.3381015625 0.2957916666666667 0.056359375 0.16470833333333335
0 0.11099999999999999 0.009708333333333331 0.019343750000000003 0.01933333333333333
0 0.0190625 0.44560416666666663 0.038125 0.28979166666666667
2 0.06393750000000001 0.16139583333333332 0.0189375 0.030875
2 0.62403125 0.14807291666666667 0.036875000000000005 0.03877083333333333
2 0.17353125000000003 0.30355208333333333 0.03721875 0.06310416666666667
2 0.30411718750000005 0.29562499999999997 0.033359375000000004 0.08054166666666666
0 0.065875 0.28965625 0.0494375 0.18589583333333334
0 0.023906250000000004 0.25766666666666665 0.03515625 0.083375
0 0.49586718750000003 0.16147916666666665 0.033921875000000004 0.16166666666666665
2 0.51875 0.31952083333333337 0.0511875 0.05275
0 0.05321875000000001 0.4619479166666667 0.07946875 0.29177083333333337
2 0.26796875000000003 0.3020833333333333 0.0234375 0.029166666666666667
0 0.5 0.17708333333333334 0.9968750000000001 0.3541666666666667
