0 0.16852343749999998 0.5676985981308411 0.17239062500000002 0.2425
0 0.9032500000000001 0.2879906542056075 0.07490625 0.18523364485981308
0 0.1643203125 0.24974299065420555 0.059546875 0.12584112149532709
0 0.4065859375 0.10705607476635513 0.032015625 0.06018691588785047
0 0.45325 0.11157710280373831 0.021843750000000002 0.05128504672897196
0 0.481625 0.14158878504672898 0.03003125 0.04392523364485981
0 0.7411328125000001 0.18491822429906543 0.028578125 0.04735981308411215
0 0.4418906249999999 0.13345794392523364 0.038375 0.05037383177570093
0 0.5199453125 0.13153037383177568 0.017796875 0.031471962616822426
0 0.5005390625 0.10343457943925234 0.022796875 0.05387850467289719
0 0.5125390625 0.15758177570093454 0.024453125000000003 0.02978971962616822
0 0.8501953125 0.1957359813084112 0.036453124999999996 0.04441588785046729
0 0.5648203125000001 0.1554789719626168 0.030484375000000005 0.048855140186915884
0 0.5125000000000001 0.11682242990654204 0.971875 0.23364485981308408
