0 0.7481875 0.9765104166666666 0.01878125 0.04697916666666667
0 0.44274218750000005 0.9665520833333334 0.034171875000000004 0.048854166666666664
0 0.5764609375 0.9812291666666667 0.021390625 0.03754166666666667
0 0.314625 0.9701666666666665 0.028812500000000005 0.040749999999999995
0 0.2719765625 0.9717083333333334 0.018390625 0.03766666666666666
0 0.2139609375 0.9848645833333333 0.013734375 0.028770833333333332
0 0.5149218750000001 0.9869374999999999 0.017906250000000002 0.026125
0 0.5258203124999999 0.9736354166666668 0.013484375000000002 0.030895833333333334
0 0.0780859375 0.96178125 0.021859375 0.032979166666666664
0 0.40603906250000005 0.98671875 0.019015625 0.0265625
0 0.3637890625 0.9778854166666666 0.023546875000000002 0.04422916666666667
0 0.35192968750000003 0.9771354166666666 0.014015625000000002 0.028229166666666666
0 0.38593750000000004 0.9666666666666667 0.76875 0.0625
