0 0.59925 0.49775 0.60525 0.8292187500000001
0 0.3520625 0.49775 0.704125 0.98203125
0 0.9463020833333332 0.7512421874999999 0.10739583333333333 0.49301562499999996
0 0.8461041666666667 0.32400000000000007 0.019916666666666666 0.025656250000000005
0 0.71184375 0.47075781250000004 0.11110416666666666 0.21020312500000002
0 0.8394062499999999 0.5285078125 0.2058125 0.19257812500000002
0 0.9141250000000001 0.5264921875 0.10825 0.112484375
0 0.9426875 0.5269453125 0.03937499999999999 0.077296875
0 0.8716875000000001 0.48558593750000006 0.08279166666666667 0.07632812500000001
0 0.8656666666666666 0.512046875 0.15066666666666664 0.15837500000000002
0 0.9012083333333333 0.4295234375 0.035916666666666666 0.033671875000000004
0 0.8325520833333333 0.3777421875 0.018604166666666665 0.015515625
0 0.943 0.4618359375 0.04608333333333334 0.06042187500000001
0 0.7572916666666667 0.3140625 0.48125 0.34687500000000004
