0 0.16737500000000002 0.7390181818181819 0.12528125 0.5215272727272727
0 0.24032031250000002 0.7474181818181819 0.057671875 0.47425454545454543
0 0.38141406250000004 0.6529636363636363 0.081109375 0.3078909090909091
0 0.5101796875000001 0.5442363636363636 0.05617187500000001 0.32527272727272727
0 0.80509375 0.5418909090909091 0.06496875 0.39141818181818183
0 0.762921875 0.7025818181818181 0.15862500000000002 0.5059636363636363
0 0.7153359375 0.5118545454545455 0.055296875 0.28443636363636365
0 0.09175781250000001 0.6969454545454545 0.068828125 0.2746909090909091
0 0.27159375 0.30769090909090907 0.00959375 0.018000000000000002
0 0.9799140625000002 0.4834181818181818 0.033828125 0.33701818181818183
0 0.5609843750000001 0.5584545454545454 0.09034375 0.2838181818181818
0 0.9045703125 0.5844181818181817 0.099328125 0.4883272727272727
0 0.5015625 0.7163636363636363 0.95625 0.5527272727272727
