0 0.50021875 0.41494588744588745 0.2651875 0.7043506493506494
0 0.693171875 0.3782900432900433 0.073 0.1752813852813853
0 0.1361875 0.45915584415584415 0.0616875 0.07948051948051948
0 0.1889140625 0.4474025974025974 0.040234375 0.0967099567099567
0 0.8646328125 0.39464285714285713 0.092890625 0.2501948051948052
0 0.24531250000000002 0.3996645021645021 0.049625 0.08945887445887446
0 0.1096640625 0.40524891774891775 0.032578125000000006 0.07603896103896104
0 0.7782500000000001 0.4616991341991342 0.06906250000000001 0.1062987012987013
0 0.74703125 0.3 0.05450000000000001 0.07744588744588744
0 0.6337890625 0.4262012987012987 0.043390625 0.05846320346320347
0 0.656125 0.387077922077922 0.0233125 0.07428571428571429
0 0.71640625 0.2884632034632035 0.03878125 0.07173160173160173
0 0.6767500000000001 0.2991666666666667 0.02953125 0.07036796536796536
0 0.4140625 0.39935064935064934 0.703125 0.18398268398268397
