0 0.5970546875 0.7387236533957844 0.041359375000000004 0.10494145199063232
0 0.24607031250000003 0.46571428571428575 0.011109375000000001 0.054145199063231855
0 0.2558125 0.4681147540983607 0.010125000000000002 0.04634660421545667
0 0.2821796875 0.4559718969555035 0.018171875 0.051850117096018736
0 0.7593984375 0.48877049180327864 0.019484375 0.05168618266978923
0 0.6468984375 0.4065339578454333 0.007515625 0.04505854800936768
0 0.27253906250000004 0.39326697892271667 0.013234375000000001 0.04325526932084309
0 0.6698046875000001 0.40647540983606556 0.009296875000000001 0.039461358313817335
0 0.3574453125 0.3125292740046839 0.004203125 0.021311475409836064
0 0.6997265625 0.41361826697892273 0.013671875 0.046627634660421545
0 0.6615625 0.4049648711943794 0.011062500000000001 0.04608899297423887
0 0.7005390625 0.38129976580796254 0.012171875 0.030843091334894615
0 0.28346093750000007 0.38807962529274004 0.007296875 0.0356440281030445
0 0.5609375 0.4601873536299766 0.553125 0.32084309133489464
