0 0.8535078125000001 0.8052341920374707 0.051546875000000006 0.2328103044496487
0 0.27903125 0.8243793911007026 0.09059375 0.3512412177985948
0 0.06995312499999999 0.7779156908665105 0.08921875000000001 0.41920374707259955
0 0.1778046875 0.6261826697892272 0.036015625 0.12304449648711943
0 0.24000000000000005 0.5974707259953161 0.05425 0.09873536299765807
0 0.210265625 0.5681264637002342 0.024031250000000004 0.09058548009367681
0 0.37428906250000005 0.582857142857143 0.038921875 0.1452927400468384
0 0.5780078125 0.5254449648711944 0.031515625000000005 0.12194379391100703
0 0.5636484375 0.49680327868852464 0.022453125 0.08208430913348945
0 0.81678125 0.6024941451990632 0.047156250000000004 0.13266978922716627
0 0.9651171875000002 0.638255269320843 0.065578125 0.14049180327868854
