0 0.3188125 0.6786486486486486 0.45990624999999996 0.6427027027027027
0 0.5693359375 0.5961599099099099 0.09726562500000001 0.2131756756756757
0 0.7600078125 0.7932657657657657 0.21045312500000002 0.35954954954954954
0 0.663234375 0.4713851351351352 0.02840625 0.05065315315315315
0 0.7692109375 0.6500225225225226 0.130203125 0.22644144144144146
0 0.8018359375000002 0.5588738738738739 0.041046875000000003 0.09653153153153153
0 0.79678125 0.5055743243243243 0.029125 0.05493243243243243
0 0.6437578125000001 0.5451801801801802 0.042078125 0.18842342342342341
0 0.7341328125000001 0.44882882882882885 0.015796875 0.0231981981981982
0 0.6748515625000001 0.46432432432432436 0.024734375000000003 0.04977477477477478
0 0.6744765625000001 0.43738738738738736 0.019515625 0.03256756756756757
0 0.5510078125000001 0.6489752252252252 0.049171875000000004 0.11709459459459459
