0 0.5229375 0.8626112412177985 0.14125000000000001 0.25449648711943795
0 0.2613671875 0.4187704918032787 0.023078125 0.045925058548009365
0 0.37527343750000003 0.42936768149882903 0.013953125 0.05550351288056206
0 0.4089921875 0.43107728337236534 0.020203125000000002 0.06309133489461359
0 0.7209609375 0.5292505854800937 0.020171875000000002 0.0672599531615925
0 0.5806250000000001 0.4355152224824356 0.017968750000000002 0.06053864168618267
0 0.62778125 0.4376229508196722 0.01665625 0.05857142857142857
0 0.7659765625000001 0.5436533957845434 0.030640625 0.05850117096018735
0 0.14842968750000002 0.846814988290398 0.29085937500000003 0.2831381733021077
0 0.8923281250000001 0.866639344262295 0.21534375 0.26672131147540984
0 0.4934453125 0.449519906323185 0.019203125 0.06967213114754098
0 0.7346015625000001 0.7216744730679158 0.045453125000000004 0.2147775175644028
0 0.4957109375 0.43484777517564405 0.009984375 0.0551288056206089
0 0.49921875000000004 0.35714285714285715 0.9984375000000001 0.4426229508196721
