0 0.7372968750000001 0.632625 0.2691875 0.37245833333333334
0 0.31861718750000007 0.55571875 0.098296875 0.2953958333333333
0 0.35192187500000005 0.5423645833333333 0.048093750000000005 0.26660416666666664
0 0.6023593750000001 0.36001041666666667 0.04621875 0.058687500000000004
0 0.42402343750000004 0.43604166666666666 0.052140624999999996 0.06908333333333333
0 0.4596640625 0.44226041666666666 0.042078125 0.08752083333333333
0 0.45572656250000004 0.4673541666666667 0.040546875 0.044125
0 0.5077109375000001 0.4557083333333333 0.05417187500000001 0.071375
0 0.508109375 0.3176145833333333 0.03225 0.051604166666666666
0 0.5607421875 0.31164583333333334 0.037453125 0.05304166666666667
0 0.5907187500000001 0.15428125 0.0400625 0.058895833333333335
0 0.5998828125000001 0.4030625 0.039765625 0.07175
0 0.38762500000000005 0.4505520833333333 0.026062500000000002 0.05227083333333333
0 0.49921875000000004 0.25416666666666665 0.9984375000000001 0.5083333333333333
