0 0.47896875000000005 0.7623820754716981 0.07162500000000001 0.42792452830188676
0 0.5460234375 0.6161792452830188 0.027453125000000002 0.10787735849056604
0 0.44540625 0.6035141509433962 0.021375 0.07679245283018868
0 0.4289609375000001 0.619445754716981 0.017296875 0.10450471698113208
0 0.5098281250000001 0.613820754716981 0.032781250000000005 0.10419811320754717
0 0.0693515625 0.6513797169811321 0.033359375000000004 0.05964622641509434
0 0.0964296875 0.6452594339622642 0.028203125000000002 0.06386792452830188
0 0.03854687500000001 0.6173820754716981 0.029906250000000002 0.09962264150943397
0 0.051234375 0.6426768867924528 0.01878125 0.05813679245283018
0 0.0969296875 0.601497641509434 0.024546875000000003 0.05233490566037736
0 0.015578124999999998 0.6664504716981131 0.027625 0.08841981132075472
