0 0.61640625 0.5193687707641197 0.4026875000000001 0.5209302325581396
0 0.3748984375 0.2972923588039867 0.184078125 0.3217275747508306
0 0.2573984375 0.2927906976744186 0.158890625 0.25
0 0.16381250000000003 0.13482558139534884 0.11625000000000002 0.26516611295681064
0 0.0388515625 0.09823089700996677 0.077703125 0.19446843853820597
0 0.0836484375 0.09607973421926912 0.064046875 0.18966777408637875
0 0.6225 0.14269933554817277 0.1289375 0.28539867109634554
0 0.0355234375 0.09485049833887042 0.069203125 0.18916943521594684
0 0.7842109375 0.2842691029900332 0.15642187500000002 0.30335548172757476
0 0.85221875 0.3517691029900332 0.08246875000000001 0.13676079734219268
