0 0.46637500000000004 0.5668544600938967 0.15709375000000003 0.3533333333333334
0 0.8322890625 0.4881572769953052 0.03754687500000001 0.0537793427230047
0 0.5462578125 0.4594953051643192 0.035453125 0.14941314553990612
0 0.9375390625 0.4949647887323944 0.029203125000000003 0.07035211267605633
0 0.259578125 0.462699530516432 0.017 0.0787793427230047
0 0.231359375 0.47461267605633806 0.049125 0.15875586854460094
0 0.7813515625 0.5332276995305164 0.033015625 0.04936619718309859
0 0.21462500000000004 0.46231220657276995 0.048156250000000005 0.17950704225352113
0 0.606125 0.4741549295774648 0.0193125 0.03572769953051643
0 0.883 0.5106220657276995 0.06096875000000001 0.030446009389671364
0 0.35549218750000006 0.5196478873239436 0.028796875 0.07384976525821596
0 0.334203125 0.5272652582159625 0.059187500000000004 0.09208920187793426
