0 0.32084375000000004 0.5644967177242888 0.03771875 0.1075929978118162
0 0.47547656250000003 0.53917943107221 0.04876562500000001 0.10636761487964988
0 0.3536875 0.5736105032822757 0.035187500000000003 0.10157549234135667
0 0.5820625 0.9245514223194747 0.05428125 0.12827133479212252
0 0.8678359375000002 0.8697045951859956 0.06242187500000001 0.11967177242888402
0 0.50521875 0.5487746170678337 0.026718750000000003 0.11164113785557987
0 0.28643750000000007 0.5274288840262582 0.022125000000000002 0.030175054704595184
0 0.128109375 0.49554704595185994 0.023156250000000003 0.04886214442013129
0 0.38165625000000003 0.5748468271334791 0.014406250000000002 0.08102844638949672
0 0.371453125 0.5529321663019693 0.0136875 0.08048140043763675
0 0.61690625 0.9206892778993435 0.033375 0.1289496717724289
0 0.48671875000000003 0.6947483588621444 0.9703125 0.6061269146608315
