0 0.231593137254902 0.5999183006535947 0.18550653594771244 0.6462091503267975
0 0.5258415032679739 0.6011192810457516 0.20223856209150326 0.6044934640522875
0 0.12134803921568628 0.5865114379084967 0.14380718954248367 0.5573039215686274
0 0.698202614379085 0.5822058823529412 0.139640522875817 0.5540522875816993
0 0.9082761437908498 0.5874673202614379 0.1163235294117647 0.5391503267973856
0 0.796625816993464 0.6101143790849674 0.18651960784313726 0.5775163398692811
0 0.0932107843137255 0.5947140522875818 0.08906862745098039 0.5083496732026144
0 0.11348039215686276 0.24339052287581697 0.1595424836601307 0.19550653594771245
0 0.7530964052287582 0.17910130718954248 0.0948202614379085 0.2855228758169935
0 0.6564297385620915 0.18281045751633987 0.10269607843137256 0.2993137254901961
0 0.36302287581699344 0.5761029411764705 0.16156862745098038 0.6668790849673203
0 0.42493464052287583 0.6455065359477123 0.05970588235294118 0.3998366013071895
0 0.3882352941176471 0.15438725490196079 0.08062091503267975 0.2529575163398693
