0 0.594109375 0.4977265625 0.725625 0.8684843750000001
0 0.9695859375000002 0.133453125 0.060828125000000004 0.14834375
0 0.7605937500000001 0.124859375 0.16340625 0.245125
0 0.59259375 0.1770546875 0.180875 0.226828125
0 0.18408593750000002 0.45074218750000006 0.157890625 0.703015625
0 0.8333203125000002 0.144125 0.329171875 0.28365625
0 0.055523437499999995 0.2274453125 0.11104687499999999 0.276359375
0 0.21483593750000002 0.09957031250000001 0.137453125 0.19914062500000002
0 0.091359375 0.4271640625 0.14815625 0.6716093750000001
0 0.65234375 0.1354140625 0.09115625000000001 0.091140625
