0 0.7723593750000001 0.9337676056338028 0.043625000000000004 0.12715962441314554
0 0.2696171875 0.9256220657276996 0.030453124999999998 0.08237089201877935
0 0.7113984375000001 0.9443427230046949 0.025390625 0.10173708920187795
0 0.222578125 0.9206455399061033 0.022500000000000003 0.0929342723004695
0 0.9796328125000001 0.8947065727699531 0.006953125000000001 0.021291079812206574
0 0.586359375 0.8683802816901409 0.00809375 0.024366197183098594
0 0.198078125 0.886056338028169 0.01234375 0.02112676056338028
0 0.7982187500000001 0.9493896713615023 0.029031249999999998 0.10061032863849766
0 0.8207578125 0.8861854460093896 0.0063593750000000004 0.024061032863849766
0 0.7626640625000001 0.9902816901408451 0.043546875000000006 0.019436619718309858
0 0.6828750000000001 0.9814084507042254 0.022250000000000002 0.03718309859154929
0 0.022695312500000002 0.9371126760563382 0.045390625000000004 0.12577464788732395
0 0.7609375 0.8568075117370892 0.39687500000000003 0.09389671361502347
