2 0.6825390625000001 0.7831381733021077 0.042828125 0.12046838407494144
2 0.36353125000000003 0.4192505854800937 0.02421875 0.04814988290398126
0 0.34540625 0.5227985948477752 0.03834375 0.17637002341920374
0 0.50575 0.61403981264637 0.03900000000000001 0.26044496487119434
0 0.3232421875 0.5209718969555035 0.026828125000000005 0.16522248243559717
0 0.665359375 0.6418384074941452 0.05859375 0.25538641686182667
0 0.87540625 0.7586065573770492 0.09403125000000001 0.32213114754098365
0 0.1718359375 0.4045784543325527 0.033546875 0.1451288056206089
0 0.23152343749999998 0.3702927400468384 0.032734375 0.10161592505854801
0 0.01859375 0.26305620608899294 0.0188125 0.07496487119437939
0 0.4690937500000001 0.4836299765807963 0.03003125 0.13096018735363
0 0.148203125 0.2548360655737705 0.01515625 0.07032786885245902
0 0.499265625 0.266463700234192 0.014656250000000003 0.06543325526932084
0 0.15258593750000002 0.35840749414519907 0.018015625 0.06679156908665106
2 0.914734375 0.788255269320843 0.030875000000000003 0.059976580796252926
2 0.32996093750000005 0.41460187353629974 0.029734375000000004 0.030421545667447307
2 0.2177265625 0.28359484777517563 0.033671875000000004 0.03449648711943794
0 0.300015625 0.4566276346604216 0.01990625 0.12978922716627636
0 0.48515625 0.34192037470725994 0.9703125 0.41217798594847777
