0 0.264953125 0.7616041666666666 0.0399375 0.134875
0 0.38264843750000005 0.7993229166666667 0.062390625000000005 0.0921875
0 0.7079375 0.8566979166666667 0.08690625 0.16164583333333335
0 0.9702656250000001 0.8229479166666667 0.05203125 0.25085416666666666
0 0.4653671875 0.7870833333333334 0.025859375000000004 0.12358333333333334
0 0.7769765625 0.6936874999999999 0.009203125 0.05241666666666667
0 0.7209453125 0.6948124999999999 0.016015625000000002 0.05504166666666667
0 0.6265859375 0.7029270833333333 0.016484375000000002 0.04872916666666667
0 0.24828124999999998 0.7062604166666666 0.008624999999999999 0.0493125
0 0.916625 0.6836666666666666 0.010062500000000002 0.058708333333333335
0 0.4477812500000001 0.7796354166666666 0.059312500000000004 0.17952083333333332
0 0.9325859375000001 0.7015833333333333 0.026796874999999998 0.0805
0 0.7413515625 0.6781770833333334 0.017234375 0.0225625
0 0.47890625000000003 0.7229166666666667 0.9546875 0.1625
