0 0.30801401869158873 0.5299765625 0.2984579439252336 0.27664062500000003
0 0.17481308411214955 0.306359375 0.03808411214953271 0.07834375
0 0.14344626168224298 0.30939062500000003 0.03399532710280374 0.07600000000000001
0 0.2043808411214953 0.31975 0.04049065420560747 0.09721875
0 0.3297429906542056 0.329046875 0.07093457943925233 0.137875
0 0.8568574766355138 0.331265625 0.04539719626168224 0.06903125
0 0.4325584112149532 0.326734375 0.045864485981308406 0.040781250000000005
0 0.528785046728972 0.29765625 0.05602803738317757 0.079625
0 0.6807710280373831 0.2692421875 0.01864485981308411 0.026921875
0 0.3761565420560747 0.316609375 0.022266355140186912 0.04584375
0 0.2405023364485981 0.3157578125 0.05829439252336448 0.100109375
0 0.5663317757009346 0.3163515625 0.043317757009345786 0.031140625
0 0.6068107476635515 0.32421875 0.032032710280373834 0.07175000000000001
0 0.5315420560747663 0.31171875000000004 0.9135514018691588 0.1015625
