0 0.772875 0.5535729166666667 0.1893125 0.44652083333333337
0 0.109796875 0.6666666666666666 0.21959375 0.6441250000000001
0 0.1995390625 0.5583333333333333 0.248046875 0.441
0 0.28182812500000004 0.4861979166666667 0.12984375 0.3159375
0 0.3498671875 0.45716666666666667 0.09707812500000002 0.33495833333333336
0 0.40346093750000006 0.41594791666666664 0.10604687500000001 0.24985416666666668
0 0.47957031250000004 0.3599375 0.148578125 0.18095833333333333
0 0.4731406249999999 0.3155208333333333 0.06259375 0.16129166666666667
0 0.6865546875 0.28771874999999997 0.052015625 0.09060416666666667
0 0.6356640625000001 0.31516666666666665 0.105765625 0.16770833333333332
0 0.7472109375 0.32369791666666664 0.092390625 0.07252083333333334
0 0.8640234375000001 0.63175 0.271953125 0.7117083333333334
0 0.729140625 0.3050520833333333 0.061625 0.08097916666666666
0 0.4609375 0.2916666666666667 0.9 0.24166666666666667
