0 0.7462343750000001 0.5906 0.02809375 0.11362352941176469
0 0.7695937500000001 0.5999411764705882 0.018718750000000003 0.09908235294117645
0 0.8879999999999999 0.6389176470588234 0.04656250000000001 0.2089882352941176
0 0.8522578125 0.626705882352941 0.038078125000000004 0.14687058823529411
0 0.8329609375000001 0.5987529411764705 0.022890625 0.08305882352941175
0 0.5763281250000001 0.5792705882352941 0.013250000000000001 0.045788235294117643
0 0.9368046875000001 0.6392 0.047890625 0.21505882352941175
0 0.5645703125 0.5739411764705882 0.010984375000000001 0.046611764705882346
0 0.9628671875000001 0.5614941176470587 0.011984375 0.05225882352941176
0 0.9137343750000002 0.6160117647058824 0.027218750000000003 0.14025882352941174
0 0.5407031250000001 0.606035294117647 0.01684375 0.044870588235294113
0 0.5364375 0.5599411764705882 0.01990625 0.04261176470588235
0 0.5421484375 0.567235294117647 0.006921875 0.035929411764705876
0 0.690625 0.5929411764705882 0.209375 0.0988235294117647
