0 0.075015625 0.8313817330210773 0.0605 0.1097423887587822
0 0.140421875 0.7732903981264638 0.057843750000000006 0.1957142857142857
0 0.54371875 0.7629156908665105 0.05209375000000001 0.06629976580796253
0 0.29271093750000005 0.7618852459016393 0.019140625 0.032857142857142856
0 0.7861562500000001 0.6942037470725996 0.0204375 0.058805620608899295
0 0.985546875 0.7955035128805621 0.02890625 0.19348946135831382
0 0.5278671875 0.7333138173302107 0.041046875000000003 0.04241217798594848
0 0.7670234375000001 0.6979625292740046 0.030796875 0.049836065573770495
0 0.31653125000000004 0.7668852459016393 0.021656250000000002 0.018501170960187354
0 0.6391484375 0.7574707259953162 0.048984375000000004 0.03161592505854801
