0 0.31862500000000005 0.6247104247104248 0.0656875 0.3987644787644788
0 0.08003125 0.36405405405405405 0.08003125 0.2921235521235521
0 0.08366406250000001 0.6393243243243243 0.069109375 0.46513513513513516
0 0.56325 0.6025675675675676 0.0658125 0.2774903474903475
0 0.6450546875000001 0.415984555984556 0.070046875 0.3165250965250965
0 0.5705468750000001 0.42092664092664095 0.07650000000000001 0.28972972972972977
0 0.176609375 0.21204633204633205 0.04484375 0.22648648648648648
0 0.2600390625 0.5916409266409267 0.059203125 0.31864864864864867
0 0.2084453125 0.3841891891891892 0.061953125 0.30776061776061775
0 0.23036718750000001 0.25135135135135134 0.043453125 0.1983783783783784
0 0.3991953125 0.28395752895752896 0.05695312500000001 0.3555598455598456
0 0.9752890625000001 0.3848455598455599 0.049421875000000004 0.2577992277992278
0 0.7115546875000001 0.4152123552123552 0.074046875 0.3035521235521236
0 0.5421875 0.49613899613899615 0.9125000000000001 0.9768339768339769
