2 0.623457627118644 0.6474765625000001 0.32650847457627113 0.35354687500000004
0 0.2777457627118644 0.5302109375 0.37101694915254235 0.743453125
0 0.7105677966101694 0.412359375 0.12432203389830507 0.15956250000000002
0 0.1237627118644068 0.3560703125 0.09661016949152543 0.28192187500000004
0 0.052533898305084745 0.336546875 0.10022033898305086 0.32915625000000004
0 0.17616101694915254 0.22262500000000005 0.07927118644067797 0.1341875
0 0.022364406779661013 0.220890625 0.044593220338983046 0.08615625
0 0.5462033898305084 0.3341171875 0.18888135593220337 0.32470312500000004
0 0.8325508474576272 0.34797656250000003 0.11771186440677966 0.235453125
0 0.43834745762711863 0.3275 0.09689830508474576 0.26406250000000003
0 0.9361949152542373 0.35221093750000004 0.12761016949152543 0.254640625
0 0.632364406779661 0.3413125 0.0838135593220339 0.24356250000000002
0 0.4694406779661017 0.21214062500000003 0.05840677966101695 0.08596875000000001
0 0.7477203389830508 0.314859375 0.0981186440677966 0.25325000000000003
0 0.4991525423728813 0.47187500000000004 0.9983050847457626 0.596875
