2 0.5357734375 0.5107728337236533 0.4865781250000001 0.5737236533957846
0 0.8366875 0.5636651053864169 0.1350625 0.3750117096018735
0 0.7706406250000001 0.37190866510538645 0.1259375 0.3752927400468384
0 0.20868750000000003 0.7649414519906323 0.414375 0.4506791569086651
0 0.25413281249999997 0.4348360655737705 0.118453125 0.3438173302107728
0 0.9272968750000001 0.4056206088992974 0.14540625000000001 0.2718969555035129
0 0.45878125000000003 0.83596018735363 0.19190625 0.26517564402810306
0 0.5453437500000001 0.5892505854800937 0.136875 0.6760655737704918
0 0.9175078124999999 0.769367681498829 0.11451562500000001 0.40323185011709606
0 0.81215625 0.8013934426229508 0.13178125000000002 0.3185245901639344
0 0.7326875 0.754976580796253 0.11271875 0.40784543325526934
0 0.35625 0.8074590163934425 0.11203125000000001 0.24709601873536302
