0 0.0504921875 0.9009287531806617 0.031546875 0.08791348600508905
0 0.9166640625000002 0.8772391857506362 0.019734375000000002 0.07595419847328246
0 0.40003125 0.8907251908396947 0.01990625 0.04669211195928754
0 0.8278203125 0.8734478371501274 0.015703125000000002 0.0755470737913486
0 0.4153203125 0.8393256997455472 0.009671875000000002 0.04089058524173028
0 0.8524453125000001 0.877086513994911 0.015453125000000002 0.07743002544529262
0 0.2913828125 0.9104325699745548 0.014078125 0.04773536895674301
0 0.7858359375 0.8766539440203562 0.015203125000000001 0.04012722646310433
0 0.4409296875000001 0.7946055979643766 0.014765625 0.048091603053435114
0 0.43484375000000003 0.8365903307888042 0.01565625 0.039083969465648856
0 0.2271875 0.895788804071247 0.021718750000000002 0.08353689567430025
0 0.2713515625 0.8959160305343511 0.018046875 0.07646310432569975
0 0.3670390625 0.8896183206106871 0.016015625000000002 0.041882951653944026
0 0.403125 0.8664122137404581 0.8031250000000001 0.16539440203562342
