0 0.14715625 0.7441171875000001 0.16889583333333333 0.406265625
0 0.3468333333333333 0.6316484375 0.08833333333333333 0.19085937500000003
0 0.46602083333333333 0.5677187499999999 0.021249999999999998 0.039468750000000004
0 0.5041041666666666 0.43757812499999993 0.36987499999999995 0.69575
0 0.2644375 0.591296875 0.11562499999999999 0.3398125
0 0.57334375 0.6761484375000001 0.017895833333333333 0.056203125
0 0.39807291666666667 0.57240625 0.030645833333333334 0.0476875
0 0.49248958333333337 0.6447578125000001 0.026395833333333334 0.121609375
0 0.1959375 0.5475234375000001 0.010875 0.015734375000000002
0 0.1828125 0.5464609375 0.015208333333333332 0.013390625000000001
