0 0.34887500000000005 0.5382125603864734 0.24421875000000004 0.6044927536231883
0 0.5574296875 0.3621014492753623 0.16185937500000003 0.36362318840579705
0 0.69234375 0.3764009661835748 0.1335 0.3394202898550725
0 0.7449921875 0.6269685990338164 0.175890625 0.38649758454106276
0 0.022851562500000002 0.4213647342995169 0.045421875 0.19891304347826086
0 0.38528125 0.2635990338164251 0.1398125 0.13603864734299517
0 0.9142890625 0.33728260869565213 0.14264062500000002 0.5094444444444444
0 0.1836171875 0.31217391304347825 0.070984375 0.2503864734299517
0 0.9425078124999999 0.40852657004830917 0.11498437500000001 0.25816425120772946
0 0.41794531250000005 0.4216183574879227 0.08285937500000001 0.25004830917874393
0 0.8833984375 0.5600845410628019 0.191359375 0.4694444444444444
0 0.24485937500000002 0.336159420289855 0.1363125 0.25502415458937194
