0 0.593734375 0.5431220657276995 0.08634375 0.42539906103286385
0 0.7230859375 0.6078403755868544 0.201484375 0.760093896713615
0 0.4473281250000001 0.4336267605633803 0.0365 0.25002347417840376
0 0.21981250000000002 0.3880516431924883 0.07390624999999999 0.18826291079812207
0 0.1899609375 0.6318896713615023 0.09273437500000001 0.46068075117370894
0 0.1018046875 0.5979225352112676 0.113484375 0.5619014084507042
0 0.25349218749999997 0.5741666666666667 0.079796875 0.530868544600939
0 0.80509375 0.5364201877934273 0.069625 0.44359154929577466
0 0.5112109375 0.44204225352112675 0.064390625 0.2583098591549296
0 0.9139296875000001 0.48696009389671363 0.07179687500000001 0.4943896713615024
0 0.8623203125000001 0.44269953051643196 0.049359375000000004 0.3685446009389671
0 0.0326640625 0.43586854460093893 0.056703125 0.21248826291079811
0 0.95275 0.6140727699530517 0.0945 0.7706807511737089
0 0.44843750000000004 0.5845070422535211 0.8968750000000001 0.676056338028169
