0 0.38610588235294113 0.3997265625 0.5633647058823529 0.361046875
0 0.3115058823529412 0.6743515625000001 0.1964235294117647 0.260828125
0 0.5733294117647059 0.7111796875 0.09169411764705881 0.217984375
0 0.07158823529411765 0.6193437500000001 0.056729411764705875 0.12321875
0 0.4597529411764706 0.69525 0.08750588235294117 0.23578125000000003
0 0.5167058823529411 0.6848203125 0.09279999999999998 0.267046875
0 0.630235294117647 0.6977578125 0.06475294117647058 0.23398437500000002
0 0.6811294117647058 0.6913359375000001 0.09623529411764704 0.256546875
0 0.04561176470588235 0.661921875 0.0912235294117647 0.26234375000000004
0 0.9705882352941175 0.6836328125 0.0588235294117647 0.131703125
0 0.8654 0.6961171875000001 0.13136470588235294 0.254109375
0 0.7590705882352939 0.7022656250000001 0.10035294117647058 0.24209375
0 0.5692352941176471 0.581828125 0.04025882352941176 0.034875
