2 0.36908665105386423 0.6620468750000001 0.3200936768149883 0.1993125
0 0.7097892271662763 0.425625 0.5804215456674473 0.7714062500000001
0 0.11283372365339578 0.337078125 0.19873536299765807 0.66515625
0 0.40320843091334896 0.090296875 0.09564402810304451 0.18059375
0 0.2491334894613583 0.1459609375 0.15714285714285714 0.126828125
0 0.7888173302107728 0.5230156250000001 0.42236533957845435 0.35878125000000005
0 0.4961007025761124 0.028328125 0.06517564402810304 0.05665625
0 0.24393442622950823 0.04700000000000001 0.06744730679156909 0.09000000000000001
0 0.30256440281030444 0.0798671875 0.08147540983606558 0.158203125
0 0.7538758782201405 0.027468750000000004 0.04873536299765808 0.053625000000000006
0 0.17026932084309132 0.059968749999999994 0.08451990632318503 0.11709375
0 0.33482435597189697 0.054953125000000005 0.04004683840749415 0.10415625
0 0.8954098360655739 0.1040625 0.20243559718969553 0.208125
