0 0.51803125 0.6698199445983379 0.1328125 0.31393351800554015
0 0.207328125 0.29778393351800553 0.02071875 0.055401662049861494
0 0.16541406250000001 0.2925761772853186 0.026609375000000005 0.06066481994459833
0 0.5632890625 0.3112188365650969 0.010796875000000001 0.04908587257617728
0 0.44290625 0.29601108033240997 0.01171875 0.03861495844875346
0 0.34101562500000004 0.2883240997229917 0.012 0.038919667590027705
0 0.5141015625 0.3062326869806094 0.007390625000000001 0.015623268698060942
0 0.495203125 0.3028393351800554 0.01028125 0.025900277008310248
0 0.47694531250000005 0.3174376731301939 0.014078125 0.05903047091412742
0 0.4548046875 0.31105263157894736 0.011921875 0.042603878116343495
0 0.533 0.30469529085872576 0.005843750000000001 0.025290858725761776
0 0.8460234375000001 0.36078947368421055 0.006890625000000001 0.046897506925207756
0 0.5507421875 0.3001523545706371 0.006984375 0.015207756232686982
0 0.7585937500000001 0.31024930747922436 0.2765625 0.055401662049861494
