0 0.1945234375 0.528446261682243 0.032703125 0.16264018691588783
0 0.026734375 0.5094976635514018 0.04478125 0.1733878504672897
0 0.14728125 0.513948598130841 0.0493125 0.1675233644859813
0 0.4917734375 0.6069742990654204 0.459390625 0.7657710280373832
0 0.169875 0.5134345794392523 0.02059375 0.12322429906542055
0 0.050390625 0.4938434579439252 0.03275 0.16259345794392524
0 0.076375 0.5061448598130841 0.0321875 0.18415887850467286
0 0.21591406249999998 0.5196962616822429 0.022703125 0.13042056074766353
0 0.10410156250000001 0.515572429906542 0.032859375 0.15876168224299064
0 0.11786718750000001 0.4603855140186916 0.022390625 0.09600467289719626
