2 0.8499363636363636 0.6937466666666667 0.07623636363636363 0.09773333333333332
2 0.7042 0.6992933333333333 0.06559999999999999 0.05874666666666667
2 0.5685727272727273 0.6786399999999999 0.04994545454545454 0.08437333333333333
2 0.3906272727272727 0.6812266666666666 0.05070909090909091 0.08346666666666666
2 0.5063818181818182 0.6898666666666666 0.027781818181818182 0.04602666666666667
2 0.11297272727272728 0.71912 0.06532727272727272 0.05584
2 0.24774545454545452 0.65008 0.04585454545454545 0.04981333333333333
2 0.20223636363636363 0.6506933333333333 0.0264 0.03696
0 0.6243545454545454 0.63484 0.07507272727272728 0.32583999999999996
0 0.3432090909090909 0.6179733333333334 0.03063636363636364 0.12133333333333333
0 0.4348636363636364 0.6319866666666667 0.03358181818181818 0.12829333333333331
0 0.29545454545454547 0.62464 0.025127272727272727 0.09509333333333332
0 0.08852727272727272 0.6215200000000001 0.019854545454545455 0.1016
0 0.07179090909090909 0.6199333333333333 0.01718181818181818 0.10439999999999999
0 0.48263636363636364 0.6213466666666666 0.03676363636363636 0.10114666666666666
0 0.5436272727272726 0.6111866666666667 0.047145454545454546 0.11986666666666668
0 0.0594 0.6149733333333333 0.013636363636363636 0.12456
2 0.6722272727272728 0.66472 0.03489090909090909 0.043146666666666667
2 0.5992272727272728 0.68064 0.015581818181818183 0.06933333333333333
2 0.5355727272727273 0.6871333333333334 0.02830909090909091 0.06376
0 0.04651818181818182 0.6219600000000001 0.013581818181818181 0.1076
0 0.17608181818181817 0.6211599999999999 0.02492727272727273 0.09549333333333333
2 0.47603636363636365 0.6726266666666666 0.05138181818181818 0.058533333333333326
2 0.6827272727272727 0.6786666666666666 0.06 0.06133333333333333
