2 0.6222265625 0.6715070093457943 0.33873437500000003 0.5200233644859813
0 0.24796875 0.5078738317757009 0.41778125 0.8719158878504673
0 0.9064765625000002 0.4875700934579439 0.058453124999999995 0.24724299065420557
0 0.7655390625 0.5040070093457943 0.05657812500000001 0.16689252336448598
0 0.733953125 0.4966238317757009 0.0281875 0.14133177570093458
0 0.7042656250000001 0.47311915887850464 0.03528125 0.1275
0 0.6109375 0.4730607476635514 0.03496875 0.12116822429906542
0 0.6690859375 0.5499999999999999 0.052359375 0.09387850467289718
0 0.48174218750000003 0.47517523364485975 0.038453125000000005 0.13011682242990652
0 0.128796875 0.6197546728971962 0.20475 0.5432009345794392
0 0.82678125 0.44719626168224297 0.03315625 0.09200934579439252
0 0.6647578125 0.4794626168224299 0.059234375 0.15481308411214953
0 0.06249218750000001 0.448481308411215 0.046984375 0.11794392523364484
0 0.8658984375 0.49049065420560745 0.032546874999999996 0.16873831775700934
0 0.503125 0.2803738317757009 0.15000000000000002 0.19158878504672897
