0 0.15554687500000003 0.6688541666666665 0.22321875000000002 0.55275
0 0.27897656249999997 0.4970625 0.141328125 0.23408333333333334
0 0.336484375 0.5620208333333333 0.05921875 0.3046666666666667
0 0.40914062500000004 0.5981145833333333 0.11615625000000002 0.46331249999999996
0 0.6017890625000001 0.5919791666666666 0.103671875 0.35291666666666666
0 0.3027734375 0.56840625 0.054015625000000005 0.35110416666666666
0 0.4817890625000001 0.5927916666666667 0.10873437500000001 0.38629166666666664
0 0.17921093750000003 0.46691666666666665 0.065328125 0.18004166666666666
0 0.5436562500000001 0.5455625 0.07575 0.27425
0 0.037703125000000004 0.5010520833333333 0.06809375 0.21952083333333333
