0 0.6648750000000001 0.8191079812206573 0.040375 0.0831455399061033
0 0.26750781250000005 0.7463262910798122 0.035140625 0.12068075117370891
0 0.211203125 0.7363732394366197 0.023625 0.0993661971830986
0 0.1860703125 0.7351173708920189 0.023109375 0.12169014084507043
0 0.19939843750000003 0.6705281690140845 0.023765625000000002 0.07894366197183099
0 0.101703125 0.6955751173708921 0.015062500000000001 0.05683098591549296
0 0.7873671875000001 0.6950117370892018 0.018078125 0.0830281690140845
0 0.23750781250000005 0.7772652582159625 0.022328125 0.08072769953051644
0 0.175140625 0.7222300469483567 0.022531250000000003 0.13450704225352111
0 0.7739765625 0.681631455399061 0.020515625000000003 0.10288732394366197
0 0.62034375 0.6623943661971832 0.022656250000000003 0.07018779342723004
0 0.6139609375 0.6011619718309859 0.014703125000000001 0.059366197183098594
0 0.054125000000000006 0.7041901408450705 0.0266875 0.03894366197183099
0 0.5890625 0.6338028169014085 0.53125 0.18309859154929578
