2 0.836359375 0.7205937499999999 0.21515625 0.25860416666666663
2 0.6296953125 0.39389583333333333 0.09232812500000001 0.04820833333333333
0 0.639796875 0.3216458333333333 0.043062500000000004 0.154875
0 0.8227187499999999 0.5176041666666666 0.2591875 0.33266666666666667
0 0.9373125 0.3314791666666667 0.025406250000000005 0.07050000000000001
0 0.9794609375000001 0.32392708333333337 0.027171875 0.0833125
0 0.8504296875 0.3124583333333333 0.020390625000000002 0.09695833333333333
0 0.8700546875000001 0.30971875 0.028390625000000003 0.11502083333333334
0 0.9413125 0.2925833333333333 0.033 0.028291666666666666
0 0.9928828125 0.31854166666666667 0.011484375 0.08245833333333333
0 0.3872109375 0.28898958333333336 0.024140625 0.043187500000000004
0 0.34236718750000006 0.3121354166666667 0.028078125 0.04747916666666666
0 0.9118124999999999 0.32498958333333333 0.0316875 0.1251875
0 0.5899453125 0.2678333333333333 0.019921875000000002 0.021583333333333333
