0 0.5606875 0.507887323943662 0.3388125 0.9076525821596245
0 0.105453125 0.4370774647887324 0.20790625000000001 0.6449530516431925
0 0.9100703124999999 0.385 0.042671875 0.06272300469483567
0 0.58846875 0.09164319248826291 0.049093750000000005 0.12239436619718311
0 0.33227343750000005 0.08471830985915492 0.047015625000000005 0.12075117370892019
0 0.0652734375 0.027922535211267606 0.032609375 0.03800469483568075
0 0.7288359375 0.35356807511737093 0.043984375 0.10093896713615023
0 0.019773437500000005 0.07508215962441314 0.039390625000000005 0.15016431924882628
0 0.49897656250000005 0.040293427230046946 0.038453125000000005 0.07603286384976526
0 0.5310546875000001 0.04773474178403756 0.036328125 0.07955399061032864
0 0.811359375 0.3586971830985915 0.053500000000000006 0.08734741784037559
0 0.9089375 0.09660798122065728 0.04584375 0.11669014084507043
0 0.78746875 0.3178286384976525 0.031281250000000003 0.07532863849765259
0 0.509375 0.43896713615023475 0.978125 0.8779342723004695
