0 0.22776 0.6558400000000001 0.056213333333333323 0.10748
0 0.29647999999999997 0.65477 0.05968 0.10358
0 0.39452 0.61913 0.012346666666666666 0.02186
0 0.412 0.62056 0.014453333333333332 0.02384
0 0.44076000000000004 0.6236800000000001 0.009253333333333334 0.02168
0 0.45481333333333335 0.62543 0.01896 0.0289
0 0.8920933333333334 0.62436 0.00856 0.01984
0 0.9510533333333333 0.62176 0.0057866666666666665 0.01532
0 0.9930533333333335 0.62664 0.013893333333333332 0.02112
0 0.9439200000000001 0.62167 0.010239999999999999 0.013300000000000001
0 0.4698666666666667 0.6211700000000001 0.011253333333333332 0.0209
0 0.8407466666666668 0.61915 0.005226666666666667 0.00934
0 0.8313466666666667 0.6199600000000001 0.015546666666666667 0.0092
