0 0.26725000000000004 0.8443645833333332 0.1450625 0.31127083333333333
0 0.8923046874999999 0.7765208333333333 0.084078125 0.22054166666666666
0 0.566609375 0.7568854166666666 0.061812500000000006 0.14681249999999998
0 0.490671875 0.7245416666666668 0.029375000000000002 0.10516666666666666
0 0.175359375 0.7023958333333334 0.03584375 0.06529166666666666
0 0.6154296875 0.7350416666666666 0.059265625 0.09429166666666666
0 0.3742265625 0.7405520833333332 0.027046874999999998 0.11202083333333333
0 0.0779140625 0.7091562499999999 0.022890625 0.057520833333333334
0 0.43064062500000005 0.7533333333333334 0.0414375 0.14808333333333332
0 0.5910390625 0.8714270833333333 0.184421875 0.2341875
0 0.37483593750000005 0.6783020833333334 0.008109375 0.015270833333333332
0 0.3983203125 0.74065625 0.04095312500000001 0.1671875
0 0.5296875 0.7875 0.9031250000000001 0.2791666666666667
