0 0.939731308411215 0.8639843750000001 0.1205373831775701 0.27134375
0 0.701927570093458 0.8167968750000001 0.07025700934579439 0.1213125
0 0.43052570093457937 0.7618125 0.08703271028037382 0.10590625000000001
0 0.41507009345794393 0.7638203125 0.014158878504672895 0.043546875000000006
0 0.28503504672897195 0.7958125 0.10824766355140186 0.24746875000000002
0 0.5780957943925233 0.7744453125 0.02320093457943925 0.043421875
0 0.6128855140186915 0.77471875 0.030116822429906542 0.04853125
0 0.8066705607476635 0.7758046875 0.00927570093457944 0.017359375
0 0.3975584112149532 0.760375 0.02142523364485981 0.054781250000000004
0 0.38837616822429905 0.7847734375000001 0.04292056074766355 0.042546875000000005
0 0.7500233644859813 0.7896875000000001 0.02654205607476635 0.030187500000000003
0 0.5488668224299065 0.7711328125000001 0.024602803738317754 0.044265625
0 0.7893808411214952 0.7828750000000001 0.01675233644859813 0.018125
0 0.45210280373831774 0.76484375 0.8714953271028036 0.1046875
