2 0.12525326797385622 0.8404003267973857 0.1818137254901961 0.19393790849673204
0 0.6890032679738562 0.4952287581699346 0.13709150326797387 0.3211437908496732
0 0.27785130718954254 0.6710130718954249 0.14812091503267974 0.4178758169934641
0 0.42093954248366017 0.5345996732026144 0.02900326797385621 0.08547385620915034
0 0.9368545751633988 0.5460049019607843 0.04867647058823529 0.11246732026143791
0 0.9468627450980392 0.534656862745098 0.02545751633986928 0.09437908496732027
0 0.07609477124183006 0.5399183006535948 0.02349673202614379 0.07431372549019608
0 0.05312091503267974 0.5445098039215687 0.033039215686274506 0.08996732026143792
0 0.45186274509803914 0.528202614379085 0.02150326797385621 0.06431372549019608
0 0.8729084967320262 0.4953921568627451 0.0219281045751634 0.013398692810457516
0 0.11876633986928105 0.532638888888889 0.021944444444444444 0.0702124183006536
