2 0.9032578124999999 0.7018046875 0.188828125 0.194546875
2 0.9035859375000002 0.93340625 0.18385937500000002 0.1331875
2 0.501 0.7127734375000001 0.1951875 0.171421875
2 0.9043046875 0.7035156250000001 0.185828125 0.1993125
2 0.2988515625 0.097171875 0.039578125 0.07721875
2 0.6749843750000001 0.5159765625 0.11771875000000001 0.115609375
2 0.6933437499999999 0.6960000000000001 0.13015625 0.09165625
0 0.156046875 0.8446718750000001 0.08712500000000001 0.08712500000000001
2 0.8915625 0.11499999999999999 0.08209375000000001 0.0686875
2 0.7624531250000001 0.9028203124999999 0.07734375 0.049296875000000004
2 0.6836875 0.293125 0.047656250000000004 0.076125
2 0.8717578125 0.5151015624999999 0.044328125 0.035203125
2 0.518578125 0.28560937500000005 0.03534375 0.05846875000000001
2 0.5064687500000001 0.9285546875 0.16225 0.137203125
2 0.47890625000000003 0.49921875000000004 0.9578125000000001 0.9984375000000001
