0 0.4093046875 0.44718969555035126 0.31185937500000005 0.862903981264637
0 0.189984375 0.4738407494145199 0.12565625 0.8923653395784544
0 0.6340546874999999 0.47009367681498826 0.17470312500000001 0.8465105386416861
0 0.811359375 0.5483138173302108 0.07890625000000001 0.2589695550351288
0 0.7645078125000001 0.4440046838407494 0.019703125000000002 0.02721311475409836
0 0.5731015625000001 0.5611241217798595 0.047640625 0.20149882903981267
0 0.06671875000000001 0.4550585480093677 0.09446875 0.5281030444964872
0 0.7555703125000001 0.5224590163934426 0.073515625 0.16042154566744732
0 0.9128671875000001 0.5570491803278689 0.10204687500000001 0.2768618266978923
0 0.5413828125 0.5230913348946136 0.032109375 0.1685714285714286
0 0.0439921875 0.3369086651053865 0.087984375 0.565480093676815
0 0.44160156250000004 0.5287236533957845 0.037015625 0.20236533957845432
0 0.9833359375000001 0.525152224824356 0.033234375000000003 0.1584543325526932
