2 0.6055854800936767 0.7363671875 0.7811943793911007 0.527265625
0 0.12785714285714286 0.2617734375 0.20475409836065575 0.522296875
0 0.8763114754098361 0.244875 0.22288056206088994 0.4038125
0 0.4448829039812646 0.2700859375 0.2875175644028103 0.533328125
0 0.6974355971896956 0.19465625 0.20971896955503513 0.3615625
0 0.7576932084309134 0.0914140625 0.0836768149882904 0.09739062500000001
0 0.9521662763466043 0.11776562500000001 0.055480093676814994 0.05275
0 0.47879391100702573 0.0643125 0.19051522248243558 0.128625
0 0.8171545667447305 0.0878828125 0.04985948477751756 0.045484375
0 0.2725526932084309 0.2646640625 0.2791569086651054 0.529328125
