0 0.0887109375 0.46783372365339576 0.176328125 0.9356674473067915
0 0.28884375 0.4063934426229508 0.17418750000000002 0.30496487119437937
0 0.5855546875000001 0.3711826697892272 0.156984375 0.41646370023419205
0 0.5133359375 0.34117096018735366 0.103609375 0.26824355971896957
0 0.4769296875 0.133384074941452 0.138140625 0.23271662763466044
0 0.2880078125 0.23864168618266982 0.160890625 0.26149882903981264
0 0.9653671875 0.09557377049180328 0.069265625 0.15316159250585482
0 0.1981171875 0.134519906323185 0.068265625 0.23873536299765807
0 0.3624921875 0.13851288056206087 0.10748437500000002 0.252248243559719
0 0.7392109375000001 0.18466042154566745 0.043734375 0.22594847775175644
0 0.713328125 0.1996487119437939 0.031718750000000004 0.2
0 0.6308515625000001 0.2722014051522248 0.043296875000000005 0.2511007025761124
0 0.9178671875 0.21362997658079624 0.040328125 0.1423887587822014
