0 0.2480703125 0.5535610766045549 0.490265625 0.8702691511387164
0 0.57359375 0.6561801242236025 0.20478125000000003 0.6876397515527951
0 0.8284609375 0.6651656314699793 0.29001562500000005 0.6381987577639752
0 0.8258203125000002 0.28861283643892344 0.038484375 0.10132505175983438
0 0.1841953125 0.3595755693581781 0.07420312500000001 0.08138716356107661
0 0.97740625 0.2627225672877847 0.035625000000000004 0.15393374741200827
0 0.47916406250000004 0.47172877846790895 0.069078125 0.2242857142857143
0 0.6446718750000001 0.4863664596273293 0.09190625000000001 0.26792960662525883
0 0.92603125 0.2652587991718427 0.047343750000000004 0.14550724637681162
0 0.09309375 0.3728985507246377 0.03340625 0.11610766045548655
0 0.5274062500000001 0.39478260869565224 0.03859375 0.08550724637681159
0 0.514859375 0.3720186335403727 0.02640625 0.07459627329192547
0 0.8992890625 0.2795238095238095 0.024265625 0.11817805383022775
0 0.9265625000000001 0.5879917184265011 0.14375000000000002 0.8198757763975156
