0 0.593453125 0.5984989429175477 0.064875 0.18604651162790697
0 0.8182265625 0.6235940803382664 0.072359375 0.20460887949260043
0 0.528140625 0.630338266384778 0.09965625 0.2629175475687104
0 0.426 0.6752748414376321 0.11790624999999999 0.5640380549682876
0 0.0810703125 0.5546405919661733 0.044828125 0.1787526427061311
0 0.7733203125000001 0.5309513742071882 0.019171875 0.05898520084566596
0 0.8603828125 0.514524312896406 0.033359375000000004 0.04570824524312897
0 0.9288046875000001 0.5641437632135307 0.030359375 0.09585623678646936
0 0.972078125 0.546754756871036 0.055843750000000004 0.11680761099365751
0 0.716828125 0.549154334038055 0.0230625 0.08490486257928118
0 0.17664843750000003 0.5496617336152221 0.073171875 0.17209302325581396
0 0.11141406250000002 0.5398942917547569 0.044078125 0.16714587737843553
