0 0.1819921875 0.8953395784543325 0.010453125 0.018969555035128805
0 0.141453125 0.9367330210772834 0.009156250000000001 0.024285714285714285
0 0.24953125000000004 0.9422599531615926 0.00525 0.021662763466042154
0 0.016453125 0.9021545667447306 0.006 0.018501170960187354
0 0.11020312500000001 0.9078688524590163 0.0045 0.013489461358313817
0 0.09334375 0.909519906323185 0.009437500000000001 0.04161592505854801
0 0.11248437500000003 0.9360655737704918 0.01009375 0.013536299765807964
0 0.1558046875 0.9201990632318502 0.004828125 0.016182669789227166
0 0.046453125000000005 0.8999531615925058 0.00609375 0.024918032786885248
0 0.19703906250000003 0.9024941451990632 0.0031718749999999998 0.010234192037470726
0 0.155 0.9773419203747072 0.00646875 0.03018735362997658
0 0.07803125000000001 0.9287236533957846 0.0073437500000000005 0.012810304449648712
0 0.0071171875 0.9052927400468385 0.0074218750000000005 0.022060889929742387
0 0.225 0.9344262295081968 0.140625 0.09836065573770492
