0 0.46328125000000003 0.4696604215456675 0.07496875 0.33707259953161595
0 0.2586015625 0.4797540983606557 0.142015625 0.5027400468384075
0 0.11453906250000001 0.5608430913348946 0.111796875 0.38346604215456676
0 0.0419765625 0.5415690866510539 0.083953125 0.42248243559718973
0 0.65875 0.42736533957845435 0.07015625 0.2940749414519906
0 0.2429375 0.5683606557377049 0.07884375 0.2961592505854801
0 0.6556406250000001 0.11768149882903982 0.023781250000000004 0.09372365339578455
0 0.43024218750000004 0.1723536299765808 0.025703125 0.09360655737704918
0 0.32483593750000006 0.13079625292740046 0.019734375000000002 0.06103044496487119
0 0.8320234375000001 0.12334894613583139 0.012921875 0.0619672131147541
0 0.528625 0.1365105386416862 0.01915625 0.07831381733021077
0 0.8684687500000001 0.11124121779859485 0.0125 0.05704918032786885
