2 0.39487500000000003 0.4898165137614679 0.682625 0.6975688073394496
0 0.9324765625000002 0.44831422018348627 0.135046875 0.415711009174312
0 0.4585 0.1865137614678899 0.11481250000000001 0.18426605504587157
0 0.7868828125 0.18763761467889906 0.17757812500000003 0.36628440366972476
0 0.83415625 0.46040137614678905 0.11568750000000001 0.42162844036697256
0 0.9383828125000001 0.13969036697247708 0.12323437500000001 0.27938073394495416
0 0.62965625 0.5132798165137615 0.1095 0.23605504587155965
2 0.0790390625 0.5408944954128441 0.150921875 0.24541284403669728
0 0.477125 0.10175458715596332 0.16718750000000002 0.20350917431192664
0 0.17493750000000002 0.5831192660550459 0.06946875000000001 0.1609633027522936
0 0.7184140625 0.04026376146788991 0.095546875 0.08052752293577982
0 0.401765625 0.18884174311926608 0.0765625 0.1698394495412844
0 0.18650781250000004 0.19477064220183488 0.15235937500000002 0.38816513761467897
0 0.7009296875000001 0.5180389908256882 0.20482812500000003 0.28690366972477066
