0 0.646109375 0.5427916666666667 0.21453125000000003 0.8085416666666667
0 0.36125000000000007 0.16445833333333332 0.0528125 0.27095833333333336
0 0.56703125 0.5048229166666667 0.055531250000000004 0.1414375
0 0.38320312500000003 0.5319166666666666 0.06906250000000001 0.07983333333333334
0 0.3143125 0.503125 0.10049999999999999 0.13695833333333332
0 0.36399218750000006 0.4219166666666666 0.060328125 0.095625
0 0.25522656250000003 0.4094479166666667 0.063765625 0.10422916666666666
0 0.8660703125 0.3183229166666667 0.099171875 0.0874375
0 0.8494296875 0.2919791666666667 0.048953125 0.07154166666666667
0 0.493625 0.4367083333333333 0.07621875 0.10491666666666666
0 0.3735625 0.4584375 0.0698125 0.07012499999999999
0 0.205578125 0.48425 0.07234375 0.183125
0 0.9787265625 0.30155208333333333 0.042546875000000005 0.04672916666666667
0 0.41640625000000003 0.31354166666666666 0.8296875 0.55625
