0 0.40669531249999996 0.6090588235294118 0.10604687500000001 0.4861176470588235
0 0.762265625 0.6995058823529412 0.11003125000000001 0.1544
0 0.19584375 0.5844235294117647 0.10609375000000001 0.313035294117647
0 0.0662265625 0.5916235294117647 0.07485937499999999 0.13854117647058822
0 0.693078125 0.5177529411764705 0.06421875 0.2176235294117647
0 0.7680546875 0.4621411764705883 0.062109375 0.2261176470588235
0 0.8275390625000001 0.4812941176470588 0.050046875000000005 0.19792941176470588
0 0.5797421875000001 0.6887529411764705 0.12982812500000002 0.1820235294117647
0 0.6195546875 0.3833882352941176 0.029921875 0.11830588235294116
0 0.4798359375 0.6207294117647059 0.052171875000000006 0.3205176470588235
0 0.35488281250000003 0.3224705882352941 0.022140625 0.08230588235294116
0 0.5705390625 0.3092117647058823 0.007515625 0.03607058823529411
0 0.5 0.46117647058823524 0.9968750000000001 0.4564705882352941
