0 0.41873437500000005 0.6474941451990632 0.029343750000000002 0.1015456674473068
0 0.5125625 0.4612997658079625 0.0244375 0.09833723653395784
0 0.4689609375 0.389672131147541 0.012515625 0.02730679156908665
0 0.10327343750000001 0.41758782201405154 0.028765625000000003 0.05756440281030444
0 0.43725781250000006 0.38355971896955504 0.025765625 0.044402810304449654
0 0.7586328125000001 0.4513348946135831 0.042921875 0.08281030444964871
0 0.7928437500000001 0.44402810304449647 0.03746875 0.08548009367681499
0 0.4244375000000001 0.36896955503512885 0.01671875 0.027915690866510537
0 0.36157031250000005 0.42492974238875875 0.023859375000000002 0.057494145199063235
0 0.40604687500000003 0.4836299765807962 0.028125 0.08098360655737705
0 0.498765625 0.37963700234192044 0.01253125 0.022646370023419203
