0 0.324125 0.48550351288056204 0.02496875 0.16922716627634662
0 0.29785937500000004 0.49517564402810305 0.03209375 0.10772833723653395
0 0.28206250000000005 0.5016510538641685 0.0140625 0.15449648711943795
0 0.86059375 0.5662880562060889 0.06596875 0.2381967213114754
0 0.252 0.45060889929742387 0.01165625 0.03878220140515222
0 0.22585937499999997 0.4776932084309134 0.011562500000000002 0.09098360655737706
0 0.24157812499999998 0.49764637002341916 0.011437500000000001 0.11992974238875878
0 0.7972578125 0.5612997658079625 0.050515625 0.23524590163934428
0 0.21207812500000003 0.4462177985948478 0.01021875 0.08002341920374707
0 0.9145859375000001 0.560807962529274 0.031640625 0.2535128805620609
0 0.6256406250000001 0.6440749414519906 0.029687500000000002 0.1033255269320843
0 0.192359375 0.4453747072599532 0.00803125 0.06995316159250586
0 0.5250078125000001 0.4482201405152225 0.035265625 0.04562060889929743
