0 0.443078125 0.7415738161559889 0.104625 0.4853760445682451
0 0.6166640624999999 0.4306545961002785 0.025078125000000003 0.07066852367688023
0 0.7021171875000001 0.8134818941504177 0.133609375 0.36852367688022286
0 0.1752109375 0.6408774373259053 0.057984375000000005 0.4561838440111421
0 0.6695546875 0.4305571030640669 0.022421875 0.0849025069637883
0 0.33809375 0.7944289693593315 0.07809375 0.41041782729805015
0 0.5659765625000001 0.7955153203342618 0.136140625 0.39999999999999997
0 0.19355468750000002 0.7578412256267409 0.007640625 0.04376044568245126
0 0.11865625 0.642924791086351 0.03859375 0.2883565459610028
0 0.859046875 0.8280919220055709 0.1121875 0.3213649025069638
0 0.7821875 0.8019220055710307 0.09109375 0.39615598885793873
0 0.9724453125000001 0.849025069637883 0.05510937500000001 0.301949860724234
0 0.666953125 0.6967270194986073 0.059 0.1737883008356546
0 0.5125000000000001 0.6838440111420613 0.971875 0.6211699164345403
