2 0.1274025974025974 0.19819742489270387 0.10525974025974028 0.27253218884120173
2 0.371185064935065 0.1750214592274678 0.044642857142857144 0.11510729613733905
2 0.437646103896104 0.2265236051502146 0.11821428571428572 0.17476394849785407
2 0.3050974025974026 0.15178111587982832 0.10603896103896103 0.22459227467811158
2 0.28176948051948053 0.17358369098712445 0.05795454545454546 0.16124463519313303
2 0.3782467532467533 0.8924678111587983 0.05694805194805195 0.1290557939914163
2 0.5692694805194805 0.2198283261802575 0.1315909090909091 0.11296137339055794
2 0.6310389610389612 0.13667381974248927 0.06772727272727273 0.15257510729613732
2 0.7046915584415585 0.22716738197424896 0.08737012987012988 0.16171673819742488
2 0.428685064935065 0.6043133047210301 0.1447727272727273 0.09463519313304722
2 0.872435064935065 0.23622317596566525 0.23954545454545456 0.16626609442060086
2 0.941948051948052 0.14199570815450643 0.10948051948051948 0.11231759656652361
2 0.39681818181818185 0.5666952789699572 0.13688311688311688 0.12781115879828325
2 0.9563961038961041 0.5060729613733905 0.08506493506493507 0.12227467811158797
2 0.5944805194805195 0.8283261802575107 0.07285714285714287 0.1684978540772532
2 0.4510227272727273 0.8391416309012875 0.0930844155844156 0.23716738197424891
2 0.15287337662337663 0.5421673819742489 0.17275974025974028 0.2434763948497854
2 0.49944805194805203 0.5215021459227467 0.9924025974025975 0.9441201716738197
2 0.8780357142857144 0.45124463519313307 0.09133116883116883 0.12206008583690987
2 0.5 0.5643776824034334 0.9935064935064936 0.8626609442060086
