2 0.7113359375 0.6442516268980477 0.162796875 0.14420824295010848
0 0.31246875 0.6489370932754881 0.2253125 0.31852494577006507
0 0.6390000000000001 0.1922234273318872 0.040781250000000005 0.03490238611713666
0 0.6899609375000001 0.1897830802603037 0.047984375 0.06659436008676789
0 0.3771796875 0.092646420824295 0.013484375000000002 0.04130151843817787
0 0.40055468750000006 0.08605206073752712 0.016140625000000002 0.05136659436008677
0 0.731453125 0.08295010845986986 0.018625 0.04785249457700651
0 0.49640625 0.08811279826464208 0.013906250000000002 0.04806941431670282
0 0.9014453125000002 0.08821041214750543 0.010484375 0.05299349240780911
0 0.340625 0.08840563991323211 0.00990625 0.049002169197396965
0 0.793765625 0.08608459869848156 0.008875 0.04752711496746204
0 0.75090625 0.0838937093275488 0.011687500000000002 0.051171366594360085
0 0.7079531250000001 0.08032537960954447 0.0124375 0.032885032537960955
0 0.735203125 0.1993926247288503 0.06328125 0.09561822125813449
0 0.56484375 0.08351409978308026 0.8390625 0.07592190889370933
