0 0.652046875 0.3603621495327103 0.024156250000000004 0.13712616822429904
0 0.594203125 0.3433060747663551 0.0239375 0.11544392523364484
0 0.56225 0.3618457943925233 0.027531250000000004 0.11088785046728972
0 0.671125 0.35997663551401865 0.026000000000000002 0.14098130841121495
0 0.7905703125000001 0.3868457943925233 0.026734375 0.10084112149532709
0 0.7055781250000002 0.3587383177570093 0.032718750000000005 0.1453271028037383
0 0.7314218750000001 0.377126168224299 0.031625 0.08378504672897195
0 0.500640625 0.315607476635514 0.13971875 0.2130373831775701
0 0.14578906249999998 0.3347429906542056 0.056609374999999997 0.17271028037383176
0 0.633515625 0.3444976635514018 0.018062500000000002 0.10315420560747662
