0 0.32384375 0.6073020833333334 0.255125 0.7853958333333333
0 0.58909375 0.48904166666666665 0.01134375 0.033166666666666664
0 0.6089765625000001 0.4873020833333333 0.011984375 0.031229166666666665
0 0.7926328125 0.517125 0.021890625 0.07533333333333332
0 0.966609375 0.54425 0.035437500000000004 0.11433333333333334
0 0.6622578125 0.49976041666666665 0.017015625000000003 0.06372916666666667
0 0.6980312500000001 0.5057708333333334 0.02128125 0.07470833333333333
0 0.7148359375000001 0.5037604166666667 0.018359375 0.0529375
0 0.7084140625 0.48440625 0.007671875000000001 0.02414583333333333
0 0.8362578125 0.517 0.023109375 0.08354166666666667
0 0.645140625 0.5293645833333334 0.023625 0.1368125
0 0.8830859375 0.5333333333333333 0.04610937500000001 0.134375
0 0.6799765625 0.5093958333333333 0.022390625 0.08312499999999999
0 0.7589765625 0.51478125 0.013640625000000002 0.07789583333333333
0 0.9375 0.5072916666666667 0.021875000000000002 0.05625
