0 0.6743828125000001 0.5475363825363826 0.113703125 0.3696673596673597
0 0.406203125 0.47907484407484413 0.0331875 0.07523908523908523
0 0.28524218749999997 0.48177754677754675 0.018484375 0.06667359667359668
0 0.822265625 0.5134719334719335 0.01959375 0.05064449064449065
0 0.18436718750000003 0.5036798336798337 0.013515625000000002 0.08735966735966737
0 0.3407265625 0.49640332640332646 0.032640625 0.07492723492723492
0 0.3025 0.498960498960499 0.019250000000000003 0.06952182952182952
0 0.9273281250000001 0.5154054054054055 0.0171875 0.02972972972972973
0 0.5746171875 0.5006860706860706 0.024609375000000003 0.053970893970893975
0 0.242765625 0.5262370062370062 0.01746875 0.061122661122661126
0 0.912109375 0.5950727650727651 0.03225 0.07625779625779626
0 0.27135156250000003 0.49510395010395014 0.014234375 0.02937629937629938
0 0.31965625 0.5146153846153847 0.014656250000000003 0.035343035343035345
