0 0.36759375 0.5836543535620052 0.03325 0.06635883905013192
0 0.10523437499999999 0.7217546174142481 0.024 0.15300791556728233
0 0.2541171875 0.5777704485488127 0.025515625 0.06857519788918205
0 0.035390625 0.7215963060686016 0.032625 0.15406332453825858
0 0.0133359375 0.7335092348284961 0.022578125 0.1562005277044855
0 0.06696875000000001 0.7212005277044854 0.03875000000000001 0.17722955145118732
0 0.08021093750000001 0.7088126649076516 0.017234375 0.1375725593667546
0 0.30535937500000004 0.5798021108179419 0.032031250000000004 0.07163588390501319
0 0.8144140625 0.7774406332453826 0.018328125 0.021688654353562008
0 0.41510937499999995 0.5885883905013192 0.02759375 0.07638522427440633
0 0.3509609375 0.5665171503957783 0.018171875 0.05303430079155673
0 0.4272578125 0.5752770448548813 0.026359375000000004 0.0654353562005277
0 0.55234375 0.7018469656992085 0.8578125000000001 0.3113456464379947
