0 0.2880390625 0.792236842105263 0.094828125 0.4155263157894737
0 0.3820234375 0.7959688995215312 0.100953125 0.40763157894736834
0 0.6250546875 0.7467703349282295 0.089796875 0.27248803827751195
0 0.46189062499999994 0.5633253588516746 0.073125 0.1469377990430622
0 0.5327968750000001 0.562212918660287 0.072 0.15519138755980863
0 0.7008203125 0.7232177033492823 0.10714062499999999 0.3505502392344497
0 0.8732734375 0.7423325358851675 0.10860937500000001 0.4337081339712918
0 0.19496093750000001 0.6627511961722488 0.097609375 0.44411483253588513
0 0.2860078125 0.5663875598086124 0.093046875 0.21698564593301436
0 0.5914687500000001 0.6047368421052631 0.0894375 0.20344497607655504
0 0.3632578125 0.5830143540669855 0.07542187500000001 0.2427272727272727
0 0.7787734375 0.7181339712918661 0.114453125 0.44612440191387553
0 0.4640546875 0.7994377990430621 0.08976562500000002 0.3508851674641148
0 0.45937500000000003 0.5239234449760766 0.48125 0.7464114832535885
