2 0.7009531250000001 0.57171875 0.39084375 0.35010416666666666
0 0.2658046875 0.24125 0.148984375 0.4825
0 0.4761250000000001 0.07840625 0.20034375000000001 0.1560625
0 0.9576484375000001 0.09277083333333333 0.084703125 0.18554166666666666
0 0.9044453125 0.0521875 0.076015625 0.104375
0 0.5481640625 0.02646875 0.057765625 0.0529375
0 0.06248437500000001 0.17809375 0.12496875000000002 0.3561875
0 0.6861171875000001 0.11986458333333334 0.251453125 0.23635416666666667
0 0.8254375 0.08711458333333333 0.228375 0.17347916666666666
0 0.237421875 0.18180208333333334 0.27246875 0.34322916666666664
0 0.11153906250000001 0.073875 0.086390625 0.14775
0 0.26746875000000003 0.2283125 0.16628125000000002 0.456625
