0 0.7618203125 0.9414479166666666 0.05404687500000001 0.09685416666666667
0 0.9163749999999999 0.5877395833333333 0.07868750000000001 0.0976875
0 0.3044140625 0.3575625 0.016171875 0.023875
0 0.1856484375 0.5864270833333333 0.038921875 0.08214583333333333
0 0.6085078125000001 0.21167708333333332 0.012234375 0.0136875
0 0.17535156250000003 0.4605416666666667 0.017078125 0.044000000000000004
0 0.21272656250000002 0.4369375 0.027546875 0.06183333333333333
0 0.50209375 0.3915729166666666 0.021875000000000002 0.06372916666666667
0 0.464078125 0.4004270833333334 0.02384375 0.05660416666666667
0 0.43303125 0.40396875 0.02284375 0.05460416666666667
0 0.7622031250000001 0.19288541666666667 0.02115625 0.0428125
0 0.11457031250000001 0.6143854166666667 0.049796875000000004 0.06185416666666667
0 0.49921875000000004 0.31979166666666664 0.9984375000000001 0.6395833333333333
