0 0.791625 0.34650614754098363 0.32556250000000003 0.6764139344262295
0 0.2727265625 0.2337909836065574 0.072953125 0.2232377049180328
0 0.17477343750000002 0.46741803278688526 0.25017187500000004 0.4898770491803279
0 0.5481796875000001 0.18065573770491802 0.06298437500000001 0.15938524590163936
0 0.7197578125 0.2082377049180328 0.08614062500000001 0.1745081967213115
0 0.43490625 0.18790983606557377 0.08309375000000001 0.1462704918032787
0 0.411125 0.4081659836065574 0.2029375 0.4042418032786886
0 0.3200390625 0.37917008196721314 0.130578125 0.4832991803278689
0 0.3046875 0.16360655737704918 0.05656250000000001 0.18348360655737708
0 0.5911484375000001 0.36366803278688525 0.205609375 0.5438114754098361
0 0.454921875 0.11527663934426229 0.14540625000000001 0.19432377049180327
0 0.4945546875 0.2789549180327869 0.061015625 0.2206967213114754
