0 0.4209803921568627 0.37478758169934645 0.11666666666666668 0.3084313725490196
0 0.8061601307189543 0.6159395424836601 0.1215686274509804 0.314297385620915
0 0.8733006535947714 0.5674918300653595 0.032679738562091505 0.11112745098039217
0 0.7174509803921568 0.533766339869281 0.04441176470588235 0.055049019607843135
0 0.931593137254902 0.5777369281045751 0.034983660130718956 0.09697712418300654
0 0.6865196078431373 0.5143300653594771 0.03800653594771242 0.05483660130718955
0 0.1571486928104575 0.5184313725490196 0.04645424836601307 0.15245098039215688
0 0.047524509803921575 0.5033251633986928 0.05191176470588235 0.1713888888888889
0 0.9091339869281045 0.5759068627450981 0.03620915032679739 0.10089869281045752
0 0.20255718954248367 0.5097303921568628 0.0513562091503268 0.15037581699346406
0 0.11445261437908498 0.5170915032679739 0.061911764705882354 0.15450980392156863
0 0.9775163398692809 0.565906862745098 0.04388888888888889 0.09011437908496732
0 0.2591748366013072 0.4631944444444445 0.0378921568627451 0.04527777777777778
0 0.7263071895424836 0.5498366013071896 0.05065359477124183 0.07026143790849673
