0 0.7495700000000001 0.1155111821086262 0.043500000000000004 0.078370607028754
0 0.5748099999999999 0.187332268370607 0.050100000000000006 0.08884984025559105
0 0.61712 0.17597444089456868 0.03232 0.07936102236421724
0 0.67466 0.24044728434504792 0.03184 0.09578274760383386
0 0.65283 0.3257667731629393 0.045020000000000004 0.1679552715654952
0 0.26587 0.5775239616613418 0.09002 0.24271565495207667
0 0.26257 0.17287539936102236 0.06762 0.14083067092651755
0 0.22483999999999998 0.3130191693290735 0.05372 0.18980830670926516
0 0.3659 0.5861341853035144 0.08328 0.20051118210862617
0 0.6702100000000001 0.700926517571885 0.2765 0.5717571884984025
0 0.7859700000000001 0.6696325878594249 0.1787 0.6607348242811502
0 0.34014 0.06063897763578275 0.05104 0.11354632587859424
0 0.39712000000000003 0.3168370607028754 0.06828000000000001 0.17891373801916932
0 0.499 0.4984025559105431 0.998 0.9968051118210862
