0 0.20059375000000002 0.59271875 0.0320625 0.10810416666666667
0 0.8409843750000001 0.5672083333333333 0.029343750000000002 0.09054166666666667
0 0.559828125 0.43240625 0.01596875 0.03339583333333333
0 0.43357812500000004 0.43761458333333336 0.013031250000000001 0.028770833333333332
0 0.498265625 0.5022604166666667 0.0396875 0.12327083333333333
0 0.4770078125000001 0.43975000000000003 0.018671875 0.021875
0 0.46718750000000003 0.43076041666666665 0.011687500000000002 0.0169375
0 0.3311015625 0.50475 0.015328125000000001 0.044458333333333336
0 0.6023125 0.42544791666666665 0.02021875 0.022479166666666665
0 0.9875859375000001 0.5957291666666668 0.024828125000000003 0.07437500000000001
0 0.46184375 0.43697916666666664 0.006812500000000001 0.028625
