0 0.519296875 0.7021428571428572 0.01178125 0.03744730679156909
0 0.21087500000000003 0.9255971896955503 0.020125000000000004 0.08646370023419205
0 0.4200078125 0.717857142857143 0.016671875 0.03791569086651054
0 0.20198437500000002 0.8149180327868851 0.022000000000000002 0.06997658079625292
0 0.3957890625 0.7244028103044498 0.022859375 0.024168618266978924
0 0.3498671875 0.7197306791569087 0.011328125000000001 0.03271662763466042
0 0.531359375 0.7002927400468385 0.00840625 0.034215456674473066
0 0.8354843750000001 0.730503512880562 0.014656250000000003 0.019836065573770493
0 0.366234375 0.7217096018735364 0.01221875 0.026276346604215458
0 0.9601249999999999 0.8789110070257612 0.025937500000000002 0.06789227166276346
0 0.3923125 0.7098126463700235 0.007531250000000001 0.02187353629976581
0 0.5396171875000001 0.699016393442623 0.008578125 0.030491803278688525
