0 0.2915390625 0.42311816192560175 0.041296875000000004 0.1699562363238512
0 0.22384375 0.4280853391684901 0.14603125 0.7707877461706784
0 0.08857812500000001 0.4862910284463895 0.0728125 0.24024070021881838
0 0.12609375 0.450601750547046 0.02890625 0.10719912472647702
0 0.15826562500000002 0.41268052516411374 0.04378125 0.17940919037199124
0 0.6218046875000001 0.4487308533916849 0.033140625 0.11295404814004376
0 0.8119453125 0.6216739606126915 0.22464062500000004 0.6680743982494529
0 0.6898046875000001 0.4565645514223194 0.062046875 0.2866958424507659
0 0.896890625 0.3684245076586433 0.01490625 0.0575054704595186
0 0.5463046875 0.36756017505470456 0.013640625000000002 0.06308533916849014
0 0.4224765625 0.41854485776805245 0.072140625 0.1822100656455142
0 0.37796875 0.4183698030634573 0.050749999999999997 0.17879649890590807
0 0.05267187500000001 0.47118161925601754 0.0236875 0.08354485776805251
0 0.48750000000000004 0.3949671772428884 0.971875 0.2910284463894967
