0 0.6373856209150327 0.42567810457516336 0.35133986928104577 0.4256699346405229
0 0.5352124183006536 0.5670424836601308 0.4329411764705882 0.26754901960784316
0 0.32214052287581696 0.7384722222222223 0.1566013071895425 0.2639705882352941
0 0.24944444444444444 0.6579411764705883 0.1812091503267974 0.46084967320261444
0 0.20785947712418304 0.3348284313725491 0.1146078431372549 0.26965686274509804
0 0.8723856209150327 0.4481617647058823 0.13604575163398694 0.2939705882352941
0 0.8716911764705882 0.7649101307189543 0.18580065359477124 0.4701797385620915
0 0.9048529411764706 0.24691176470588239 0.11944444444444444 0.3077450980392157
0 0.021977124183006534 0.7612254901960784 0.04395424836601307 0.3047712418300654
0 0.40259803921568627 0.8493464052287582 0.2181699346405229 0.27532679738562094
