0 0.060703125000000004 0.46053124999999995 0.04503125 0.16514583333333333
0 0.25839062500000004 0.88846875 0.1610625 0.21943749999999998
0 0.5426093750000001 0.8936041666666666 0.13375 0.191875
0 0.64575 0.9462708333333334 0.11775000000000001 0.10745833333333332
0 0.8840625 0.9028020833333333 0.12165625000000001 0.19343749999999998
0 0.1971875 0.4717083333333333 0.044937500000000005 0.064375
0 0.9238906250000002 0.4457916666666667 0.051062500000000004 0.06937499999999999
0 0.43388281250000005 0.9645 0.09423437500000001 0.071
0 0.082921875 0.8867708333333334 0.16584375 0.22620833333333332
0 0.9629921874999999 0.9480000000000001 0.074015625 0.10158333333333333
