0 0.052859375 0.9691681735985532 0.031156250000000003 0.06166365280289331
0 0.763890625 0.952748643761302 0.0193125 0.041084990958408674
0 0.49314843750000004 0.9626672694394214 0.017171875 0.06045207956600361
0 0.07896875000000002 0.967866184448463 0.025500000000000002 0.06426763110307414
0 0.46577343750000005 0.9666907775768536 0.022640625 0.05009041591320072
0 0.2929609375 0.9588698010849909 0.03698437500000001 0.057558770343580465
0 0.8279765625 0.93375226039783 0.011390625000000001 0.013508137432188065
0 0.7418125000000001 0.9383996383363473 0.0190625 0.02240506329113924
0 0.9515390625000001 0.9432368896925857 0.011921875 0.014683544303797466
0 0.9726796875 0.9316907775768536 0.005890625 0.012350813743218806
0 0.0167578125 0.9678481012658228 0.033515625 0.06245931283905967
0 0.5465390625000001 0.9796021699819168 0.049609375000000004 0.04079566003616636
