0 0.1912890625 0.17977083333333335 0.11967187500000001 0.3595416666666667
0 0.41869531249999997 0.08522916666666666 0.07645312500000001 0.17045833333333332
0 0.555671875 0.0685 0.0188125 0.08762500000000001
0 0.5305625 0.07088541666666667 0.01815625 0.09089583333333334
0 0.62509375 0.055760416666666666 0.025124999999999998 0.05639583333333333
0 0.7847890625000001 0.06242708333333334 0.027484375000000002 0.08285416666666667
0 0.6462656250000001 0.05915625 0.0204375 0.0619375
0 0.6851640625000001 0.045010416666666664 0.016671875 0.051437500000000004
0 0.010234375 0.07961458333333332 0.02046875 0.12472916666666665
0 0.6696562500000001 0.05588541666666667 0.01384375 0.0513125
0 0.921984375 0.051104166666666666 0.020375 0.04795833333333333
0 0.7624453125000001 0.028593749999999998 0.013578125 0.026729166666666665
0 0.37985937500000005 0.08184374999999999 0.041843750000000006 0.16368749999999999
0 0.53515625 0.07395833333333333 0.8546875 0.11458333333333333
