0 0.23327614379084965 0.45022058823529415 0.10848039215686275 0.5661274509803922
0 0.07526143790849674 0.36803104575163403 0.07418300653594771 0.23635620915032682
0 0.03118464052287582 0.359436274509804 0.05694444444444445 0.20410130718954247
0 0.7575816993464052 0.30413398692810456 0.023725490196078433 0.05633986928104575
0 0.7237990196078432 0.299640522875817 0.017467320261437908 0.03830065359477124
0 0.6993055555555555 0.3011683006535948 0.020931372549019608 0.03459150326797386
0 0.9697467320261438 0.3927369281045752 0.05936274509803922 0.20289215686274512
0 0.8020669934640522 0.29608660130718956 0.026225490196078432 0.05034313725490196
0 0.6689624183006536 0.2934967320261438 0.02694444444444444 0.05032679738562092
0 0.12632352941176472 0.36584967320261436 0.09068627450980392 0.24483660130718957
0 0.46397058823529413 0.43459967320261444 0.06839869281045752 0.3675980392156863
0 0.3506535947712418 0.47272875816993465 0.2441503267973856 0.8986928104575164
0 0.6180310457516339 0.31346405228758173 0.021094771241830065 0.026078431372549022
0 0.513888888888889 0.5196078431372549 0.9428104575163399 0.5588235294117647
