0 0.290375 0.36890625000000005 0.16704166666666667 0.41228125000000004
0 0.11151041666666667 0.38615625 0.21647916666666667 0.44209375
0 0.04054166666666666 0.3772578125 0.06908333333333333 0.39189062500000005
0 0.36634374999999997 0.3722890625 0.1075625 0.385265625
0 0.6037395833333332 0.5573046875 0.5782708333333333 0.867421875
0 0.061125 0.24524999999999997 0.12216666666666666 0.205625
0 0.37340625000000005 0.17207031250000002 0.051395833333333335 0.027984375000000002
0 0.23646874999999998 0.2063359375 0.0705625 0.078078125
0 0.18510416666666665 0.2161171875 0.06516666666666666 0.096703125
0 0.018479166666666665 0.13085156250000002 0.03683333333333333 0.050578125
0 0.7983229166666667 0.1597109375 0.0454375 0.022734375
