0 0.08370023419203748 0.6202578125000001 0.08168618266978923 0.060109375
0 0.7760655737704918 0.7249140625 0.05124121779859485 0.042234375000000005
0 0.2810538641686183 0.5874765625 0.041967213114754105 0.062890625
0 0.26081967213114754 0.5869921874999999 0.019999999999999997 0.060234375
0 0.4764871194379391 0.6080468750000001 0.06988290398126464 0.06696875000000001
0 0.8616159250585479 0.7364609375000001 0.06861826697892272 0.045234375
0 0.20617096018735362 0.5734687500000001 0.030000000000000002 0.034499999999999996
0 0.6929391100702578 0.5969531250000001 0.026533957845433255 0.05253125
0 0.12710772833723652 0.5810234375 0.03641686182669789 0.049671875000000004
0 0.10892271662763466 0.5689921875 0.03559718969555035 0.042890625
0 0.07640515222482436 0.569453125 0.02306791569086651 0.03534375
0 0.03937939110070258 0.5774453125 0.01477751756440281 0.036265625
0 0.297096018735363 0.5847265625000001 0.012833723653395785 0.026140625
