0 0.02359 0.9060533333333333 0.04718 0.17418666666666666
0 0.17799 0.8939066666666665 0.0361 0.078
0 0.59262 0.9473199999999999 0.032920000000000005 0.10397333333333333
0 0.71187 0.9026799999999999 0.01998 0.08658666666666666
0 0.9039600000000001 0.9538933333333334 0.02048 0.08250666666666667
0 0.08953 0.7648666666666666 0.0221 0.06834666666666667
0 0.47825 0.88472 0.03538 0.11344
0 0.7342000000000001 0.9232266666666668 0.03272 0.08688
0 0.44632 0.82008 0.012480000000000002 0.03130666666666666
0 0.04168 0.9537599999999998 0.039200000000000006 0.09247999999999999
0 0.35543 0.97448 0.02938 0.05104
0 0.68664 0.8965733333333333 0.02852 0.07858666666666667
0 0.11435000000000001 0.8485733333333334 0.023739999999999997 0.04088
0 0.504 0.8173333333333334 0.984 0.36
