0 0.7470390625 0.6035645933014354 0.217828125 0.37540669856459324
0 0.8027265625000001 0.10909090909090909 0.068265625 0.10918660287081339
0 0.6011953125 0.16011961722488038 0.026828125000000005 0.18095693779904307
0 0.6741171875 0.153744019138756 0.037171875 0.14681818181818182
0 0.6316171875000001 0.1558492822966507 0.037921875 0.16069377990430622
0 0.5605390625000001 0.15461722488038276 0.036359375 0.15818181818181817
0 0.5280703125 0.16995215311004783 0.045984375 0.14081339712918658
0 0.088203125 0.128744019138756 0.018343750000000002 0.06686602870813396
0 0.180265625 0.19822966507177034 0.06778125 0.19272727272727272
0 0.7988593750000001 0.19950956937799044 0.05031250000000001 0.0950956937799043
0 0.7129140625000001 0.15290669856459332 0.034109375 0.1450956937799043
0 0.037453125 0.11704545454545454 0.009437500000000001 0.031794258373205736
0 0.75678125 0.09797846889952153 0.019000000000000003 0.03729665071770335
0 0.38671875 0.12440191387559808 0.7703125000000001 0.08612440191387559
