0 0.3564490445859873 0.7412890624999999 0.24678343949044584 0.44170312500000003
0 0.5952388535031847 0.8205234375 0.24487261146496817 0.283015625
0 0.9721019108280256 0.607828125 0.055796178343949045 0.2625625
0 0.11356687898089171 0.6356250000000001 0.21980891719745224 0.28528125000000004
0 0.8484872611464969 0.6298125000000001 0.15729299363057325 0.29090625000000003
0 0.6580573248407644 0.674109375 0.10681528662420382 0.23650000000000004
0 0.7535191082802549 0.6938671875000001 0.04589171974522293 0.033140625
0 0.18996815286624205 0.6201875000000001 0.18611464968152866 0.2974375
0 0.44261146496815285 0.6199375 0.11668789808917199 0.22025000000000003
0 0.5320382165605095 0.6757109375 0.1807643312101911 0.263296875
0 0.7320859872611465 0.70025 0.08831210191082803 0.08665625
