0 0.6536171875000001 0.33370588235294113 0.146234375 0.4741411764705882
0 0.8077343750000001 0.2936117647058823 0.022093750000000002 0.05061176470588235
0 0.1214375 0.31072941176470587 0.022625000000000003 0.1060235294117647
0 0.9562109374999999 0.3594823529411764 0.042359375000000005 0.09025882352941175
0 0.577609375 0.3563176470588235 0.02409375 0.10327058823529411
0 0.16346875 0.6481882352941176 0.24362499999999998 0.34065882352941174
0 0.7925468750000001 0.3012941176470588 0.022625000000000003 0.040094117647058815
0 0.4012109375000001 0.3265882352941176 0.030296875 0.06296470588235294
0 0.19906250000000003 0.3636705882352941 0.041593750000000006 0.06494117647058824
0 0.9237968750000001 0.3083529411764706 0.044750000000000005 0.07444705882352941
