0 0.053765625 0.28830143540669856 0.02525 0.05511961722488038
0 0.0852578125 0.3069138755980861 0.010546875 0.02172248803827751
0 0.202359375 0.4020693779904306 0.046625 0.10772727272727273
0 0.055421875 0.36527511961722486 0.04071875 0.09944976076555023
0 0.1471171875 0.33696172248803824 0.025828125000000004 0.046794258373205735
0 0.18060156250000003 0.34214114832535886 0.014046875 0.03361244019138756
0 0.20719531250000003 0.31093301435406695 0.018359375 0.0438755980861244
0 0.275546875 0.34076555023923444 0.02065625 0.12349282296650717
0 0.3080625 0.3152751196172249 0.02078125 0.05997607655502392
0 0.38510937500000003 0.3215311004784689 0.011562500000000002 0.028995215311004782
0 0.06744531250000001 0.3045933014354067 0.012765625000000001 0.028995215311004782
2 0.8647031250000001 0.5542703349282296 0.09009375 0.03729665071770335
0 0.37223437500000006 0.32669856459330143 0.018125 0.02583732057416268
0 0.6480781250000001 0.2826555023923445 0.01853125 0.038229665071770336
0 0.43203125000000003 0.33014354066985646 0.8609375 0.21052631578947367
