0 0.8280882352941176 0.47940359477124184 0.23594771241830068 0.9550490196078432
0 0.9383415032679738 0.3634885620915033 0.1233169934640523 0.6188398692810458
0 0.3043545751633987 0.1570996732026144 0.08998366013071896 0.09194444444444445
0 0.4074918300653595 0.16194444444444442 0.06498366013071896 0.09163398692810458
0 0.9933578431372551 0.13734477124183006 0.013284313725490198 0.039330065359477126
0 0.2381944444444444 0.16447712418300653 0.041094771241830065 0.06705882352941177
0 0.9539297385620916 0.671903594771242 0.07864379084967321 0.39550653594771246
0 0.7715849673202614 0.08740196078431373 0.05166666666666667 0.06888888888888889
0 0.013611111111111112 0.17144607843137255 0.027222222222222224 0.05606209150326798
0 0.2650980392156863 0.15496732026143792 0.046764705882352944 0.06594771241830065
0 0.3342483660130719 0.16558006535947714 0.05032679738562092 0.07240196078431373
