0 0.8342890625000001 0.7782552693208432 0.016796875 0.023864168618266977
0 0.7847734375000001 0.779519906323185 0.012515625 0.03477751756440281
0 0.7557109375000001 0.7820374707259953 0.020109375 0.03381733021077283
0 0.8190781249999999 0.7803747072599532 0.0173125 0.04763466042154567
0 0.806296875 0.7816861826697892 0.009093750000000001 0.022903981264637
0 0.6292265625 0.7834894613583137 0.008359375 0.023512880562060887
0 0.7650546875 0.7910304449648712 0.017015625000000003 0.0214519906323185
0 0.7830703125 0.7946838407494144 0.017015625000000003 0.013114754098360656
0 0.8032734375000001 0.791487119437939 0.016359375000000002 0.01594847775175644
0 0.7337421875000001 0.7782318501170961 0.009140625 0.010843091334894613
