0 0.7967187500000001 0.8020705882352941 0.04371875 0.23567058823529408
0 0.899375 0.754470588235294 0.0250625 0.0904470588235294
0 0.8586953125000001 0.7446235294117647 0.031640625 0.11141176470588235
0 0.744375 0.7101529411764705 0.017656250000000002 0.07950588235294116
0 0.773625 0.7054470588235293 0.018687500000000003 0.08439999999999999
0 0.3198046875 0.6585647058823529 0.015203125000000001 0.05374117647058823
0 0.3957109375 0.6637294117647058 0.015671875 0.05089411764705882
0 0.4045 0.6609764705882353 0.011500000000000002 0.022799999999999997
0 0.72721875 0.7068117647058823 0.023656250000000004 0.08421176470588235
0 0.7365312500000001 0.6576117647058823 0.0134375 0.03461176470588235
0 0.77334375 0.6537058823529411 0.013500000000000002 0.04021176470588235
