0 0.8680234375 0.4521540880503146 0.031359375 0.07713836477987422
0 0.79209375 0.6666509433962264 0.1934375 0.3442452830188679
0 0.25403125000000004 0.5483805031446541 0.05321875000000001 0.16745283018867926
0 0.5162578125 0.5991352201257862 0.133390625 0.39933962264150946
0 0.9919296874999999 0.4414622641509434 0.014984375000000001 0.06235849056603773
0 0.5236796875 0.3970754716981132 0.022453125 0.059371069182389935
0 0.4794140625 0.4641509433962264 0.035328125 0.09811320754716982
0 0.49843750000000003 0.3330974842767296 0.027812500000000004 0.07682389937106919
0 0.8288671875000001 0.44979559748427683 0.037515625000000004 0.08776729559748428
0 0.7924609375 0.46284591194968555 0.035546875 0.09965408805031448
0 0.19718750000000002 0.5888993710691823 0.13878125 0.5531446540880504
0 0.9079140625 0.34608490566037736 0.027859375 0.08059748427672957
0 0.5357578125 0.550566037735849 0.047671875 0.15748427672955975
0 0.49921875000000004 0.27672955974842767 0.9984375000000001 0.5534591194968553
