0 0.41719 0.5529271708683473 0.56886 0.6721288515406162
0 0.45555 0.18406162464985998 0.09802 0.17624649859943978
0 0.38865 0.20159663865546218 0.10278 0.14436974789915966
0 0.30516 0.16441176470588237 0.05704 0.15140056022408963
0 0.25458000000000003 0.21217086834733895 0.09636 0.09683473389355743
0 0.19574000000000003 0.1692156862745098 0.09644 0.14974789915966386
0 0.11106 0.20007002801120446 0.13040000000000002 0.11487394957983192
0 0.53991 0.20557422969187675 0.0643 0.1395518207282913
0 0.7894399999999999 0.24014005602240893 0.09052 0.09159663865546219
0 0.95252 0.2296498599439776 0.06352000000000001 0.13745098039215686
0 0.63601 0.20740896358543418 0.06881999999999999 0.15123249299719888
0 0.70707 0.2092857142857143 0.07558 0.15089635854341737
0 0.5699500000000001 0.23042016806722687 0.07742 0.09254901960784313
0 0.5 0.1484593837535014 0.996 0.2969187675070028
