0 0.6158828125000001 0.5788099041533545 0.014578125 0.014552715654952076
0 0.24080468750000003 0.5816613418530351 0.040734375 0.05182108626198083
0 0.152890625 0.577667731629393 0.01775 0.03428115015974441
0 0.0981484375 0.5686980830670926 0.032078125000000006 0.04298722044728434
0 0.5152578125000001 0.5799041533546326 0.046015625000000004 0.0560702875399361
0 0.29547656250000004 0.5899121405750799 0.013046875 0.007971246006389777
0 0.768328125 0.5754313099041533 0.03709375 0.02303514376996805
0 0.3994296875 0.5184424920127796 0.10926562500000002 0.18710862619808305
0 0.2805078125 0.586238019169329 0.062796875 0.06464856230031948
0 0.42292968750000004 0.5886900958466454 0.066421875 0.0394888178913738
0 0.575171875 0.5865894568690095 0.05859375 0.03940894568690096
0 0.0631953125 0.5671725239616613 0.039640625000000006 0.05619808306709265
