0 0.6440156250000001 0.454626168224299 0.068375 0.22126168224299064
0 0.8058125 0.5250233644859813 0.03465625 0.15028037383177567
0 0.8656953125 0.5419275700934579 0.08826562500000001 0.50553738317757
0 0.71796875 0.4387733644859813 0.08328125 0.2560981308411215
0 0.7026718750000001 0.7353971962616822 0.14475000000000002 0.5249532710280373
0 0.690625 0.44749999999999995 0.03325 0.19943925233644857
0 0.8363203125 0.6629205607476636 0.32610937500000003 0.6427102803738317
0 0.8165859375000001 0.8089369158878503 0.10773437500000001 0.2713785046728972
0 0.7904921875 0.6449532710280373 0.07145312499999999 0.0869626168224299
0 0.8297265625 0.5307827102803738 0.022453125 0.16628504672897196
