0 0.19985937500000003 0.6791257367387032 0.055406250000000004 0.15015717092337919
0 0.5864609375 0.40653241650294697 0.038953125000000005 0.0600196463654224
0 0.139671875 0.5302554027504911 0.018375 0.09123772102161098
0 0.16756250000000003 0.5167092337917485 0.023656250000000004 0.05907662082514734
0 0.40779687500000006 0.6705402750491158 0.0291875 0.05530451866404715
0 0.3944296875 0.6581827111984282 0.028453125000000003 0.06752455795677799
0 0.30260156250000003 0.4630648330058939 0.023671875000000002 0.047976424361493124
0 0.35145312500000003 0.45455795677799604 0.026281250000000003 0.04742632612966601
0 0.534953125 0.4083497053045187 0.026250000000000002 0.0717878192534381
0 0.7495 0.4022888015717092 0.07387500000000001 0.06948919449901768
0 0.35149218750000005 0.6621709233791748 0.028890625 0.04760314341846758
0 0.3593906250000001 0.6743222003929273 0.01978125 0.035834970530451864
0 0.5046875000000001 0.5314341846758349 0.45625000000000004 0.3673870333988212
