0 0.49701562499999996 0.6224707259953162 0.26237499999999997 0.732576112412178
0 0.7031718750000001 0.5689812646370023 0.20090625000000004 0.8292037470725995
0 0.8126249999999999 0.6719086651053864 0.263875 0.6337002341920374
0 0.307359375 0.5887587822014052 0.284875 0.8
0 0.1356328125 0.6715925058548009 0.271265625 0.6568149882903981
0 0.44383593750000006 0.4048126463700234 0.081703125 0.2023185011709602
0 0.074546875 0.482248243559719 0.082875 0.19128805620608902
0 0.958796875 0.8382669789227166 0.08240625000000001 0.32346604215456676
0 0.16376562500000003 0.33895784543325524 0.08490625000000002 0.07014051522248244
0 0.378109375 0.4604566744730679 0.07850000000000001 0.14011709601873537
