0 0.5297388781431335 0.575453125 0.5352998065764023 0.77928125
0 0.16113152804642167 0.6583046875000002 0.14288201160541586 0.18095312500000002
0 0.24502901353965184 0.4837421875000001 0.15013539651837526 0.100734375
0 0.13228239845261122 0.43184375 0.12793036750483558 0.111875
0 0.7727176015473888 0.6268203125 0.13208897485493232 0.170734375
0 0.08177949709864604 0.21865625 0.16355899419729208 0.19334375
0 0.9336750483558995 0.5057343750000001 0.13264990328820117 0.16946875
0 0.20965183752417793 0.6976328125000001 0.16982591876208897 0.13414062499999999
0 0.916972920696325 0.70246875 0.13448742746615086 0.07653125
0 0.051905222437137334 0.709296875 0.0918568665377176 0.11625000000000002
0 0.6648839458413927 0.5736328125 0.13328820116054158 0.165796875
0 0.12764023210831724 0.555078125 0.1572147001934236 0.152125
0 0.8137911025145068 0.5406328125000001 0.17841392649903287 0.113921875
0 0.49806576402321084 0.3796875 0.9961315280464217 0.759375
