0 0.74654 0.5182800000000001 0.046759999999999996 0.1036
0 0.27015000000000006 0.6190666666666667 0.05138 0.09077333333333333
0 0.12303 0.7101066666666667 0.06742000000000001 0.17978666666666668
0 0.2992 0.6353466666666666 0.056920000000000005 0.08327999999999999
0 0.5536599999999999 0.7426933333333333 0.06236 0.15056
0 0.20418 0.46834666666666663 0.09788 0.09541333333333334
0 0.3532 0.6 0.03492 0.08309333333333332
0 0.16444 0.4535733333333333 0.033960000000000004 0.0664
0 0.20395000000000002 0.4443733333333333 0.06473999999999999 0.08752
0 0.9089300000000001 0.6070533333333332 0.0129 0.022373333333333335
