0 0.5173046875 0.5848360655737705 0.353921875 0.830327868852459
0 0.1909609375 0.597096018735363 0.22698437500000002 0.46341920374707257
0 0.838109375 0.6134894613583137 0.242875 0.42248243559718973
0 0.6604296875 0.1326112412177986 0.087578125 0.13126463700234192
0 0.311953125 0.1951990632318501 0.10940625 0.26669789227166274
0 0.7322890625 0.5244028103044497 0.07592187500000001 0.2853864168618267
0 0.6773671875 0.3722599531615925 0.072859375 0.18704918032786885
0 0.071234375 0.3474590163934426 0.14246875 0.25028103044496486
0 0.1389921875 0.19594847775175644 0.14876562499999998 0.3896487119437939
0 0.8605546875000001 0.767751756440281 0.24235937500000004 0.2994847775175644
0 0.641890625 0.2533255269320843 0.098 0.18192037470725997
0 0.195453125 0.33508196721311473 0.07025 0.09381733021077283
0 0.8358359375 0.1729274004683841 0.076109375 0.21606557377049182
0 0.49921875000000004 0.43208430913348944 0.9984375000000001 0.8641686182669789
