2 0.35245312500000003 0.621987951807229 0.028281250000000004 0.06596385542168674
2 0.5238984375000001 0.6461746987951807 0.033515625 0.07439759036144579
2 0.4891171875 0.6419126506024097 0.051015625 0.08677710843373494
2 0.42667187500000003 0.6312801204819277 0.029968750000000002 0.07466867469879518
2 0.45489843750000003 0.6363704819277108 0.033984375000000004 0.06231927710843374
2 0.39231250000000006 0.6244126506024097 0.032031250000000004 0.06003012048192771
2 0.26403125 0.5875903614457832 0.019375000000000003 0.02704819277108434
0 0.781609375 0.6190813253012049 0.06281250000000001 0.3318373493975904
0 0.27795312499999997 0.5708584337349398 0.01634375 0.07322289156626506
0 0.25015625 0.5710240963855422 0.010375 0.055722891566265066
2 0.3744453125 0.616987951807229 0.015234375000000001 0.05837349397590361
0 0.17950781250000003 0.5676656626506025 0.007203125000000001 0.02382530120481928
2 0.40904687500000003 0.627816265060241 0.013000000000000001 0.038463855421686746
