0 0.27499218750000004 0.8292171189979123 0.26742187500000003 0.31012526096033405
0 0.5707265625 0.7630480167014613 0.066078125 0.4284759916492693
0 0.6677031250000001 0.7809081419624216 0.13118749999999998 0.4067432150313152
0 0.807578125 0.7846659707724424 0.166125 0.43066805845511474
0 0.785578125 0.6509603340292275 0.092375 0.24847599164926928
0 0.5296953125 0.6453235908141962 0.046515625000000005 0.22321503131524006
0 0.4874453125 0.6419519832985385 0.041234375000000004 0.21981210855949895
0 0.4116015625 0.5831315240083507 0.039140625000000005 0.16146137787056367
0 0.22453125 0.6760334029227557 0.08240625000000001 0.3011273486430063
0 0.3540390625 0.5964613778705636 0.052296875 0.20102296450939455
0 0.918625 0.815073068893528 0.123 0.3698538622129436
0 0.10297656250000001 0.7141440501043841 0.077921875 0.3568058455114822
0 0.73359375 0.6473486430062629 0.04484375 0.20964509394572023
0 0.5 0.7411273486430062 0.9968750000000001 0.5135699373695198
