0 0.06496875 0.8569479166666666 0.07246875000000001 0.23522916666666666
0 0.20952343750000002 0.8568958333333333 0.068734375 0.21716666666666665
0 0.796359375 0.8464375000000001 0.0305625 0.05433333333333333
0 0.586046875 0.8287708333333333 0.0300625 0.052875
0 0.5450859375 0.8283541666666666 0.041828125 0.05320833333333333
0 0.3090390625 0.8107395833333334 0.020921875000000003 0.06735416666666666
0 0.9146406250000001 0.8473645833333333 0.011312500000000001 0.025229166666666664
0 0.15283593750000002 0.7985208333333333 0.0064531250000000005 0.03270833333333333
0 0.07521093750000002 0.7900208333333333 0.008703125 0.006375
0 0.2591484375 0.79884375 0.013890625000000002 0.04072916666666667
0 0.5051015625 0.8150416666666666 0.011734375 0.022708333333333334
0 0.398609375 0.7871354166666668 0.012125 0.042854166666666665
0 0.3226796875 0.8021041666666666 0.009984375 0.05325
0 0.115625 0.7947916666666667 0.028125 0.04791666666666666
