0 0.65752 0.49565315315315317 0.5128400000000001 0.9056306306306307
0 0.8639 0.286722972972973 0.09731999999999999 0.24686936936936937
0 0.9419599999999999 0.296036036036036 0.0996 0.245
0 0.96139 0.15989864864864867 0.05386 0.06646396396396397
0 0.77837 0.12766891891891893 0.06406 0.11934684684684685
0 0.23463 0.8552590090090091 0.4189 0.28912162162162164
0 0.8856200000000001 0.1601463963963964 0.057640000000000004 0.09263513513513515
0 0.9329 0.1033671171171171 0.12572 0.1707882882882883
0 0.28755000000000003 0.47301801801801796 0.4285 0.8063513513513513
0 0.7453 0.15970720720720719 0.08412 0.11833333333333333
0 0.82026 0.17373873873873874 0.0736 0.11630630630630631
