0 0.5412890625000001 0.5632604166666667 0.207609375 0.32560416666666664
0 0.6999609375 0.6484895833333333 0.195546875 0.23285416666666667
0 0.2090859375 0.19263541666666667 0.038265625 0.05422916666666667
0 0.32046093750000004 0.20310416666666664 0.036484375000000006 0.04754166666666667
0 0.266265625 0.18706250000000002 0.03534375 0.06416666666666666
0 0.9306171875000001 0.6133333333333333 0.138703125 0.26999999999999996
0 0.35427343750000007 0.2049895833333333 0.035921875 0.0531875
0 0.9456328125000001 0.31276041666666665 0.058140625 0.1826875
0 0.8951640625 0.24675 0.05126562500000001 0.07475000000000001
0 0.8064062500000001 0.18734375 0.055031250000000004 0.09010416666666667
0 0.8686171874999999 0.3109895833333333 0.039640625000000006 0.15672916666666667
0 0.751453125 0.198125 0.048343750000000005 0.07037500000000001
0 0.7782187500000001 0.18703124999999998 0.02434375 0.08152083333333333
