0 0.56203125 0.70628125 0.3348125 0.56053125
0 0.37289583333333337 0.554453125 0.042708333333333334 0.1039375
0 0.30457291666666664 0.558390625 0.05027083333333333 0.1065625
0 0.7478125 0.536015625 0.07558333333333334 0.10384375
0 0.8096979166666666 0.5283515625 0.028187499999999997 0.072484375
0 0.9290937499999999 0.525578125 0.0521875 0.0911875
0 0.9731041666666665 0.5254765625000001 0.03654166666666667 0.072453125
0 0.7668854166666667 0.5265234375 0.027229166666666665 0.074296875
0 0.8677395833333335 0.5338125 0.034562499999999996 0.100875
0 0.22882291666666668 0.5785234375 0.07639583333333333 0.108546875
0 0.7976354166666667 0.5288750000000001 0.031020833333333334 0.079875
0 0.3229375 0.517296875 0.029708333333333333 0.02846875
0 0.9008541666666666 0.49228906250000004 0.015166666666666667 0.020515625000000003
0 0.896875 0.53828125 0.035416666666666666 0.0921875
