0 0.3233203125 0.6805497382198953 0.098453125 0.49387434554973825
0 0.10059375 0.5524345549738221 0.11534375 0.7056020942408378
0 0.3911875 0.3388743455497382 0.08884375 0.3928272251308901
0 0.48504687500000004 0.30832460732984296 0.09418750000000001 0.27717277486910996
0 0.5774218750000001 0.28328534031413616 0.10328124999999999 0.2741623036649215
0 0.6777265625 0.2906282722513089 0.09676562500000001 0.283717277486911
0 0.9068281250000001 0.47112565445026183 0.18634375000000003 0.7597905759162304
0 0.153921875 0.6736125654450262 0.0995625 0.490890052356021
0 0.23875000000000002 0.6887565445026179 0.08853125 0.5325916230366492
0 0.4104375 0.6932460732984294 0.08853125 0.514607329842932
0 0.32599218750000003 0.43581151832460735 0.09545312500000001 0.2207329842931937
0 0.5749453125 0.6799607329842933 0.101640625 0.4803403141361257
0 0.6522734375 0.6832068062827226 0.084390625 0.5092931937172775
0 0.51953125 0.5589005235602095 0.6921875000000001 0.7827225130890053
