0 0.4950078124999999 0.5139620253164556 0.43860937499999997 0.8274177215189873
0 0.6220546875 0.4470759493670886 0.23770312500000002 0.5878227848101266
0 0.9185625000000001 0.4196708860759493 0.162875 0.4158481012658228
0 0.978421875 0.3480886075949367 0.04315625000000001 0.25729113924050634
0 0.9416718750000002 0.17196202531645574 0.11665625 0.14797468354430382
0 0.26351562500000003 0.22022784810126586 0.06103125000000001 0.2247088607594937
0 0.8132734375 0.17278481012658228 0.083921875 0.17898734177215192
0 0.2263671875 0.33296202531645563 0.125734375 0.37326582278481013
0 0.9064531250000001 0.18140506329113926 0.06693750000000001 0.1578987341772152
0 0.16159375 0.4001012658227849 0.25346875 0.548860759493671
