0 0.20246874999999998 0.4383770491803278 0.09921875000000001 0.33767213114754097
0 0.220078125 0.751672131147541 0.435875 0.3752786885245901
0 0.540421875 0.46752459016393444 0.1509375 0.2104590163934426
0 0.8189921875 0.620672131147541 0.357046875 0.24108196721311476
0 0.082125 0.41188524590163933 0.015625 0.06429508196721312
0 0.0504296875 0.40601639344262297 0.010953125000000001 0.08134426229508196
0 0.4648359375 0.2654262295081967 0.034296875 0.08855737704918033
0 0.0401640625 0.40409836065573773 0.016421875 0.08472131147540983
0 0.9792578125000001 0.11467213114754096 0.041484375000000004 0.22783606557377048
0 0.1209296875 0.4060983606557377 0.010359375 0.06334426229508197
0 0.058062499999999996 0.3798524590163935 0.004625 0.020557377049180328
0 0.4656640625 0.5910491803278688 0.161203125 0.12445901639344263
