0 0.17925000000000002 0.7280885780885782 0.10543750000000002 0.48540792540792543
0 0.32553125000000005 0.5133100233100233 0.0235 0.1082051282051282
0 0.8501250000000001 0.488030303030303 0.043562500000000004 0.05498834498834499
0 0.07446875 0.4860489510489511 0.0171875 0.0637995337995338
0 0.40065625000000005 0.4633566433566433 0.016125 0.0448018648018648
0 0.054992187500000005 0.5027738927738927 0.018671875 0.09552447552447552
0 0.4539609375 0.4634032634032634 0.007703125 0.03254079254079254
0 0.3583515625 0.4762121212121212 0.011859375 0.04692307692307692
0 0.7848515625 0.4819580419580419 0.025671875 0.05347319347319347
0 0.150625 0.5178904428904428 0.0281875 0.06911421911421911
0 0.1433671875 0.4806410256410256 0.017734375 0.0651981351981352
0 0.17075 0.5012004662004662 0.01996875 0.09937062937062938
