0 0.44878164556962025 0.6706300000000001 0.37958860759493673 0.48206
0 0.19892405063291138 0.49898 0.12537974683544303 0.17704
0 0.23651898734177212 0.35894 0.052531645569620256 0.08388
0 0.502373417721519 0.36496 0.11715189873417722 0.09623999999999999
0 0.3430537974683544 0.32521000000000005 0.09693037974683544 0.09346
0 0.4095411392405064 0.27967000000000003 0.1252848101265823 0.10134
0 0.32356012658227845 0.22385000000000002 0.09585443037974684 0.06866
0 0.2061867088607595 0.38215000000000005 0.09598101265822784 0.06358
0 0.39667721518987337 0.11417000000000001 0.05563291139240506 0.06778
0 0.3371518987341772 0.10496000000000001 0.06740506329113924 0.06968
0 0.5729588607594936 0.20426 0.10287974683544303 0.09416
0 0.5894778481012658 0.36921000000000004 0.07825949367088608 0.09058
0 0.40631329113924053 0.36169 0.10389240506329113 0.09645999999999999
0 0.49841772151898733 0.341 0.9968354430379747 0.654
