2 0.09045230263157895 0.6785356200527703 0.11761513157894737 0.15385224274406334
0 0.9506661184210525 0.7218469656992085 0.09866776315789473 0.5
0 0.29624177631578946 0.585712401055409 0.09425986842105263 0.5103166226912929
0 0.4247450657894737 0.5784300791556729 0.07629934210526315 0.5237203166226913
0 0.4581990131578947 0.41344327176781 0.05577302631578947 0.16778364116094988
0 0.48846217105263157 0.6306992084432718 0.11564144736842105 0.45147757255936677
0 0.5917927631578948 0.6118733509234827 0.08930921052631578 0.4872295514511873
0 0.6653782894736842 0.6337071240105541 0.09805921052631578 0.4854089709762533
0 0.7869490131578947 0.6306992084432718 0.06320723684210526 0.5212928759894458
0 0.9115707236842105 0.6260422163588389 0.09294407894736842 0.5228496042216358
0 0.19495065789473684 0.5345250659630607 0.11802631578947369 0.5029287598944592
0 0.7306825657894737 0.6677968337730871 0.10281249999999999 0.4365435356200527
0 0.8491036184210525 0.6195382585751978 0.09320723684210526 0.5303693931398417
0 0.7373930921052632 0.4141160949868074 0.045773026315789465 0.09741424802110818
0 0.4449013157894737 0.5646437994722955 0.21875 0.5329815303430079
