0 0.44469531250000005 0.43034117647058817 0.104453125 0.5056235294117646
0 0.492015625 0.48282352941176465 0.12896875000000002 0.3832470588235294
0 0.60065625 0.4551411764705882 0.23012500000000002 0.4815294117647059
0 0.359640625 0.4685411764705882 0.17609375000000002 0.4292235294117646
0 0.87521875 0.4067411764705882 0.1089375 0.3595529411764706
0 0.1873359375 0.42069411764705883 0.06704687499999999 0.3042117647058823
0 0.7322500000000001 0.3775529411764706 0.0908125 0.25035294117647056
0 0.5430390625 0.4507411764705882 0.12357812500000001 0.4447764705882353
0 0.28171093750000004 0.37192941176470584 0.037765625000000004 0.21077647058823526
0 0.08161718750000001 0.3837294117647058 0.146859375 0.4044470588235293
0 0.9154296875000001 0.3284235294117646 0.036421875 0.17359999999999998
0 0.59553125 0.34003529411764705 0.0289375 0.09164705882352941
