0 0.7802109375 0.4795 0.186890625 0.7195
0 0.36845312500000005 0.35740625000000004 0.05953125000000001 0.2548958333333333
0 0.44825000000000004 0.36755208333333333 0.06365625000000001 0.27989583333333334
0 0.5884609375000001 0.40515625000000005 0.142390625 0.31327083333333333
0 0.8940625 0.21613541666666666 0.06728125 0.2084375
0 0.715484375 0.062239583333333334 0.053000000000000005 0.08472916666666667
0 0.6820234375 0.05963541666666666 0.035234375000000005 0.0875625
0 0.40710156250000007 0.09115625000000001 0.040484375 0.06589583333333333
0 0.34159375000000003 0.11466666666666667 0.021375 0.05225
0 0.720484375 0.23802083333333332 0.047156250000000004 0.09283333333333334
0 0.6770390625 0.25497916666666665 0.07935937500000001 0.11566666666666667
0 0.9699062500000001 0.25287499999999996 0.060187500000000005 0.14470833333333333
0 0.4301171875 0.09341666666666668 0.026203125 0.04375
0 0.6023437500000001 0.08541666666666667 0.6890625 0.17083333333333334
