0 0.5687890625 0.6629305135951662 0.244671875 0.6502114803625377
0 0.91234375 0.5792447129909366 0.17059375000000002 0.7307552870090634
0 0.32977343750000004 0.27768882175226584 0.047859375 0.23749244712990936
0 0.1295859375 0.323036253776435 0.131328125 0.3033534743202417
0 0.037687500000000006 0.2600906344410876 0.06840625 0.26459214501510575
0 0.7808125000000001 0.30628398791540784 0.07634375 0.24012084592145017
0 0.3508046875 0.5334894259818731 0.188703125 0.553262839879154
0 0.8285703125000001 0.3507401812688822 0.10448437500000002 0.26570996978851963
0 0.8757031249999999 0.18518126888217523 0.0345625 0.1605740181268882
0 0.5840859375 0.326012084592145 0.069078125 0.24821752265861027
0 0.520953125 0.309154078549849 0.066625 0.28259818731117825
0 0.47353125 0.4668126888217522 0.08990625000000001 0.4780966767371601
0 0.296984375 0.37667673716012084 0.07990625000000001 0.24592145015105743
0 0.48125 0.4637462235649547 0.9625 0.8066465256797583
