2 0.25712359550561803 0.4616171875 0.22952808988764048 0.139390625
0 0.7858314606741573 0.811171875 0.3263595505617978 0.17900000000000002
0 0.8762022471910113 0.9094375000000001 0.2208539325842697 0.181125
0 0.528808988764045 0.8813984375000001 0.22602247191011238 0.23720312500000001
0 0.4042022471910113 0.6625234375 0.19177528089887644 0.21864062500000003
0 0.2537078651685393 0.8235937500000001 0.5009438202247192 0.33034375
0 0.1520674157303371 0.646421875 0.12943820224719102 0.13009375
0 0.7894943820224719 0.46804687500000003 0.14770786516853934 0.17996875
0 0.5838876404494382 0.6729375000000001 0.18319101123595508 0.1841875
0 0.5721685393258428 0.7730703125000001 0.13624719101123597 0.09132812500000001
0 0.08557303370786519 0.7129453125 0.16849438202247194 0.221390625
0 0.0825056179775281 0.878625 0.1650112359550562 0.16893750000000002
0 0.6695730337078651 0.9631875 0.23815730337078655 0.073625
0 0.026224719101123596 0.6145859375 0.04494382022471911 0.19010937500000002
