0 0.5749765625000001 0.6530562060889931 0.178421875 0.6584309133489461
0 0.47934374999999996 0.5109836065573771 0.054968750000000004 0.26669789227166274
0 0.0296171875 0.48511709601873537 0.059234375 0.2758548009367682
0 0.429546875 0.5910070257611242 0.08846875 0.4718969555035129
0 0.6881718750000001 0.5898829039812646 0.1259375 0.4786416861826698
0 0.8208828125000001 0.5353629976580796 0.043484375 0.23166276346604217
0 0.21739843749999999 0.4561826697892272 0.06298437500000001 0.2966276346604215
0 0.11682031250000001 0.4713817330210773 0.075578125 0.31175644028103044
0 0.018773437500000004 0.349672131147541 0.026234375 0.05695550351288056
0 0.28844531250000005 0.4499765807962529 0.06198437500000001 0.24730679156908664
0 0.40064843750000007 0.44690866510538646 0.048078125 0.23199063231850117
0 0.249125 0.4184894613583138 0.033031250000000005 0.1346370023419204
0 0.9717734375 0.5598946135831382 0.048953125 0.38288056206088994
0 0.48203125 0.5011709601873536 0.6640625 0.3231850117096019
