0 0.2631875 0.7660340632603406 0.0426875 0.11099756690997567
0 0.9275625000000001 0.6011922141119221 0.02109375 0.11635036496350365
0 0.9163593749999999 0.7456082725060829 0.034499999999999996 0.1291240875912409
0 0.95153125 0.7708394160583941 0.026875 0.1332116788321168
0 0.4744453125 0.5665571776155718 0.026640625 0.09009732360097324
0 0.4419609375 0.333065693430657 0.012546874999999999 0.06472019464720195
0 0.1064921875 0.6954866180048662 0.039046875 0.12094890510948905
0 0.29059375000000004 0.3379683698296837 0.009937500000000002 0.05097323600973236
0 0.15880468749999999 0.2613990267639903 0.013109375000000001 0.038029197080291975
0 0.9954765625 0.5923722627737227 0.009046875000000001 0.07194647201946472
0 0.9928984375 0.6786496350364962 0.014203125 0.1010948905109489
0 0.2842890625 0.33001216545012163 0.009390625 0.05180048661800486
