0 0.45083593749999995 0.2097477744807122 0.055921875 0.1269139465875371
0 0.30265625 0.17775964391691396 0.05859375 0.13261127596439168
0 0.610984375 0.12268545994065282 0.04359375 0.153026706231454
0 0.8496015625000001 0.6809050445103858 0.10885937500000001 0.3415727002967359
0 0.464796875 0.6363056379821959 0.21275 0.42744807121661726
0 0.22325781249999999 0.5308456973293769 0.083328125 0.39973293768546
0 0.3197421875 0.5581899109792284 0.101609375 0.35780415430267065
0 0.260984375 0.2741097922848665 0.032625 0.11807121661721068
0 0.29203125 0.33287833827893176 0.061625 0.19982195845697331
0 0.3517187500000001 0.3519287833827893 0.05756250000000001 0.18445103857566766
0 0.40353125 0.3348219584569733 0.04603125 0.1726112759643917
0 0.5080234375 0.08603857566765578 0.044171875 0.14246290801186945
0 0.4549921875000001 0.350326409495549 0.054984375 0.16729970326409496
0 0.52890625 0.46142433234421365 0.9203125000000001 0.7922848664688428
