0 0.6963593750000001 0.6706674473067916 0.549 0.318384074941452
0 0.2563515625 0.2551639344262295 0.026546874999999998 0.1580093676814988
0 0.2836171875 0.26685011709601875 0.030984374999999998 0.18292740046838407
0 0.9260156250000002 0.3061826697892272 0.032281250000000004 0.11358313817330211
0 0.6896171875000001 0.2774355971896955 0.014171875 0.07210772833723653
0 0.5512812500000001 0.26083138173302106 0.0198125 0.06255269320843092
0 0.8949375 0.30392271662763465 0.0393125 0.06311475409836065
0 0.9743906250000001 0.29427400468384074 0.0160625 0.07046838407494145
0 0.76503125 0.2801405152224824 0.015593750000000002 0.07166276346604215
0 0.0883828125 0.30700234192037473 0.12476562499999999 0.3246838407494145
0 0.8192265625000001 0.31733021077283374 0.049453125 0.20135831381733021
