0 0.46890624999999997 0.8605281690140845 0.028781250000000005 0.12823943661971832
0 0.38801562500000003 0.8617605633802817 0.032968750000000005 0.1455868544600939
0 0.87428125 0.8016901408450705 0.03521875 0.1736150234741784
0 0.7113515625 0.8380985915492959 0.025671875 0.10028169014084506
0 0.9716562500000001 0.8345774647887325 0.0566875 0.16802816901408452
0 0.8976015625000001 0.7998943661971831 0.031609375 0.16922535211267606
0 0.5093359375 0.862793427230047 0.030921875 0.11539906103286385
0 0.9363671875000001 0.845962441314554 0.053765625 0.13183098591549294
0 0.6580703125 0.8694366197183099 0.028828125 0.056948356807511744
0 0.6931093750000001 0.856056338028169 0.02121875 0.06610328638497653
0 0.6393203125 0.8647300469483569 0.031734375 0.07091549295774648
0 0.6226718750000001 0.8384976525821596 0.01553125 0.040469483568075115
