0 0.65225 0.7887708333333333 0.13146875 0.4
0 0.74190625 0.7024062499999999 0.07409375 0.41602083333333334
0 0.55196875 0.6011249999999999 0.23090625 0.22695833333333332
0 0.9659218749999999 0.55546875 0.01890625 0.024979166666666667
0 0.9689296875000001 0.7089479166666667 0.05326562500000001 0.30472916666666666
0 0.9047265625000002 0.5836666666666667 0.037328125000000004 0.09604166666666666
0 0.8796484375000001 0.716875 0.046296875 0.24837499999999998
0 0.36910156250000004 0.8247187500000001 0.269671875 0.3236041666666667
0 0.31060156250000004 0.7425729166666667 0.08435937500000001 0.3218125
0 0.8200078125 0.6093333333333334 0.044671875 0.07595833333333334
0 0.7798828125 0.5935416666666666 0.015984375000000002 0.06175
0 0.9220781250000001 0.7235833333333334 0.057468750000000006 0.2907083333333333
0 0.9352812500000001 0.57690625 0.033031250000000005 0.0618125
0 0.81640625 0.55625 0.2828125 0.5791666666666666
