0 0.60875 0.70688 0.20734 0.58624
0 0.7796900000000001 0.7037866666666666 0.28086 0.4138666666666666
0 0.92096 0.5694266666666666 0.1462 0.17064
0 0.36066000000000004 0.67764 0.12796 0.45458666666666664
0 0.40582999999999997 0.67508 0.09590000000000001 0.37672
0 0.26514 0.5866399999999999 0.041 0.14906666666666665
0 0.16284 0.5699733333333332 0.22447999999999999 0.23770666666666665
0 0.39048 0.47130666666666665 0.09992000000000001 0.10901333333333334
0 0.73576 0.5560666666666666 0.039 0.09357333333333334
0 0.8411900000000001 0.5682533333333333 0.06066 0.12210666666666666
0 0.39033 0.48389333333333334 0.05342 0.07712000000000001
