2 0.8307109375 0.46362499999999995 0.030265625000000004 0.03908333333333334
2 0.7527421875 0.4600104166666666 0.014015625000000002 0.020104166666666666
0 0.9424453125 0.46009374999999997 0.042234375000000005 0.06939583333333334
0 0.8298828125000001 0.4452291666666666 0.013765625000000002 0.0175
0 0.8134921875000002 0.4424791666666667 0.016234375000000002 0.050374999999999996
0 0.8694687500000001 0.45771875 0.026031250000000002 0.0401875
0 0.8549453124999999 0.45458333333333334 0.005015625 0.021458333333333336
0 0.7860312500000001 0.4449270833333333 0.00784375 0.016645833333333332
0 0.9987031250000001 0.4403854166666667 0.00259375 0.0153125
0 0.932671875 0.42702083333333335 0.0101875 0.0175
0 0.901328125 0.4237916666666666 0.006687500000000001 0.008916666666666666
0 0.9278124999999999 0.43492708333333335 0.005125 0.004020833333333333
