0 0.5051875 0.6703990610328638 0.21043750000000003 0.5829577464788732
0 0.8712968750000001 0.6471948356807512 0.15106250000000002 0.5752816901408451
0 0.8671249999999999 0.2654577464788732 0.06503125 0.14847417840375587
0 0.33480468750000003 0.2341197183098592 0.030765625000000005 0.07434272300469484
0 0.6236406250000001 0.27089201877934277 0.05809375 0.12976525821596244
0 0.37939062500000004 0.09481220657276995 0.052593749999999995 0.16253521126760562
0 0.7544765625 0.3075117370892019 0.021953125000000004 0.087981220657277
0 0.7353281250000001 0.22551643192488266 0.0605625 0.1252112676056338
0 0.41851562499999995 0.22487089201877933 0.04196875 0.05152582159624413
0 0.410390625 0.6150586854460094 0.066875 0.29551643192488264
0 0.27951562500000005 0.26780516431924883 0.051625000000000004 0.12514084507042256
0 0.5821796874999999 0.22272300469483566 0.040671875 0.24023474178403756
0 0.3209921875 0.7712323943661973 0.141765625 0.26753521126760565
0 0.5007812500000001 0.20305164319248828 0.9953125 0.40610328638497656
