0 0.703640625 0.7570208333333333 0.01953125 0.05245833333333333
0 0.7658281250000001 0.7554166666666667 0.01171875 0.058583333333333334
0 0.563359375 0.7147812499999999 0.010125000000000002 0.026354166666666668
0 0.5744921875000001 0.7186770833333332 0.011953125000000002 0.030020833333333333
0 0.2483046875 0.6846874999999999 0.013515625000000002 0.029291666666666667
0 0.1474375 0.69309375 0.0032500000000000003 0.013604166666666667
0 0.176859375 0.70325 0.005687500000000001 0.006083333333333333
0 0.11203124999999999 0.69884375 0.0072499999999999995 0.01972916666666667
0 0.8035156250000001 0.7016875 0.00709375 0.013041666666666667
0 0.15159375 0.6916458333333333 0.00296875 0.014125
0 0.11739843750000001 0.6987604166666666 0.008296875 0.0188125
0 0.3369765625000001 0.7029583333333334 0.005734375 0.009833333333333333
0 0.045312500000000006 0.70625 0.07187500000000001 0.0125
