0 0.5829140625 0.5242708333333334 0.04876562500000001 0.09754166666666667
0 0.6490468750000001 0.5116041666666666 0.059687500000000004 0.19570833333333332
0 0.8585234375000002 0.6614791666666666 0.090109375 0.08549999999999999
0 0.8785781250000002 0.4663020833333333 0.06509374999999999 0.12843749999999998
0 0.94203125 0.65825 0.07850000000000001 0.10074999999999999
0 0.960203125 0.5285520833333333 0.06709375 0.11097916666666667
0 0.9659921875 0.43032291666666667 0.024984375000000003 0.08010416666666667
0 0.61278125 0.5030520833333333 0.05081250000000001 0.1806875
0 0.6202812500000001 0.38067708333333333 0.02375 0.043229166666666666
0 0.7915156250000001 0.5423125 0.349375 0.8897916666666666
0 0.6176093750000001 0.21003125 0.04681250000000001 0.07397916666666667
0 0.5701718750000001 0.45693749999999994 0.04271875 0.08716666666666667
0 0.5995078125000001 0.6288229166666668 0.087828125 0.1283125
0 0.73828125 0.40625 0.5203125000000001 0.6166666666666667
