0 0.6425 0.9235078125 0.01954166666666667 0.042734375000000005
0 0.6517291666666666 0.8882343750000001 0.013333333333333334 0.0338125
0 0.6988125000000001 0.88675 0.010041666666666667 0.026562500000000003
0 0.35583333333333333 0.870953125 0.017416666666666664 0.023125000000000003
0 0.76409375 0.89753125 0.018187500000000002 0.0421875
0 0.79225 0.8838671875000002 0.013416666666666667 0.022171875
0 0.8886979166666666 0.9205078125 0.03127083333333333 0.071140625
0 0.5273333333333333 0.8748203125 0.028208333333333332 0.026640625
0 0.6714374999999999 0.886953125 0.007916666666666666 0.023375000000000003
0 0.28371875 0.9129609375 0.021729166666666667 0.019546875000000002
0 0.3941458333333333 0.874625 0.014875 0.01653125
0 0.33540625 0.8741249999999999 0.01952083333333333 0.034031250000000006
0 0.4693333333333333 0.8913125000000002 0.016125 0.032718750000000005
0 0.5083333333333333 0.878125 0.6625 0.08750000000000001
