0 0.48341920374707265 0.8575078125 0.048430913348946135 0.070703125
0 0.8227166276346604 0.8817109375000002 0.04023419203747072 0.025265625000000003
0 0.13840749414519904 0.878375 0.2700702576112412 0.12387500000000001
0 0.28283372365339576 0.8462343749999999 0.01971896955503513 0.040406250000000005
0 0.7902927400468385 0.8372265625000002 0.01861826697892272 0.037078125
0 0.23837236533957848 0.9199375000000001 0.028735362997658078 0.056968750000000005
0 0.20749414519906326 0.9157656250000001 0.0522248243559719 0.07490625
0 0.14601873536299764 0.8773671875 0.054754098360655735 0.065921875
0 0.6113700234192038 0.9042265624999999 0.048501170960187356 0.11495312499999999
0 0.8181733021077283 0.8520625000000002 0.02946135831381733 0.0543125
0 0.32213114754098365 0.8524062500000001 0.01522248243559719 0.0479375
0 0.7344847775175644 0.8510078125 0.015011709601873537 0.024546875000000003
0 0.4343911007025761 0.8225937500000001 0.01674473067915691 0.025374999999999998
0 0.49882903981264637 0.8390625 0.9976580796252927 0.1375
