0 0.5149609375 0.5084895833333334 0.132046875 0.40610416666666665
0 0.33601562500000004 0.5281979166666666 0.12165625000000001 0.4001041666666667
0 0.7642421875000001 0.45731249999999996 0.07745312500000001 0.25941666666666663
0 0.42944531250000006 0.45308333333333334 0.066828125 0.24758333333333335
0 0.254515625 0.3598854166666667 0.05290625 0.18127083333333335
0 0.5834296875 0.36065625 0.03754687500000001 0.056479166666666664
0 0.8155312499999999 0.3892916666666667 0.06228125 0.25354166666666667
0 0.396640625 0.35825 0.0234375 0.06325
0 0.578828125 0.4198645833333333 0.03790625 0.0645625
0 0.043484375 0.39837500000000003 0.037625 0.110875
0 0.115703125 0.35851041666666666 0.0325 0.06289583333333333
0 0.9428906250000001 0.36793750000000003 0.049625 0.17170833333333332
0 0.0178515625 0.3878020833333333 0.035703125 0.09622916666666666
0 0.39609375 0.465625 0.7734375 0.39791666666666664
