0 0.5516 0.43048437500000003 0.7106352941176469 0.27190625
0 0.6757411764705882 0.914890625 0.10494117647058823 0.17021875
0 0.3647411764705882 0.8461796875000002 0.06830588235294117 0.031140625
0 0.19401176470588236 0.8490234375000001 0.04967058823529411 0.022609375
0 0.3214470588235294 0.847703125 0.03691764705882353 0.03209375
0 0.4268 0.8587656250000001 0.05807058823529411 0.056375
0 0.15338823529411763 0.86365625 0.03171764705882353 0.041156250000000005
0 0.07170588235294116 0.8627734375 0.021199999999999997 0.022796875
0 0.47015294117647055 0.90409375 0.07112941176470587 0.1441875
0 0.02621176470588235 0.918390625 0.04625882352941176 0.0761875
0 0.28862352941176467 0.846140625 0.06736470588235294 0.0305625
