0 0.11233000000000001 0.28175999999999995 0.08270000000000001 0.28175999999999995
0 0.25275000000000003 0.2996133333333333 0.04666 0.12210666666666666
0 0.94514 0.27952 0.05444 0.06208
0 0.47607 0.18863999999999997 0.02018 0.06602666666666666
0 0.50532 0.19185333333333332 0.02952 0.05512
0 0.86882 0.5572933333333333 0.25448 0.7595466666666666
0 0.4413 0.17622666666666664 0.02348 0.048613333333333335
0 0.53677 0.20766666666666667 0.02706 0.08978666666666667
0 0.27349 0.16889333333333334 0.03602 0.04802666666666667
0 0.30118 0.17341333333333334 0.03116 0.04325333333333333
0 0.5617000000000001 0.1858 0.01924 0.035706666666666664
0 0.61376 0.19405333333333333 0.03572 0.05082666666666666
0 0.2309 0.16191999999999998 0.01896 0.025493333333333333
0 0.554 0.18266666666666667 0.8200000000000001 0.104
