0 0.19790625 0.631463700234192 0.20390625 0.7145901639344262
0 0.08096093750000001 0.6584192037470725 0.15592187500000002 0.6606791569086652
0 0.33984375 0.4373770491803278 0.10331250000000002 0.23775175644028101
0 0.40653906250000005 0.6782552693208431 0.15535937500000002 0.6434894613583138
0 0.5405000000000001 0.7584192037470725 0.1454375 0.45618266978922717
0 0.6677578125000001 0.7812412177985949 0.158890625 0.4375175644028103
0 0.8054296875000001 0.7923419203747072 0.17414062500000002 0.4153161592505855
0 0.315921875 0.6737353629976581 0.15290625000000002 0.6525292740046839
0 0.838109375 0.5426932084309133 0.1259375 0.3707728337236534
0 0.62 0.5217213114754099 0.1165 0.3533255269320843
0 0.6922109375000001 0.4150936768149883 0.074484375 0.17941451990632318
0 0.9235625 0.6988758782201404 0.1259375 0.5797658079625293
0 0.732515625 0.6142974238875878 0.0766875 0.25604215456674473
0 0.634375 0.4637002341920375 0.565625 0.3231850117096019
