0 0.25202343750000006 0.48945833333333333 0.018515625 0.059166666666666666
0 0.06489062500000001 0.6413020833333334 0.12978125000000001 0.6769375
0 0.7492578125 0.5028645833333333 0.033578125 0.07089583333333334
0 0.928140625 0.4597395833333333 0.07728125000000001 0.1323125
0 0.11471875000000001 0.48731250000000004 0.07540625000000001 0.3591666666666667
0 0.2741640625 0.4907916666666667 0.019453125 0.034583333333333334
0 0.8218203124999999 0.5427604166666666 0.062296875 0.10897916666666667
0 0.187734375 0.5123645833333333 0.058812500000000004 0.29639583333333336
0 0.6678437500000001 0.52215625 0.025 0.10656249999999999
0 0.7930625 0.43068750000000006 0.07890625000000001 0.08716666666666667
0 0.6039062500000001 0.5455 0.030468750000000003 0.07458333333333332
0 0.500953125 0.3904270833333333 0.14825 0.24968749999999998
0 0.26141406250000004 0.5404895833333333 0.025734375 0.1044375
0 0.521875 0.6677083333333333 0.953125 0.64375
