0 0.29157031250000004 0.604125 0.18201562500000001 0.498875
0 0.3130546875 0.36 0.098734375 0.13166666666666668
0 0.3965078125 0.5163541666666667 0.105609375 0.5327916666666667
0 0.4387578125 0.6143125 0.122484375 0.5302083333333333
0 0.5213671875 0.39633333333333337 0.081609375 0.22741666666666666
0 0.56590625 0.6141875 0.18356250000000002 0.6070833333333333
0 0.6589921875 0.5808958333333333 0.091015625 0.5685416666666666
0 0.6994375000000002 0.57865625 0.07415625 0.5415625
0 0.7904609375000001 0.3231041666666667 0.108328125 0.17333333333333334
0 0.7904453125 0.5705520833333333 0.144828125 0.5603541666666667
