0 0.166109375 0.6524590163934427 0.07121875 0.2772365339578454
0 0.29183593750000003 0.6756791569086651 0.056921875000000004 0.2625526932084309
0 0.5016250000000001 0.6255386416861827 0.0078125 0.029156908665105386
0 0.486734375 0.6245550351288055 0.012687499999999999 0.034683840749414524
0 0.8409843750000001 0.6280327868852458 0.008687499999999999 0.03667447306791569
0 0.9602109375 0.6469203747072599 0.0054218750000000005 0.061756440281030445
0 0.737140625 0.6251990632318501 0.00703125 0.028056206088992976
0 0.8569609375000001 0.6263583138173302 0.006546875000000001 0.034918032786885246
0 0.540140625 0.6257377049180328 0.0121875 0.037611241217798595
0 0.6203281250000001 0.6298594847775175 0.006937500000000001 0.023466042154566744
0 0.376765625 0.6226112412177986 0.005593750000000001 0.02812646370023419
0 0.8039921875 0.628208430913349 0.009171875000000001 0.030702576112412176
0 0.58265625 0.6385480093676815 0.00865625 0.05648711943793911
0 0.6609375000000001 0.6264637002341921 0.278125 0.04449648711943794
