0 0.6247535211267605 0.7656328125 0.08814553990610328 0.145828125
0 0.39944835680751173 0.7580078125 0.0893661971830986 0.153578125
0 0.318075117370892 0.7667812500000001 0.11507042253521128 0.16153125000000002
0 0.35080985915492957 0.62884375 0.03650234741784038 0.07909375
0 0.7458333333333333 0.6005078125000001 0.046924882629107975 0.081546875
0 0.5434154929577465 0.5623046875000001 0.037816901408450704 0.030203124999999997
0 0.488556338028169 0.5679296875000001 0.026502347417840376 0.044109375000000006
0 0.5157159624413146 0.5650703125 0.016971830985915495 0.029921875
0 0.4171244131455399 0.5143671875 0.02199530516431925 0.020765625
0 0.46163145539906103 0.56434375 0.038239436619718306 0.050187499999999996
0 0.4375821596244132 0.5635546875 0.027230046948356807 0.029546875
0 0.46634976525821603 0.521390625 0.024295774647887323 0.01915625
0 0.5940258215962442 0.5060234375 0.01903755868544601 0.017703125
0 0.49882629107981225 0.509375 0.9976525821596245 0.3125
