0 0.22840625000000003 0.6728601252609602 0.32196875 0.6542797494780792
0 0.3817890625 0.4584342379958246 0.201828125 0.7370772442588726
0 0.6452343749999999 0.4417014613778705 0.46146875 0.8565135699373694
0 0.9278124999999999 0.39065762004175364 0.14315625 0.626492693110647
0 0.1586171875 0.32763048016701457 0.06107812500000001 0.10294363256784968
0 0.7409375 0.2011691022964509 0.0625 0.12947807933194153
0 0.2744296875 0.30782881002087675 0.043953125 0.08517745302713986
0 0.24635937500000005 0.31638830897703546 0.040781250000000005 0.04981210855949895
0 0.8342109375 0.1831419624217119 0.12782812500000001 0.321356993736952
0 0.706390625 0.21123173277661791 0.0538125 0.11235908141962421
0 0.20440625 0.3240814196242171 0.04046875 0.05409185803757828
0 0.6595312500000001 0.1966805845511482 0.04978125 0.06062630480167014
0 0.3074140625 0.283027139874739 0.032265625 0.07987473903966597
0 0.49921875000000004 0.2807933194154488 0.9984375000000001 0.4154488517745302
