0 0.14132 0.9625333333333332 0.05316 0.07493333333333334
0 0.75752 0.15957333333333334 0.08420000000000001 0.19232000000000002
0 0.98444 0.19561333333333333 0.031120000000000002 0.08930666666666667
0 0.81159 0.9615866666666667 0.023780000000000003 0.07261333333333334
0 0.65688 0.10938666666666665 0.03872 0.13488
0 0.68765 0.18330666666666665 0.037020000000000004 0.11168
0 0.9676700000000001 0.24989333333333336 0.06466 0.06298666666666666
0 0.63901 0.12898666666666667 0.0263 0.06362666666666666
0 0.95754 0.9668800000000001 0.019280000000000002 0.06624
0 0.54654 0.5597599999999999 0.08244 0.15445333333333333
0 0.35289 0.9723333333333333 0.03898 0.05458666666666666
