0 0.47071428571428575 0.7253359375000001 0.3210070257611241 0.376859375
0 0.2627166276346604 0.4067421875 0.47826697892271663 0.48539062499999996
0 0.6241451990632318 0.3415390625 0.0746135831381733 0.07592187500000001
0 0.7179508196721311 0.362671875 0.04971896955503513 0.04446875
0 0.7105503512880563 0.34859375000000004 0.02981264637002342 0.026000000000000002
0 0.7194145199063232 0.35180468750000005 0.029320843091334894 0.018578125
0 0.6699648711943794 0.33725781250000003 0.042505854800936764 0.042265625
0 0.5448009367681499 0.286 0.03864168618266979 0.039468750000000004
0 0.6367564402810304 0.2963125 0.015011709601873537 0.011625000000000002
0 0.5706206088992973 0.312734375 0.058618266978922716 0.06634375
0 0.6947189695550351 0.34840625000000003 0.05332552693208431 0.044750000000000005
0 0.6177517564402811 0.33213281250000004 0.06637002341920374 0.06892187500000001
0 0.7512880562060889 0.6518046875 0.41044496487119436 0.651203125
