0 0.5616666666666666 0.43091999999999997 0.07106666666666667 0.11244
0 0.4394 0.25079 0.028666666666666667 0.06066
0 0.26946666666666663 0.26061 0.052906666666666664 0.04458
0 0.2414533333333333 0.25204 0.029786666666666666 0.05444
0 0.67348 0.23821 0.02008 0.03082
0 0.7860133333333333 0.23263999999999999 0.03112 0.0564
0 0.9216799999999999 0.25468 0.05706666666666666 0.09387999999999999
0 0.985 0.27097999999999994 0.03 0.05312
0 0.5534266666666666 0.23314999999999997 0.03016 0.0419
0 0.8963066666666667 0.22284 0.033306666666666665 0.04396
0 0.12483999999999999 0.25834 0.03746666666666667 0.05232
0 0.7593866666666665 0.23140000000000002 0.025759999999999998 0.054920000000000004
0 0.6239066666666666 0.2281 0.02248 0.052520000000000004
0 0.7786666666666666 0.242 0.42133333333333334 0.08
