0 0.6163700234192038 0.42234375 0.6665105386416862 0.36575
0 0.6801873536299764 0.518 0.1576580796252927 0.332125
0 0.8790515222482436 0.314265625 0.17084309133489461 0.3004375
0 0.06069086651053864 0.39467968750000004 0.12138173302107728 0.117453125
0 0.0692271662763466 0.7164453125 0.1384543325526932 0.11551562500000001
0 0.35470725995316155 0.7994453125000001 0.04833723653395785 0.075734375
0 0.27702576112412175 0.8665546875000001 0.1273536299765808 0.23176562500000003
0 0.10590163934426229 0.7741875 0.11124121779859485 0.03653125
0 0.7809133489461358 0.73578125 0.11765807962529275 0.0906875
0 0.05052693208430913 0.773140625 0.10105386416861827 0.03575
0 0.07666276346604216 0.508375 0.15332552693208432 0.23190624999999998
0 0.42908665105386423 0.8683046875000001 0.1960655737704918 0.20467187500000003
0 0.3192857142857143 0.7962421875000001 0.0280327868852459 0.05717187500000001
0 0.33021077283372363 0.7046875 0.6604215456674473 0.521875
