0 0.41064062500000004 0.6559497206703911 0.014406250000000002 0.03206703910614525
0 0.3924765625 0.6602653631284916 0.008390625 0.017122905027932962
0 0.37469531250000004 0.6572625698324022 0.010421875 0.01960893854748603
0 0.33869531250000007 0.655782122905028 0.009046875000000001 0.027765363128491618
0 0.329546875 0.6564106145251397 0.0081875 0.024106145251396652
0 0.3098828125 0.6573324022346368 0.006578125000000001 0.01924581005586592
0 0.21086718750000003 0.650796089385475 0.009171875000000001 0.027346368715083797
0 0.1994453125 0.6563687150837989 0.009734375000000002 0.020949720670391064
0 0.36548437500000003 0.6566201117318435 0.01065625 0.02430167597765363
0 0.32229687500000004 0.6549581005586592 0.01190625 0.029134078212290502
0 0.3844296875 0.6571787709497208 0.008328125 0.023016759776536316
0 0.15391406250000003 0.6560195530726257 0.021609375 0.03611731843575419
0 0.162078125 0.656941340782123 0.01115625 0.03729050279329609
0 0.2421875 0.6550279329608939 0.018750000000000003 0.036312849162011177
