0 0.6682578125 0.5730416666666667 0.19382812500000002 0.7325833333333333
0 0.51359375 0.47251041666666665 0.057406250000000006 0.22110416666666666
0 0.48246875 0.47621875 0.0234375 0.10822916666666667
0 0.636875 0.48990625 0.0485 0.09572916666666667
0 0.605734375 0.4760104166666666 0.02065625 0.0763125
0 0.46141406250000006 0.4792708333333333 0.019453125 0.050666666666666665
0 0.21736718749999998 0.46657291666666667 0.023578125000000002 0.08485416666666666
0 0.4038593750000001 0.4784791666666666 0.0173125 0.05383333333333333
0 0.3872734375 0.47943749999999996 0.018859375 0.051791666666666666
0 0.36559375000000005 0.479375 0.017249999999999998 0.05245833333333333
0 0.4259296875 0.48228125 0.022078125000000004 0.04747916666666666
0 0.34957031250000004 0.4782083333333333 0.015265625 0.05225
