0 0.26269607843137255 0.5145179738562091 0.3687254901960784 0.5365196078431373
0 0.2184722222222222 0.5630637254901961 0.4324346405228758 0.8400816993464052
0 0.5168545751633987 0.4146078431372549 0.24269607843137256 0.26290849673202615
0 0.34673202614379084 0.4189787581699346 0.11800653594771242 0.3274019607843137
0 0.7454656862745098 0.3331290849673203 0.13393790849673204 0.14243464052287583
0 0.4651633986928105 0.37165849673202617 0.04728758169934641 0.0855718954248366
0 0.9832924836601307 0.37576797385620914 0.01838235294117647 0.033921568627450986
0 0.8360457516339869 0.3848202614379085 0.10052287581699347 0.15712418300653594
0 0.9708986928104575 0.5665522875816993 0.058202614379084965 0.22003267973856208
0 0.3413888888888889 0.5287908496732027 0.1751307189542484 0.2530392156862745
0 0.8751960784313726 0.47084967320261434 0.2496078431372549 0.40143790849673205
0 0.3335457516339869 0.5815849673202614 0.22107843137254904 0.27166666666666667
