0 0.1444609375 0.60284375 0.063296875 0.3511875
0 0.27664062500000003 0.5680208333333333 0.0859375 0.24966666666666668
0 0.5983203125 0.6494375 0.08426562500000001 0.34158333333333335
0 0.38975000000000004 0.5347395833333334 0.061968749999999996 0.20835416666666667
0 0.9252812500000002 0.7202291666666666 0.13146875 0.5280833333333333
0 0.5389921875 0.5321979166666666 0.038453125000000005 0.15847916666666664
0 0.558640625 0.5053854166666666 0.0191875 0.09381250000000001
0 0.65309375 0.5685312499999999 0.07921875 0.21572916666666667
0 0.8342656250000001 0.6303333333333333 0.14493750000000002 0.42470833333333335
0 0.504859375 0.5562395833333333 0.050937500000000004 0.17785416666666667
0 0.6221406250000001 0.4881875 0.032718750000000005 0.07354166666666666
0 0.36146875 0.531125 0.0489375 0.17862499999999998
0 0.9679140624999999 0.6567395833333334 0.064171875 0.44152083333333336
0 0.24921875000000002 0.5875 0.49843750000000003 0.30833333333333335
