0 0.5036640625000001 0.5942436974789916 0.009171875000000001 0.09705882352941177
0 0.558984375 0.5872478991596638 0.010812500000000001 0.09197478991596639
0 0.5469296875 0.5811554621848739 0.013453125 0.10046218487394958
0 0.17432031250000002 0.5928781512605041 0.010078125 0.06390756302521008
0 0.1982421875 0.5897268907563025 0.009515625 0.06785714285714285
0 0.16718750000000002 0.5903991596638655 0.00990625 0.06861344537815126
0 0.18859375 0.5892857142857143 0.01140625 0.06974789915966387
0 0.33372656250000005 0.5896638655462185 0.009859375 0.06596638655462184
0 0.2062578125 0.5897058823529411 0.010203125 0.07352941176470588
0 0.491015625 0.591827731092437 0.013250000000000001 0.09894957983193277
0 0.14610156250000003 0.5818487394957984 0.008765625 0.05638655462184874
0 0.2275625 0.5952100840336134 0.0053125 0.05941176470588235
0 0.286375 0.5713865546218486 0.0073437500000000005 0.017983193277310926
0 0.1609375 0.5903361344537815 0.309375 0.09663865546218486
