0 0.47846875000000005 0.2700233644859813 0.28525 0.5285046728971962
0 0.6912890625000001 0.4112383177570093 0.180328125 0.7999999999999999
0 0.77165625 0.2977920560747664 0.0484375 0.24544392523364483
0 0.9550703125000001 0.2758060747663551 0.089859375 0.38137850467289713
0 0.33016406249999997 0.2874883177570093 0.07932812500000001 0.24764018691588782
0 0.0841796875 0.3544275700934579 0.047515625000000006 0.1027803738317757
0 0.1335234375 0.3586448598130841 0.050421875000000005 0.08906542056074765
0 0.1462890625 0.3212616822429906 0.031609375 0.07663551401869158
0 0.2584609375 0.30846962616822426 0.032359375 0.1477803738317757
0 0.5298359375 0.2969392523364486 0.040296875 0.22462616822429904
0 0.283015625 0.30823598130841123 0.023906250000000004 0.10492990654205606
0 0.042093750000000006 0.33997663551401863 0.04365625000000001 0.09621495327102803
0 0.37064062500000006 0.3093107476635514 0.025374999999999998 0.10698598130841121
0 0.12734375 0.2932242990654205 0.2265625 0.0630841121495327
