0 0.7498828125000001 0.3663229166666666 0.069734375 0.20502083333333332
0 0.5557421875 0.34234374999999995 0.043921875 0.15539583333333334
0 0.28787500000000005 0.5696041666666666 0.1963125 0.3480416666666667
0 0.4996796875 0.2778541666666667 0.027546875 0.04933333333333333
0 0.8108750000000001 0.32469791666666664 0.03 0.1270625
0 0.488875 0.25437499999999996 0.03615625 0.06904166666666667
0 0.438203125 0.2667291666666667 0.0404375 0.058416666666666665
0 0.538203125 0.28820833333333334 0.02484375 0.06791666666666667
0 0.461546875 0.2728854166666667 0.03028125 0.06122916666666667
0 0.251171875 0.35383333333333333 0.0419375 0.19145833333333334
0 0.7193750000000001 0.325125 0.035125 0.13283333333333333
0 0.5097109375 0.35275 0.027046874999999998 0.08
0 0.3888359375 0.2662916666666667 0.032703125 0.06508333333333333
0 0.56796875 0.3302083333333333 0.6484375 0.17708333333333334
