0 0.5921796875 0.5502708333333333 0.043046875000000005 0.18245833333333333
0 0.18507812499999998 0.5938125 0.05778125 0.23329166666666667
0 0.8023125000000001 0.5632291666666667 0.09390625000000001 0.24941666666666665
0 0.3834453125 0.5754479166666667 0.084453125 0.22072916666666667
0 0.2901328125 0.58465625 0.044015625 0.21872916666666664
0 0.685953125 0.5674166666666667 0.043812500000000004 0.209
0 0.646859375 0.54971875 0.032968750000000005 0.18977083333333333
0 0.546015625 0.5591562499999999 0.055281250000000004 0.2220208333333333
0 0.4929921875 0.5633854166666666 0.059921875000000006 0.2212708333333333
0 0.6351484375 0.6564062500000001 0.088484375 0.1254375
0 0.24440625000000005 0.5834583333333333 0.05915625 0.21275
0 0.333546875 0.5857604166666666 0.046625 0.22564583333333332
0 0.6233828125 0.5335104166666667 0.034109375 0.12077083333333333
0 0.57265625 0.553125 0.0234375 0.21458333333333332
