0 0.55534375 0.5948829039812646 0.1516875 0.36475409836065575
0 0.7197968750000001 0.5431381733021078 0.139875 0.546463700234192
0 0.47241406249999995 0.5312763466042155 0.062171875 0.2429274004683841
0 0.034125 0.5417798594847775 0.066 0.1560655737704918
0 0.8013750000000001 0.2696604215456675 0.055468750000000004 0.08091334894613582
0 0.5542734375 0.25459016393442624 0.08642187500000001 0.08969555035128805
0 0.3666328125 0.18724824355971897 0.07570312500000001 0.12911007025761126
0 0.48765625000000007 0.15172131147540982 0.0683125 0.15060889929742388
0 0.6291171875000001 0.07940281030444965 0.072390625 0.11927400468384075
0 0.6045156250000001 0.5514168618266979 0.06653125 0.23693208430913348
0 0.6697578125000001 0.5813817330210773 0.059484375000000006 0.17306791569086652
0 0.8359062500000001 0.6078337236533957 0.11690624999999999 0.15646370023419204
0 0.49765625 0.32084309133489464 0.9953125 0.6416861826697893
