0 0.7123203125 0.7494999999999999 0.240421875 0.3324166666666667
0 0.8543671875000002 0.3756770833333334 0.080703125 0.08902083333333333
0 0.75003125 0.47220833333333334 0.10003125 0.33229166666666665
0 0.6782343750000001 0.4518333333333333 0.10590625000000001 0.28045833333333337
0 0.7901796875 0.26034375 0.075390625 0.0899375
0 0.9061796874999999 0.72809375 0.187640625 0.4134791666666667
0 0.649515625 0.16478125 0.0531875 0.11322916666666667
0 0.6302265625000001 0.28930208333333335 0.059890625 0.16227083333333334
0 0.380625 0.6896875 0.3076875 0.49095833333333333
0 0.5695546875 0.24018749999999997 0.060796875 0.105375
0 0.20769531250000003 0.2259270833333333 0.07279687500000001 0.08252083333333333
0 0.5086015625 0.2435 0.07910937500000001 0.100875
0 0.7382421875 0.2910625 0.065359375 0.14341666666666666
0 0.49921875000000004 0.31875 0.9984375000000001 0.6375
