0 0.40072656250000005 0.5325208333333333 0.161546875 0.35733333333333334
0 0.45521875000000006 0.3634479166666667 0.030218750000000003 0.13460416666666666
0 0.43975000000000003 0.35052083333333334 0.02009375 0.148625
0 0.956578125 0.3777708333333333 0.036437500000000005 0.15316666666666665
0 0.8305312500000002 0.3160833333333334 0.01940625 0.039
0 0.8780156250000002 0.34669791666666666 0.00809375 0.0416875
0 0.9032890625000001 0.32602083333333337 0.010578125 0.019375
0 0.9158593750000001 0.34828125000000004 0.010000000000000002 0.0559375
0 0.5188671875 0.34358333333333335 0.019703125000000002 0.08224999999999999
0 0.8094921875000001 0.36491666666666667 0.051859375 0.14258333333333334
0 0.72496875 0.31016666666666665 0.00703125 0.017291666666666667
0 0.4680546875 0.3434270833333333 0.019296875 0.08747916666666666
0 0.7338359375 0.3558333333333333 0.053359375 0.04654166666666667
0 0.77890625 0.390625 0.4390625 0.22291666666666665
