0 0.16179687500000003 0.7112395833333333 0.17528125000000003 0.5460625
0 0.7446328125000001 0.3153229166666666 0.141109375 0.23597916666666666
0 0.619703125 0.336125 0.121 0.22458333333333333
0 0.35873437500000005 0.28210416666666666 0.14293750000000002 0.14616666666666667
0 0.9146093750000001 0.5921354166666667 0.17078125 0.3842708333333333
0 0.8983281249999999 0.27269791666666665 0.15446875000000002 0.20502083333333332
0 0.525 0.24269791666666668 0.12978125000000001 0.2381875
0 0.9161015625 0.4048541666666667 0.163453125 0.19866666666666666
0 0.073484375 0.2939166666666666 0.1266875 0.112625
0 0.7112890625000001 0.17845833333333333 0.06260937500000001 0.10479166666666666
0 0.8512500000000002 0.19342708333333333 0.10221875000000001 0.13989583333333333
0 0.77259375 0.6449270833333334 0.17565625 0.22972916666666665
0 0.7073046875 0.14361458333333332 0.166703125 0.13722916666666668
0 0.7992187500000001 0.31979166666666664 0.1390625 0.4395833333333333
