0 0.2687421875 0.5102640264026403 0.030859375 0.22066006600660065
0 0.5143593750000001 0.6113201320132013 0.064625 0.2580858085808581
0 0.6576718750000001 0.6195214521452146 0.04609375 0.24379537953795383
0 0.7825078125 0.6113036303630363 0.044921875 0.2152145214521452
0 0.0776640625 0.5314521452145214 0.10639062500000002 0.5100990099009901
0 0.22992187499999997 0.6331353135313531 0.0558125 0.24323432343234325
0 0.4617343750000001 0.6325742574257426 0.0489375 0.24046204620462047
0 0.3553203125 0.6314686468646865 0.061234375 0.22815181518151814
0 0.3891015625 0.6110891089108911 0.042515625 0.27841584158415844
0 0.4239375 0.6173597359735974 0.0484375 0.2565016501650165
0 0.5443515625 0.6081023102310231 0.030921875 0.25224422442244226
0 0.5761015625000001 0.6129207920792079 0.039359375 0.2719141914191419
0 0.6182890625 0.6179042904290429 0.045484375 0.251980198019802
0 0.5242187500000001 0.5412541254125413 0.9484375 0.49504950495049505
