0 0.13984375000000002 0.7130679156908666 0.08509375000000001 0.35531615925058546
0 0.32917187500000006 0.5553629976580796 0.07290624999999999 0.10927400468384074
0 0.7588203125 0.5615339578454333 0.053703125 0.09014051522248244
0 0.9587500000000001 0.5138758782201406 0.05825 0.0914519906323185
0 0.20453125000000003 0.6889461358313818 0.05521875000000001 0.23859484777517564
0 0.567171875 0.49512880562060885 0.01953125 0.0776112412177986
0 0.6140156250000001 0.5346604215456674 0.02375 0.03882903981264636
0 0.7328437500000001 0.4766510538641686 0.0138125 0.043419203747072595
0 0.8984921875 0.5150117096018735 0.039234375 0.09217798594847774
0 0.71659375 0.4776932084309134 0.01071875 0.04325526932084309
0 0.2157734375 0.5132201405152225 0.027796875 0.12241217798594849
