0 0.791109375 0.8296420047732698 0.01709375 0.07164677804295944
0 0.77696875 0.8289856801909309 0.0169375 0.08231503579952268
0 0.7287500000000001 0.8314677804295945 0.0128125 0.0664200477326969
0 0.6637968750000001 0.8295942720763724 0.0141875 0.06023866348448687
0 0.5514062500000001 0.8110978520286397 0.0106875 0.01909307875894988
0 0.046992187500000004 0.839618138424821 0.024546875000000003 0.041766109785202864
0 0.007492187500000001 0.8669689737470168 0.014859375000000001 0.08319809069212411
0 0.06271874999999999 0.8381742243436754 0.0093125 0.03706443914081146
0 0.086296875 0.8379952267303103 0.0039375 0.02730310262529833
0 0.0145703125 0.8697852028639619 0.016703125 0.07871121718377087
0 0.175828125 0.8928639618138425 0.026562500000000003 0.18830548926014323
0 0.1896640625 0.8501073985680191 0.016046875 0.08417661097852029
0 0.34921875 0.8424821002386635 0.5265625 0.081145584725537
