0 0.57784375 0.5731615925058547 0.06878125 0.2390632318501171
0 0.35833593750000003 0.40930913348946135 0.025390625 0.08049180327868852
0 0.5598203125 0.413688524590164 0.013328125 0.06934426229508196
0 0.717875 0.4432903981264637 0.03709375 0.11491803278688524
0 0.6783671875000001 0.40403981264636996 0.008734375 0.05379391100702576
0 0.1163515625 0.4528337236533958 0.052171875000000006 0.18833723653395784
0 0.089796875 0.4518149882903982 0.06696875000000001 0.18990632318501172
0 0.3771171875 0.40548009367681503 0.011953125000000002 0.06056206088992974
0 0.6248984375000001 0.4279508196721311 0.012328125 0.04981264637002342
0 0.97825 0.4932552693208431 0.043500000000000004 0.26730679156908665
0 0.8329531250000001 0.43045667447306796 0.023906250000000004 0.12433255269320843
0 0.8082578125 0.42457845433255265 0.027953125000000002 0.12953161592505855
0 0.06778906250000001 0.4161709601873536 0.018296875 0.035339578454332554
0 0.55234375 0.4203747072599532 0.8296875 0.11943793911007025
