0 0.3154375 0.5188203125 0.2708333333333333 0.247328125
0 0.47994791666666664 0.39375000000000004 0.034395833333333334 0.06634375
0 0.4126666666666666 0.3998671875 0.049666666666666665 0.052453125
0 0.823125 0.3820234375 0.021500000000000002 0.045421875
0 0.6563958333333333 0.3712109375 0.016625 0.039984375
0 0.7016249999999999 0.36478906250000004 0.0105 0.036234375000000006
0 0.7526041666666666 0.3765859375 0.01983333333333333 0.048140625
0 0.8618854166666667 0.374953125 0.020979166666666667 0.0413125
0 0.7666666666666666 0.37815625 0.014833333333333334 0.04021875
0 0.8074166666666667 0.3784921875 0.011166666666666667 0.034140625
0 0.7950520833333333 0.380375 0.0173125 0.0368125
0 0.83121875 0.3587265625 0.008479166666666668 0.018234375
0 0.815375 0.3741640625 0.012875 0.038109375
