0 0.0733203125 0.2876458333333333 0.13989062500000002 0.301125
0 0.6091250000000001 0.6532604166666667 0.49487500000000006 0.6934791666666666
0 0.7856875 0.4957291666666666 0.15065625000000002 0.3037916666666666
0 0.9209375 0.5056041666666666 0.15812500000000002 0.39808333333333334
0 0.4813046875 0.34698958333333335 0.053390625000000004 0.06952083333333332
0 0.439765625 0.34581249999999997 0.036687500000000005 0.06670833333333334
0 0.7466328125 0.5651770833333334 0.161796875 0.4471875
0 0.5214921875 0.3476458333333333 0.026765625 0.059333333333333335
0 0.18346093750000003 0.3472083333333334 0.055421875 0.11608333333333333
0 0.2521484375 0.3254791666666667 0.015578125000000002 0.01883333333333333
