0 0.14093750000000002 0.44943793911007024 0.14393750000000002 0.27414519906323187
0 0.7141328125 0.3757611241217798 0.13182812500000002 0.4186416861826698
0 0.86409375 0.14324355971896954 0.14165625 0.2336065573770492
0 0.9841484375 0.21381733021077282 0.031203124999999998 0.19142857142857142
0 0.30135937500000004 0.6993208430913349 0.1289375 0.18201405152224823
0 0.0451796875 0.7079391100702577 0.087828125 0.16309133489461358
0 0.113421875 0.20683840749414517 0.1103125 0.20276346604215456
0 0.11499218750000001 0.32432084309133485 0.11779687500000001 0.24484777517564402
0 0.2006328125 0.3593208430913349 0.11107812500000001 0.134192037470726
0 0.2302265625 0.16495316159250586 0.15535937500000002 0.1943559718969555
0 0.5210078125000001 0.5146018735362997 0.379328125 0.9707962529274003
0 0.0424140625 0.47083138173302114 0.084828125 0.22241217798594848
0 0.8255390625000001 0.31694379391100697 0.13764062500000002 0.3185245901639344
0 0.0390625 0.2189695550351288 0.07500000000000001 0.2646370023419204
