0 0.2932578125 0.5618020833333334 0.28314062500000003 0.8404375000000001
0 0.79971875 0.45730208333333333 0.2983125 0.5730208333333333
0 0.46978125000000004 0.384375 0.02909375 0.07795833333333334
0 0.142765625 0.43395833333333333 0.043875 0.16229166666666667
0 0.047617187500000005 0.4601979166666667 0.053078125000000004 0.15389583333333334
0 0.9421953125 0.29457291666666663 0.013140625000000001 0.048604166666666664
0 0.4761875 0.3954375 0.05659375 0.08687500000000001
0 0.9785234375 0.28659375 0.011796875 0.0513125
0 0.9913046875 0.28579166666666667 0.015015625 0.05354166666666666
0 0.962546875 0.28993749999999996 0.0165 0.05316666666666667
0 0.9571328125000002 0.2900625 0.008421875 0.04691666666666666
