0 0.9132656250000001 0.8460033444816054 0.032781250000000005 0.23809364548494982
0 0.05935937499999999 0.797675585284281 0.02746875 0.19120401337792642
0 0.668109375 0.6997826086956522 0.049875 0.09133779264214047
0 0.87215625 0.8629598662207358 0.01775 0.09595317725752509
0 0.8374843750000001 0.8639799331103678 0.017 0.10528428093645485
0 0.8077734375000001 0.812056856187291 0.026765625 0.1770903010033445
0 0.6503984375 0.4423411371237458 0.017515625000000003 0.09558528428093645
0 0.8027734375 0.8038127090301004 0.013359375000000001 0.15451505016722408
0 0.9000546875 0.7519230769230769 0.011453125000000001 0.0497324414715719
0 0.44321093749999996 0.7240468227424749 0.023671875000000002 0.042006688963210706
0 0.9457578125 0.8317558528428093 0.025890625 0.18585284280936454
