0 0.2548828125 0.4131944444444445 0.023328125 0.1328888888888889
0 0.1416328125 0.453125 0.10123437500000002 0.29247222222222224
0 0.6867578125000001 0.42844444444444446 0.018515625 0.0993888888888889
0 0.650609375 0.42233333333333334 0.017968750000000002 0.10594444444444445
0 0.7956953125 0.4165555555555555 0.022296875 0.11066666666666668
0 0.381828125 0.4454583333333334 0.054375 0.22847222222222224
0 0.8452890625 0.42277777777777775 0.022859375 0.10905555555555556
0 0.27265625 0.41561111111111115 0.018062500000000002 0.11755555555555557
0 0.2893984375 0.419625 0.018515625 0.11163888888888888
0 0.4165390625 0.42206944444444444 0.022890625 0.10919444444444446
0 0.6042812500000001 0.4168611111111111 0.025625 0.12255555555555556
0 0.632078125 0.40591666666666665 0.023656250000000004 0.10105555555555557
0 0.745078125 0.4175138888888889 0.01984375 0.09497222222222222
0 0.6429687500000001 0.5222222222222223 0.6671875 0.4277777777777778
