0 0.3343281250000001 0.7495039164490862 0.09896875000000001 0.3215665796344647
0 0.244734375 0.7074934725848563 0.04828125 0.24323759791122715
0 0.5382734375 0.7729895561357703 0.071671875 0.28911227154047
0 0.5772421875 0.7306527415143602 0.06420312500000001 0.28684073107049607
0 0.6210390625000001 0.8059268929503915 0.080015625 0.3544647519582245
0 0.6812343750000001 0.773981723237598 0.06171875 0.1933420365535248
0 0.7297578125 0.7219712793733681 0.062640625 0.32279373368146214
0 0.7854375 0.6922193211488251 0.05728125 0.24522193211488252
0 0.8433281250000001 0.7012663185378589 0.0666875 0.22707571801566578
0 0.9838125 0.7591383812010444 0.0321875 0.2965013054830287
0 0.754765625 0.6684334203655352 0.027031250000000003 0.18067885117493473
0 0.9428593750000002 0.7476370757180156 0.05921875 0.27459530026109663
