0 0.6647968750000001 0.8792291666666666 0.17146875 0.20820833333333333
0 0.5152421875000001 0.8669270833333333 0.16373437500000002 0.2661458333333333
0 0.49736718750000003 0.8310208333333333 0.05807812500000001 0.05808333333333333
0 0.45336718750000005 0.5471875 0.060671875 0.15954166666666666
0 0.327125 0.9352708333333334 0.09925 0.12945833333333334
0 0.268546875 0.9298541666666668 0.09509375 0.14029166666666668
0 0.9430468750000002 0.9031666666666668 0.11390625000000001 0.19366666666666665
0 0.155546875 0.9212708333333333 0.17065625 0.11145833333333333
0 0.13954687500000001 0.9574374999999999 0.10956250000000001 0.082
0 0.7735625000000002 0.9752187499999999 0.08059375 0.049562499999999995
0 0.11771875000000001 0.53896875 0.0229375 0.08652083333333334
0 0.0606171875 0.5480937499999999 0.048984375000000004 0.08435416666666667
0 0.14646093749999997 0.5825937499999999 0.054421875 0.12985416666666666
