0 0.173921875 0.330304449648712 0.040375 0.07573770491803279
0 0.1246640625 0.24245901639344264 0.035609375 0.08112412177985949
0 0.9521328125 0.4954918032786885 0.046296875 0.08096018735362998
0 0.20692187500000003 0.2644964871194379 0.032 0.1024824355971897
0 0.8220234375000001 0.4915105386416862 0.046984375 0.09880562060889929
0 0.38020312500000003 0.42519906323185014 0.04959375 0.06744730679156909
0 0.39105468750000005 0.3097072599531616 0.026390625 0.08311475409836067
0 0.43864843750000004 0.30229508196721305 0.031078125 0.10177985948477752
0 0.279484375 0.3776229508196721 0.029281249999999998 0.051639344262295085
0 0.41879687499999996 0.34727166276346605 0.044875 0.08344262295081968
0 0.85859375 0.492576112412178 0.03925000000000001 0.1053864168618267
0 0.5225781250000001 0.4828688524590164 0.13468750000000002 0.45416861826697896
0 0.5 0.2786885245901639 0.9968750000000001 0.5526932084309133
