0 0.6622734375000001 0.555311004784689 0.472265625 0.4708452950558214
0 0.7646796875 0.26309409888357255 0.070984375 0.09055821371610845
0 0.41824218750000003 0.24630781499202553 0.095109375 0.11963317384370017
0 0.14993750000000003 0.3509011164274322 0.11053125 0.07660287081339713
0 0.164546875 0.2516507177033493 0.07878125000000001 0.10770334928229665
0 0.5308203125 0.2358771929824561 0.057703125 0.08129186602870814
0 0.16168749999999998 0.17917862838915471 0.10428124999999999 0.1524242424242424
0 0.242625 0.1967304625199362 0.08121875 0.10098883572567784
0 0.065328125 0.2573684210526316 0.07337500000000001 0.09362041467304626
0 0.6897421875 0.2874242424242424 0.05014062500000001 0.04821371610845295
0 0.3422421875 0.27179425837320575 0.07685937500000001 0.0690749601275917
0 0.3640625 0.32216905901116427 0.728125 0.5486443381180224
