0 0.613734375 0.5475277777777777 0.00665625 0.03216666666666667
0 0.47988281250000003 0.5477638888888889 0.006921875 0.026805555555555558
0 0.41571875 0.5496111111111112 0.0072499999999999995 0.036722222222222226
0 0.4010703125 0.5482222222222222 0.011671875 0.04361111111111111
0 0.9473593750000001 0.5491666666666667 0.010062500000000002 0.03766666666666667
0 0.42016406250000005 0.5323055555555556 0.007609375000000001 0.05088888888888889
0 0.66759375 0.551611111111111 0.0053125 0.028333333333333332
0 0.742609375 0.5505555555555556 0.007656250000000001 0.030500000000000003
0 0.539671875 0.5522083333333334 0.014687500000000001 0.022194444444444447
0 0.72446875 0.5564444444444445 0.0063125 0.02266666666666667
0 0.9740078125 0.559513888888889 0.005234375 0.022361111111111113
0 0.9390625 0.5621805555555556 0.00653125 0.012916666666666668
0 0.30182812500000006 0.5558194444444444 0.009437500000000001 0.029027777777777777
0 0.59765625 0.5458333333333334 0.6953125 0.0638888888888889
