0 0.2934080188679245 0.7044921875000001 0.3968632075471698 0.568546875
0 0.20662735849056602 0.40997656250000003 0.125 0.15842187500000002
0 0.09858490566037735 0.609234375 0.1971698113207547 0.46846875
0 0.937382075471698 0.53128125 0.12523584905660376 0.5973125
0 0.9508844339622642 0.25989062500000004 0.0982311320754717 0.09665625
0 0.04715801886792453 0.313109375 0.0583254716981132 0.15065625000000002
0 0.7411438679245282 0.4932578125 0.3290330188679245 0.9191093750000001
0 0.24670990566037732 0.30686718749999997 0.03591981132075472 0.048671875
0 0.40211084905660377 0.49715625 0.30129716981132076 0.405
0 0.5698584905660378 0.6685390625000001 0.19674528301886793 0.4741718750000001
0 0.46994103773584905 0.43767187500000004 0.24974056603773584 0.72721875
0 0.13423349056603773 0.371703125 0.1233254716981132 0.21437499999999998
0 0.5481957547169811 0.26932031250000005 0.15228773584905658 0.179828125
0 0.32193396226415094 0.32578125 0.6438679245283019 0.17343750000000002
