0 0.396006006006006 0.8884700000000001 0.2078078078078078 0.21106
0 0.5004954954954955 0.64451 0.262012012012012 0.29082
0 0.2774774774774775 0.6394100000000001 0.21663663663663663 0.37162
0 0.33572072072072073 0.8341400000000001 0.38801801801801805 0.2854
0 0.7739189189189188 0.80401 0.24375375375375374 0.17546
0 0.8941291291291291 0.75398 0.06843843843843843 0.08696
0 0.7350600600600601 0.90363 0.21510510510510508 0.1781
0 0.08527027027027027 0.8917900000000001 0.16855855855855856 0.21642
0 0.11641141141141141 0.7303400000000001 0.18555555555555556 0.28316
0 0.09375375375375375 0.90551 0.15561561561561563 0.1355
0 0.9011111111111111 0.83445 0.19777777777777777 0.26518
0 0.4998498498498498 0.30829 0.9996996996996996 0.49222000000000005
