0 0.29342187500000005 0.6494799054373522 0.26675 0.5964066193853428
0 0.7834375000000001 0.567434988179669 0.33490625 0.856193853427896
0 0.540859375 0.6369976359338062 0.22190625000000003 0.6655791962174942
0 0.9807500000000001 0.455531914893617 0.038500000000000006 0.16652482269503546
0 0.931828125 0.4313238770685579 0.03615625 0.08695035460992907
0 0.9208046875 0.39601654846335693 0.025859375000000004 0.05208037825059102
0 0.8774843749999999 0.37981087470449176 0.04509375 0.05739952718676123
0 0.4149765625 0.5071158392434988 0.082078125 0.09962174940898345
0 0.044039062500000004 0.5278250591016548 0.08807812500000001 0.24576832151300235
0 0.7501953125 0.47399527186761226 0.040109375 0.11347517730496454
0 0.7293203125000001 0.4698345153664303 0.028171875000000002 0.10491725768321514
0 0.4799296875000001 0.41955082742316785 0.09157812500000001 0.2464302600472813
