0 0.5791015625 0.5212676056338028 0.022328125 0.06985915492957746
0 0.734890625 0.5103403755868545 0.025781250000000002 0.09833333333333334
0 0.7159921875 0.5117136150234742 0.016921875 0.055915492957746483
0 0.5123593750000001 0.5391431924882629 0.0339375 0.13683098591549295
0 0.80903125 0.4917957746478873 0.013625000000000002 0.05683098591549296
0 0.4532109375 0.49450704225352116 0.008859375000000001 0.03394366197183099
0 0.7859609375000001 0.49704225352112674 0.017953125 0.06854460093896714
0 0.0339375 0.5188849765258216 0.01159375 0.032605633802816905
0 0.0042890625 0.519330985915493 0.008578125 0.041713615023474176
0 0.6210703125000001 0.5415023474178404 0.019296875 0.059154929577464786
0 0.7577109375000001 0.49869718309859157 0.016828125 0.07556338028169014
0 0.7426875000000002 0.5023356807511736 0.01221875 0.07443661971830987
0 0.60665625 0.537981220657277 0.01803125 0.06338028169014084
