0 0.33207031249999996 0.5678103044496486 0.15014062500000003 0.24840749414519905
0 0.3080234375 0.5905152224824356 0.217390625 0.7388290398126464
0 0.07196875000000001 0.5928805620608899 0.13493750000000002 0.19775175644028103
0 0.49401562500000007 0.5831498829039813 0.1394375 0.22245901639344262
0 0.8178125 0.5984660421545667 0.1326875 0.204519906323185
0 0.6169609375 0.4730327868852459 0.136421875 0.27192037470725994
0 0.7495625 0.5179859484777518 0.11646875000000001 0.35508196721311475
0 0.8136640625 0.36734192037470725 0.10529687500000001 0.2905152224824356
0 0.1590625 0.6023770491803279 0.04903125 0.15491803278688526
0 0.17785937500000001 0.5904332552693209 0.08575 0.20606557377049178
0 0.6015390625000001 0.5822482435597189 0.262515625 0.234192037470726
0 0.9002812499999999 0.46058548009367684 0.123125 0.3565339578454333
