0 0.24485156249999998 0.8193537414965988 0.147953125 0.36129251700680276
0 0.05651562500000001 0.43482993197278913 0.11303125000000001 0.3932426303854875
0 0.028499999999999998 0.5612698412698413 0.056999999999999995 0.34444444444444444
0 0.5915546875000001 0.5364285714285715 0.126109375 0.5962131519274376
0 0.8841171875000001 0.4333219954648526 0.11207812500000001 0.27
0 0.69903125 0.045476190476190476 0.0576875 0.08886621315192743
0 0.6293359375 0.04832199546485261 0.064390625 0.07895691609977325
0 0.5867109375 0.044104308390022676 0.055078125000000006 0.08820861678004535
0 0.52215625 0.0627891156462585 0.0269375 0.034784580498866215
0 0.962796875 0.4976530612244898 0.07440625 0.213718820861678
0 0.8788359375000001 0.08481859410430839 0.044171875 0.05027210884353742
0 0.9840937500000001 0.08178004535147392 0.03125 0.0702267573696145
0 0.11553125 0.12036281179138322 0.07537500000000001 0.18997732426303857
0 0.6375000000000001 0.062358276643990934 0.721875 0.12471655328798187
