0 0.4463125 0.5267710583153348 0.0605625 0.16805615550755942
0 0.274828125 0.790755939524838 0.12462500000000001 0.20457883369330454
0 0.182171875 0.7707883369330454 0.10490625 0.23829373650107993
0 0.8408906250000001 0.4705939524838013 0.0646875 0.1364794816414687
0 0.49417968749999996 0.37632829373650106 0.030921875 0.0673866090712743
0 0.5255859375 0.36799136069114474 0.027578125 0.051576673866090716
0 0.8225625 0.24211663066954647 0.00953125 0.0167170626349892
0 0.0799453125 0.5188228941684666 0.046890625000000005 0.19980561555075596
0 0.375546875 0.3341576673866091 0.0201875 0.04274298056155507
0 0.822921875 0.20505399568034557 0.01421875 0.06099352051835853
0 0.4704453125000001 0.34186825053995684 0.015359375000000001 0.024730021598272138
0 0.528453125 0.44442764578833693 0.04650000000000001 0.14868250539956804
0 0.35865625000000007 0.7256263498920088 0.124 0.2641684665226782
0 0.49375 0.23218142548596113 0.9875 0.46436285097192226
