0 0.16608333333333333 0.4136796875 0.21958333333333335 0.5217343750000001
0 0.24473958333333332 0.21921093749999998 0.13397916666666668 0.22014062499999998
0 0.18983333333333335 0.48990625000000004 0.3796666666666667 0.6793750000000001
0 0.42715624999999996 0.23246093750000002 0.14522916666666666 0.252921875
0 0.7058020833333334 0.33535156250000003 0.21347916666666666 0.38992187500000003
0 0.7053333333333334 0.18313281250000002 0.19704166666666667 0.21682812500000004
0 0.6144479166666666 0.1815234375 0.13647916666666668 0.14760937500000001
0 0.5752708333333333 0.16242187500000002 0.09258333333333332 0.1125
0 0.5950833333333333 0.10440624999999999 0.06729166666666667 0.0731875
0 0.3096875 0.2961015625 0.12175 0.405453125
0 0.41160416666666666 0.1355234375 0.0735 0.066453125
0 0.5112187499999999 0.127109375 0.07831250000000001 0.14971874999999998
0 0.5817916666666666 0.094265625 0.03829166666666666 0.04496875
0 0.8125 0.17265625 0.37083333333333335 0.2390625
