0 0.33926426426426426 0.47941 0.09984984984984985 0.05478
0 0.2362012012012012 0.47903000000000007 0.06027027027027027 0.054700000000000006
0 0.19321321321321322 0.51426 0.09105105105105105 0.11092
0 0.10915915915915916 0.50841 0.09357357357357357 0.10729999999999999
0 0.03855855855855856 0.49284 0.07711711711711712 0.11900000000000001
0 0.2754354354354354 0.48673 0.057777777777777775 0.04378
0 0.12250750750750751 0.46359999999999996 0.10189189189189189 0.07492
0 0.2583933933933934 0.39032000000000006 0.021951951951951952 0.0352
0 0.19764264264264264 0.36892 0.024834834834834833 0.02636
0 0.34914414414414413 0.44135 0.04459459459459459 0.0315
0 0.011891891891891892 0.35688000000000003 0.018978978978978978 0.02648
0 0.6083933933933935 0.35584000000000005 0.5069969969969971 0.31688
0 0.006966966966966966 0.44681 0.013693693693693693 0.041979999999999996
