0 0.41375000000000006 0.8140140845070423 0.01384375 0.042957746478873245
0 0.61746875 0.8699765258215963 0.0141875 0.06065727699530517
0 0.64375 0.8467253521126761 0.02446875 0.08476525821596244
0 0.7302031250000001 0.8511150234741784 0.011562500000000002 0.0626056338028169
0 0.6208671875 0.7976525821596243 0.007640625 0.025070422535211266
0 0.7163593750000001 0.7946361502347418 0.00521875 0.016173708920187792
0 0.7633046875 0.7938262910798123 0.005171875 0.011924882629107982
0 0.9859140625 0.787511737089202 0.008140625 0.015446009389671361
0 0.1471953125 0.8209037558685446 0.047671875 0.10880281690140846
0 0.06609374999999999 0.7820657276995306 0.004937500000000001 0.01699530516431925
