0 0.341703125 0.9384999999999999 0.08440625000000002 0.123
0 0.15200000000000002 0.8865520833333332 0.07453125000000001 0.22689583333333332
0 0.3687734375 0.8533125 0.011828125000000002 0.04833333333333333
0 0.46192187500000004 0.8658958333333333 0.01259375 0.044083333333333335
0 0.0242890625 0.8898229166666667 0.034578125 0.0665625
0 0.0766640625 0.85696875 0.040671875 0.06622916666666666
0 0.2499765625 0.83671875 0.014984375000000001 0.03914583333333333
0 0.300734375 0.8471354166666667 0.0190625 0.04647916666666666
0 0.7721640625 0.9058854166666668 0.014296875 0.04572916666666667
0 0.3190078125 0.7793437500000001 0.005171875 0.011645833333333333
0 0.0097578125 0.8617916666666667 0.017484375 0.09104166666666667
0 0.9169609375000001 0.9249999999999999 0.021203125000000003 0.065
