0 0.32438281250000006 0.6259016393442622 0.023421875 0.09690866510538643
0 0.9363515625000001 0.6424941451990633 0.054640625 0.09023419203747073
0 0.1408828125 0.5581733021077283 0.031828125000000006 0.07662763466042154
0 0.1747890625 0.8990632318501172 0.048828125 0.06163934426229508
0 0.37875000000000003 0.8843325526932083 0.0500625 0.10341920374707259
0 0.48561718749999994 0.9488992974238876 0.083078125 0.10220140515222483
0 0.40885156250000004 0.9261124121779859 0.07592187500000001 0.14777517564402812
0 0.6601484375000001 0.9525175644028102 0.065046875 0.09496487119437938
0 0.7541015625 0.9063817330210774 0.06242187500000001 0.16475409836065572
0 0.8072109375000001 0.9010421545667447 0.074265625 0.1318735362997658
0 0.8617578125 0.9281030444964872 0.10323437499999999 0.12346604215456675
0 0.695078125 0.4712060889929743 0.01021875 0.023864168618266977
0 0.6930468750000001 0.38788056206088994 0.0075625 0.01477751756440281
0 0.49921875000000004 0.6416861826697893 0.9984375000000001 0.711943793911007
