0 0.14714843750000003 0.6018229166666667 0.10417187500000001 0.31985416666666666
0 0.7838828125 0.5032708333333333 0.014328125 0.044708333333333336
0 0.4779609375 0.4997916666666667 0.025640625 0.0545
0 0.5798046875 0.5118333333333334 0.078265625 0.20291666666666666
0 0.1411328125 0.48273958333333333 0.042078125 0.12131249999999999
0 0.6639296875 0.5127291666666667 0.114578125 0.18483333333333332
0 0.43992187499999996 0.5037604166666666 0.016875 0.04497916666666667
0 0.11206250000000001 0.4911041666666667 0.030937500000000003 0.079375
0 0.9502656250000001 0.5001770833333333 0.030343750000000003 0.05539583333333333
0 0.6018593750000001 0.4918854166666667 0.03890625 0.10347916666666666
0 0.879140625 0.52071875 0.08090625000000001 0.23956249999999998
0 0.3892734375 0.49771875 0.08982812500000001 0.19214583333333335
0 0.8497109374999999 0.4847916666666666 0.068078125 0.11841666666666667
0 0.48125 0.48541666666666666 0.9593750000000001 0.11666666666666667
