0 0.5992031250000001 0.5066993464052288 0.50959375 0.9866013071895426
0 0.25303125 0.7123529411764707 0.37068750000000006 0.55281045751634
0 0.0502578125 0.13561002178649237 0.100515625 0.19496732026143793
0 0.2439921875 0.12958605664488018 0.175640625 0.19655773420479306
0 0.4166171875 0.13258169934640524 0.153109375 0.19775599128540305
0 0.792125 0.1146078431372549 0.16921875 0.19775599128540305
0 0.9758046875 0.06992374727668846 0.047515625000000006 0.13749455337690633
0 0.7830703125 0.08982570806100218 0.16967187500000003 0.17965141612200436
0 0.703890625 0.1503376906318083 0.0621875 0.1252505446623094
0 0.9184375000000001 0.09438997821350764 0.16312500000000002 0.18877995642701528
