0 0.632 0.6921397379912664 0.1254375 0.5168558951965065
0 0.6822734375 0.46695414847161565 0.05254687500000001 0.15587336244541483
0 0.7588281250000001 0.4544978165938865 0.08468750000000001 0.15358078602620087
0 0.9614687499999999 0.6033515283842794 0.04346875 0.2013755458515284
0 0.537140625 0.48883187772925757 0.06121875 0.1416812227074236
0 0.6613671875 0.41836244541484713 0.035953125 0.08449781659388647
0 0.7221171875000001 0.4662772925764192 0.068546875 0.14713973799126637
0 0.8456015625000002 0.4557205240174672 0.09207812500000001 0.15109170305676856
0 0.7103671875 0.40823144104803494 0.037734375 0.05689956331877729
0 0.984875 0.5176528384279476 0.03025 0.11744541484716156
0 0.0845 0.5671069868995633 0.053593749999999996 0.10076419213973799
0 0.9873984375000001 0.6022489082969432 0.022515625 0.1887772925764192
0 0.5947812499999999 0.4518886462882096 0.05825 0.07818777292576419
0 0.571875 0.43777292576419213 0.109375 0.10262008733624453
