0 0.78677 0.6995866666666666 0.13782 0.38642666666666664
0 0.6915800000000001 0.7474 0.06728 0.28562666666666664
0 0.7274400000000001 0.7567066666666666 0.04988 0.21416
0 0.57341 0.5197733333333334 0.04126 0.15426666666666666
0 0.41079 0.49505333333333335 0.027420000000000003 0.09912
0 0.43136 0.63644 0.081 0.19634666666666664
0 0.24017 0.7172933333333333 0.0927 0.39325333333333334
0 0.0213 0.64804 0.0426 0.20087999999999998
0 0.65067 0.45098666666666665 0.04526 0.13658666666666666
0 0.8160700000000001 0.4795333333333333 0.01998 0.08701333333333333
0 0.46684 0.4908666666666666 0.06328 0.14221333333333333
0 0.7995 0.48235999999999996 0.0182 0.05757333333333333
0 0.43888000000000005 0.5185733333333332 0.02144 0.04941333333333334
0 0.443 0.6506666666666666 0.81 0.4693333333333333
