0 0.492125 0.5855854800936768 0.2509375 0.8062997658079626
0 0.7539296875000001 0.5549999999999999 0.05851562500000001 0.26920374707259953
0 0.815296875 0.5650351288056206 0.08937500000000001 0.274192037470726
0 0.7563828125000001 0.6031147540983607 0.072359375 0.145807962529274
0 0.604078125 0.45401639344262296 0.02590625 0.04180327868852459
0 0.1756171875 0.4201873536299766 0.027453125000000002 0.07091334894613584
0 0.14767968750000002 0.38983606557377043 0.026265625 0.04646370023419204
0 0.0532734375 0.42243559718969553 0.020859375 0.049742388758782195
0 0.08966406250000002 0.4949180327868853 0.026921875 0.042716627634660415
0 0.9562187500000001 0.5636651053864169 0.02821875 0.06737704918032787
0 0.6863046875000001 0.5574707259953161 0.030890625 0.06754098360655737
0 0.1597109375 0.5130327868852459 0.017078125 0.02882903981264637
0 0.26453125000000005 0.5569320843091335 0.036625000000000005 0.09128805620608899
0 0.5 0.4297423887587822 0.9968750000000001 0.33021077283372363
