0 0.549765625 0.39240046838407494 0.0930625 0.17365339578454334
0 0.42696875 0.3938056206088993 0.0860625 0.1396487119437939
0 0.196640625 0.5062763466042155 0.031125000000000003 0.062201405152224824
0 0.3501171875 0.4042505854800936 0.054296875 0.11318501170960187
0 0.305703125 0.409672131147541 0.03790625 0.06786885245901639
0 0.22669531249999997 0.5102693208430914 0.020921875000000003 0.06274004683840749
0 0.0217109375 0.45987119437939106 0.041609375000000004 0.14817330210772833
0 0.21088281250000002 0.44660421545667445 0.015421875 0.0438407494145199
0 0.8599140625000001 0.40160421545667446 0.018234375 0.03313817330210773
0 0.47596875000000005 0.41898126463700236 0.029406250000000002 0.0709367681498829
0 0.4589453125 0.3666744730679157 0.032703125 0.04875878220140515
0 0.8614609375000001 0.44748243559718975 0.025359375000000003 0.029531615925058548
