0 0.5624140625 0.5973826291079812 0.385921875 0.7865023474178404
0 0.5267734375 0.18714788732394366 0.057484375000000004 0.0925586854460094
0 0.30356249999999996 0.2133450704225352 0.01059375 0.05753521126760564
0 0.12757031250000003 0.217018779342723 0.015796875 0.06380281690140845
0 0.11097656250000001 0.21663145539906103 0.019421875 0.061384976525821595
0 0.028421875000000003 0.23071596244131456 0.010062500000000002 0.029788732394366198
0 0.04178125 0.23458920187793428 0.0188125 0.035375586854460093
0 0.36833593750000004 0.32400234741784034 0.148328125 0.32997652582159626
0 0.29078906250000003 0.23004694835680753 0.010328125 0.02708920187793427
0 0.216171875 0.23188967136150235 0.0133125 0.02030516431924883
0 0.1479921875 0.2154342723004695 0.023484375000000002 0.065
0 0.05859375 0.23436619718309856 0.01475 0.032957746478873236
0 0.39937500000000004 0.39869718309859153 0.17981250000000001 0.4701173708920188
0 0.37031250000000004 0.21713615023474178 0.7375 0.07746478873239437
