0 0.8662908496732026 0.6214950980392158 0.2674183006535948 0.7213562091503268
0 0.34001633986928104 0.42028594771241834 0.302843137254902 0.37354575163398696
0 0.119640522875817 0.6123039215686275 0.23477124183006537 0.7516993464052288
0 0.565171568627451 0.36367647058823527 0.2359640522875817 0.3146078431372549
0 0.18303104575163398 0.2302859477124183 0.07161764705882352 0.09374183006535948
0 0.45138071895424836 0.18372549019607842 0.13393790849673204 0.2636274509803922
0 0.8338235294117647 0.20500816993464052 0.20254901960784313 0.30544117647058827
0 0.9683986928104577 0.18651143790849675 0.06320261437908496 0.23328431372549022
0 0.35565359477124187 0.22215686274509805 0.037941176470588235 0.07349673202614379
0 0.7580637254901961 0.4061437908496732 0.3141666666666667 0.42055555555555557
0 0.2729330065359477 0.2888888888888889 0.1183496732026144 0.1823856209150327
0 0.09622549019607844 0.22054738562091503 0.035915032679738564 0.03544117647058824
