0 0.46765000000000007 0.37494029850746263 0.18286000000000002 0.4944179104477612
0 0.5575800000000001 0.33108955223880593 0.11016 0.38062686567164183
0 0.15356999999999998 0.3966268656716418 0.1325 0.4517014925373134
0 0.04301000000000001 0.3126119402985075 0.08454 0.2660597014925373
0 0.64052 0.3218507462686567 0.03728 0.051820895522388055
0 0.9604300000000001 0.5208955223880597 0.07914 0.40292537313432836
0 0.9371800000000001 0.35732835820895525 0.03588 0.05919402985074627
0 0.7516800000000001 0.3386865671641791 0.040920000000000005 0.08107462686567164
0 0.79643 0.3606567164179104 0.03134 0.08949253731343283
0 0.8828400000000001 0.349223880597015 0.0388 0.05576119402985075
0 0.7649 0.33688059701492534 0.017 0.03035820895522388
0 0.84144 0.3414925373134328 0.04984 0.12202985074626867
