0 0.6869375 0.8743333333333333 0.15975 0.22870833333333332
0 0.3978828125 0.8658125000000001 0.019546875000000002 0.06316666666666666
0 0.976734375 0.8446979166666666 0.015437500000000002 0.026020833333333333
0 0.9938203125000001 0.8479166666666667 0.011171875000000001 0.024583333333333336
0 0.714828125 0.82965625 0.023406250000000003 0.03972916666666667
0 0.45064843750000005 0.8255833333333333 0.017203125 0.0205
0 0.31183593750000005 0.8532604166666666 0.017171875 0.06439583333333333
0 0.29890625 0.8553541666666666 0.012906250000000001 0.050333333333333334
0 0.1280078125 0.84590625 0.020859375 0.05660416666666667
0 0.11382031250000002 0.8438125 0.020828125000000003 0.05575
0 0.5464531250000001 0.9110312500000001 0.07600000000000001 0.15539583333333334
0 0.08566406250000001 0.8421875 0.010828125000000001 0.037333333333333336
