0 0.28903906250000005 0.5840833333333334 0.28904687500000004 0.8318333333333334
0 0.4160703125 0.5900833333333334 0.16998437500000002 0.7995476190476192
0 0.47339843750000005 0.3292142857142857 0.038578125000000005 0.09976190476190477
0 0.5623125 0.5802976190476191 0.21915625 0.8169285714285716
0 0.7175859375 0.5529285714285715 0.436015625 0.864857142857143
0 0.1754921875 0.5797738095238095 0.168109375 0.8269761904761905
0 0.521484375 0.36459523809523814 0.11306250000000001 0.28304761904761905
0 0.9069531249999999 0.3955000000000001 0.13568750000000002 0.3640476190476191
0 0.9385 0.5919404761904763 0.123 0.8139285714285716
0 0.9227343750000001 0.5962738095238096 0.1514375 0.4911190476190477
0 0.4405234375 0.3520238095238095 0.028890625 0.042761904761904765
0 0.5542890625 0.3513333333333334 0.024484375000000003 0.09271428571428572
