0 0.6339695550351289 0.6079140625 0.4102810304449649 0.545484375
0 0.9322716627634662 0.5306640625 0.13545667447306792 0.30517187500000004
0 0.840152224824356 0.2728125 0.31969555035128805 0.435875
0 0.29134660421545666 0.20770312500000002 0.19529274004683841 0.35231250000000003
0 0.5469672131147542 0.1730546875 0.078711943793911 0.18195312500000002
0 0.17091334894613583 0.2166015625 0.17311475409836066 0.322640625
0 0.2740983606557377 0.6834375 0.5292740046838408 0.52646875
0 0.36838407494145203 0.22906250000000006 0.08997658079625293 0.22987500000000002
0 0.6597306791569088 0.14763281250000002 0.06578454332552693 0.124546875
0 0.733864168618267 0.10301562500000001 0.053208430913348946 0.09421875
0 0.768688524590164 0.08997656250000001 0.0263231850117096 0.049296875000000004
0 0.9399180327868853 0.8099609375000001 0.12016393442622951 0.342859375
0 0.4244847775175644 0.18678906250000002 0.12892271662763466 0.24104687500000002
0 0.4672131147540984 0.246875 0.9344262295081968 0.45937500000000003
