2 0.5059140625 0.5551943844492441 0.186703125 0.21997840172786176
0 0.8660390625000001 0.7220842332613392 0.055640625 0.21669546436285098
0 0.829984375 0.7399892008639309 0.03721875 0.17846652267818575
0 0.8037265625000001 0.7137149028077754 0.028796875 0.2081209503239741
0 0.7581093750000001 0.6852051835853132 0.032 0.11464362850971922
0 0.5677187499999999 0.6707667386609072 0.035437500000000004 0.09578833693304536
0 0.40646875 0.7356047516198704 0.035562500000000004 0.17980561555075594
0 0.5135703125000001 0.650377969762419 0.11126562499999999 0.39665226781857454
0 0.24903125000000004 0.7311015118790497 0.039218750000000004 0.18332613390928726
0 0.6103906250000001 0.702451403887689 0.05871875 0.17889848812095033
0 0.07561718750000002 0.7144384449244061 0.040234375 0.13742980561555077
0 0.3862578125 0.6564578833693305 0.048984375000000004 0.12194384449244061
0 0.9655703124999999 0.7178185745140389 0.041546875000000004 0.07460043196544276
0 0.7038046875 0.7080453563714904 0.017296875 0.03168466522678186
0 0.7890625 0.7289416846652268 0.037500000000000006 0.20518358531317496
