0 0.483703125 0.625840220385675 0.7532812500000001 0.6988980716253443
0 0.359796875 0.2374517906336088 0.12665625 0.28123966942148765
0 0.2837265625 0.34545454545454546 0.106109375 0.2558677685950413
0 0.1320859375 0.2739807162534435 0.107640625 0.3069146005509642
0 0.29868750000000005 0.7745316804407713 0.13646875 0.21170798898071624
0 0.9470156249999999 0.40352617079889813 0.084125 0.30336088154269975
0 0.8887421875000001 0.27953168044077137 0.095953125 0.24556473829201103
0 0.6253046875000001 0.24724517906336088 0.065921875 0.11895316804407714
0 0.41712499999999997 0.3556611570247934 0.08146875 0.21000000000000002
0 0.22475781250000001 0.24586776859504134 0.078515625 0.21212121212121213
0 0.5808515625 0.19019283746556476 0.075515625 0.1892011019283747
0 0.21964843750000004 0.41158402203856753 0.063390625 0.11931129476584024
0 0.346171875 0.5406611570247933 0.0855625 0.3929476584022038
0 0.5 0.4986225895316805 0.9968750000000001 0.997245179063361
