0 0.4719296875000001 0.6191037735849056 0.122046875 0.5595283018867925
0 0.523328125 0.4399685534591195 0.0486875 0.24823899371069183
0 0.2038125 0.4301886792452831 0.03596875 0.20540880503144654
0 0.04633593750000001 0.4292138364779875 0.039078125000000005 0.269685534591195
0 0.369796875 0.4431918238993711 0.041281250000000005 0.24015723270440253
0 0.6668281250000001 0.8395597484276731 0.24584375000000003 0.3208805031446541
0 0.32257812500000005 0.42385220125786166 0.0321875 0.20311320754716983
0 0.9647968750000001 0.43036163522012577 0.03275 0.24229559748427673
0 0.88834375 0.4163679245283019 0.03590625 0.17424528301886794
0 0.7939140625000001 0.43007861635220135 0.049140625 0.2075786163522013
0 0.9297890625000002 0.8333176100628932 0.07695312500000001 0.33336477987421387
0 0.7439296875000001 0.42882075471698117 0.022796875 0.18688679245283019
