0 0.1519140625 0.5752283653846154 0.206265625 0.5046875
0 0.7430703125 0.5193389423076924 0.242203125 0.6296394230769231
0 0.192078125 0.14831730769230772 0.17090625 0.17528846153846156
0 0.4759296875000001 0.14578125000000003 0.14979687500000002 0.1998798076923077
0 0.600171875 0.10198317307692308 0.058812500000000004 0.08204326923076924
0 0.664375 0.07201923076923078 0.10387500000000001 0.1395673076923077
0 0.7291875000000001 0.139375 0.11071875 0.15663461538461537
0 0.8192812500000001 0.14582932692307693 0.0855625 0.14584134615384617
0 0.927921875 0.15058894230769232 0.10512500000000001 0.14271634615384615
0 0.32279687500000004 0.6441466346153846 0.26790625 0.39415865384615384
0 0.560171875 0.07009615384615385 0.0861875 0.1370673076923077
0 0.45440625 0.07632211538461539 0.13728125 0.15264423076923078
0 0.6114140625000001 0.14313701923076924 0.129109375 0.16512019230769232
