2 0.5869583333333334 0.751359375 0.06824999999999999 0.0824375
2 0.6044791666666666 0.65328125 0.04691666666666666 0.03771875
2 0.6409895833333333 0.8628359375000001 0.07427083333333333 0.072171875
2 0.5078125 0.9035859374999999 0.05216666666666667 0.064953125
2 0.6035833333333334 0.1215 0.16345833333333332 0.07096875000000001
2 0.4590208333333334 0.446984375 0.08304166666666667 0.102375
2 0.17389583333333333 0.05753906250000001 0.045125 0.055390625000000006
2 0.2961979166666666 0.1361875 0.0316875 0.035312500000000004
2 0.2659375 0.1368984375 0.026041666666666668 0.039515625
2 0.2219375 0.13914062500000002 0.028458333333333332 0.0266875
2 0.19799999999999998 0.136796875 0.025083333333333332 0.0245
2 0.16835416666666667 0.1355859375 0.045000000000000005 0.035859375
2 0.24085416666666667 0.41328125000000004 0.157875 0.111625
2 0.43124999999999997 0.48984375 0.5833333333333334 0.9359375000000001
