0 0.3739578454332553 0.58215625 0.23601873536299767 0.53046875
0 0.7074707259953162 0.16009375000000003 0.18046838407494145 0.2621875
0 0.23851288056206088 0.5852265624999999 0.17758782201405152 0.496421875
0 0.4988056206088993 0.37210937499999996 0.16772833723653396 0.29059375
0 0.5608899297423887 0.142125 0.09091334894613583 0.09681250000000001
0 0.3723419203747072 0.15838281250000003 0.09400468384074942 0.056328125
0 0.272248243559719 0.12690625 0.07840749414519906 0.11740625
0 0.4622599531615926 0.16296093749999999 0.0886416861826698 0.049484375000000004
0 0.41517564402810303 0.0988359375 0.04323185011709602 0.07723437500000001
0 0.3712529274004684 0.11153125 0.10639344262295082 0.097375
0 0.4699648711943794 0.11072656250000001 0.0747775175644028 0.11110937500000001
0 0.23608899297423888 0.12996875000000002 0.05985948477751756 0.11006250000000001
