0 0.500828125 0.7146028513238288 0.2189375 0.5707942973523421
0 0.7702890625000001 0.4949185336048879 0.028078125 0.03659877800407332
0 0.6551562500000001 0.5495824847250508 0.043750000000000004 0.1305702647657841
0 0.38265625000000003 0.5808248472505091 0.048625 0.14560081466395108
0 0.701875 0.5232382892057027 0.043062500000000004 0.08712830957230142
0 0.29053906250000006 0.5629938900203666 0.045671875 0.17751527494908348
0 0.16225781250000001 0.5559164969450101 0.044015625 0.15175152749490833
0 0.3414296875 0.5673625254582484 0.05517187500000001 0.19586558044806515
0 0.305890625 0.45929735234215885 0.0415 0.0670672097759674
0 0.4334921875 0.5800814663951119 0.035484375000000005 0.14248472505091647
