0 0.37441406250000003 0.567562620423892 0.054796875 0.2454913294797688
0 0.6802812500000001 0.5522543352601156 0.0500625 0.16080924855491327
0 0.7497812500000001 0.5642967244701349 0.064 0.16882466281310213
0 0.9014453125000002 0.43200385356454724 0.010359375 0.025549132947976876
0 0.7304140625 0.39686897880539496 0.007890625 0.023371868978805395
0 0.32210937500000003 0.4361657032755299 0.00621875 0.016377649325626204
0 0.194796875 0.4834393063583815 0.03846875 0.028188824662813104
0 0.45082812499999997 0.4098651252408478 0.00709375 0.018265895953757227
0 0.7163906250000001 0.48704238921001924 0.01009375 0.03859344894026975
0 0.7374921875 0.4845183044315992 0.011234375000000001 0.02737957610789981
0 0.9246015625 0.3890173410404624 0.003359375 0.010096339113680155
0 0.43940625 0.41393063583815026 0.007625 0.013294797687861272
0 0.754984375 0.39248554913294803 0.0036875 0.01973025048169557
0 0.3765625 0.42485549132947975 0.40625 0.09826589595375722
