2 0.054849999999999996 0.5699599999999999 0.05394 0.04402666666666667
2 0.5192300000000001 0.5778133333333333 0.08754 0.05125333333333333
0 0.17500000000000002 0.4240133333333333 0.01368 0.017573333333333333
0 0.20074 0.36876000000000003 0.01416 0.03293333333333333
0 0.27365 0.39966666666666667 0.01678 0.036079999999999994
0 0.70393 0.43890666666666667 0.01678 0.03376
0 0.62357 0.4224133333333333 0.01534 0.025946666666666666
0 0.85041 0.45064 0.01722 0.022986666666666662
0 0.6113999999999999 0.44629333333333326 0.014480000000000002 0.03834666666666667
0 0.59869 0.41795999999999994 0.02014 0.03186666666666666
0 0.5999899999999999 0.4443733333333333 0.01262 0.028213333333333333
0 0.34032999999999997 0.4279466666666667 0.01374 0.03546666666666667
0 0.02399 0.36171999999999993 0.02082 0.031066666666666666
0 0.24452 0.42144 0.01776 0.021173333333333332
0 0.58105 0.4152533333333333 0.020620000000000003 0.031893333333333336
0 0.498 0.42933333333333334 0.992 0.16
