0 0.46878125 0.8211032863849764 0.03596875 0.16032863849765258
0 0.9791953125000001 0.8076173708920188 0.041609375000000004 0.28833333333333333
0 0.3376484375 0.7770892018779342 0.029265625000000003 0.14417840375586854
0 0.4035390625 0.8361150234741784 0.027390625000000002 0.1165962441314554
0 0.19358593750000003 0.8428521126760564 0.024203125000000002 0.03528169014084507
0 0.175578125 0.8575586854460094 0.024875 0.06051643192488263
0 0.6151953125 0.8504929577464789 0.017984375 0.06502347417840376
0 0.8542656249999999 0.8247065727699531 0.02084375 0.05284037558685446
0 0.22465625 0.8610798122065728 0.03259375 0.05436619718309859
0 0.33659375 0.8433098591549296 0.07190625 0.19136150234741783
0 0.42049218750000006 0.8117957746478874 0.012796875 0.03744131455399061
0 0.9032187500000002 0.8162089201877935 0.10075 0.2586150234741784
0 0.388140625 0.8339788732394365 0.017781250000000002 0.11950704225352111
0 0.44296875 0.8286384976525821 0.8703125 0.1596244131455399
