0 0.30759375000000005 0.0252576112412178 0.0424375 0.0505152224824356
0 0.7586484375 0.056182669789227174 0.044984375 0.08988290398126464
0 0.6563125 0.08076112412177985 0.0219375 0.05562060889929742
0 0.513015625 0.09028103044496487 0.03025 0.09648711943793911
0 0.35303906250000006 0.09096018735362997 0.035703125 0.17882903981264636
0 0.18764843750000001 0.07517564402810305 0.031484375 0.14843091334894615
0 0.7841640625 0.05837236533957846 0.021234375 0.05313817330210773
0 0.0295546875 0.03471896955503513 0.021015625 0.06840749414519906
0 0.8136328125000001 0.03553864168618267 0.033515625 0.05576112412177986
0 0.3588046875 0.19921545667447307 0.126609375 0.14709601873536302
0 0.7038593750000001 0.07768149882903981 0.01203125 0.034473067915690866
0 0.0087421875 0.11142857142857142 0.015234375000000001 0.15971896955503515
0 0.1438359375 0.07792740046838408 0.041578125 0.15065573770491802
0 0.43125 0.07845433255269321 0.703125 0.15690866510538642
