0 0.44041406250000004 0.7315104166666666 0.08151562500000001 0.2583125
0 0.12599218750000002 0.5092291666666666 0.042921875 0.10250000000000001
0 0.7579140625 0.5084375 0.035828125 0.10658333333333332
0 0.9129843750000002 0.41896875000000006 0.0198125 0.0310625
0 0.7191484375 0.5069374999999999 0.049453125 0.07012499999999999
0 0.39160937500000004 0.47459375 0.03603125 0.05560416666666667
0 0.0864296875 0.46510416666666665 0.040296875 0.06020833333333333
0 0.1077109375 0.4205520833333333 0.005234375 0.0265625
0 0.6148359375000001 0.47015624999999994 0.020921875000000003 0.0511875
0 0.8016953124999999 0.5173229166666666 0.036703124999999996 0.0595625
0 0.11773437500000002 0.42454166666666665 0.015562500000000002 0.03995833333333333
0 0.13400781250000002 0.42778125 0.014953125000000001 0.03172916666666667
0 0.6980468750000001 0.4477083333333333 0.02046875 0.04879166666666667
0 0.8875000000000001 0.396875 0.015625 0.01875
