0 0.4433984375000001 0.6157728337236534 0.19348437500000001 0.4640046838407494
0 0.6446562500000002 0.5796252927400468 0.1520625 0.3081030444964871
0 0.7620156250000001 0.5111241217798594 0.10290625 0.2536299765807962
0 0.26636718750000005 0.37774004683840745 0.032078125000000006 0.07304449648711944
0 0.8823671875000001 0.4930913348946136 0.096953125 0.13475409836065574
0 0.623234375 0.5019555035128805 0.124375 0.20494145199063232
0 0.13075781250000001 0.348711943793911 0.032484375 0.053442622950819675
0 0.9304453125000001 0.4485245901639344 0.043953125 0.08196721311475409
0 0.28159375000000003 0.3921311475409836 0.02465625 0.053208430913348946
0 0.304203125 0.3841100702576113 0.01728125 0.07946135831381733
0 0.066671875 0.34769320843091334 0.03803125 0.03566744730679157
0 0.7457656250000001 0.4273770491803279 0.030406250000000003 0.1348009367681499
