0 0.4621171875 0.5955023364485981 0.27201562500000004 0.7190887850467289
0 0.7217265625000001 0.4398247663551402 0.06651562500000001 0.09507009345794391
0 0.5880703125000001 0.46538551401869155 0.087515625 0.1492289719626168
0 0.7778125 0.41460280373831776 0.06003125000000001 0.10467289719626167
0 0.9193671875 0.4422546728971962 0.068703125 0.11563084112149533
0 0.148953125 0.39464953271028036 0.056781250000000005 0.1419626168224299
0 0.23934375000000002 0.3115771028037383 0.05759375 0.09147196261682242
0 0.2974609375 0.13471962616822428 0.035234375000000005 0.08962616822429906
0 0.14272656250000001 0.13542056074766354 0.040296875 0.07658878504672897
0 0.93034375 0.49667056074766347 0.072625 0.10165887850467288
0 0.19128906250000002 0.44221962616822424 0.06917187500000001 0.1053271028037383
0 0.6611093750000001 0.31214953271028034 0.0335625 0.07827102803738317
0 0.22347656250000003 0.4038434579439252 0.039921875 0.07647196261682242
0 0.49921875000000004 0.3469626168224299 0.9984375000000001 0.6939252336448598
