0 0.9496093750000001 0.7012470588235294 0.044500000000000005 0.14663529411764706
0 0.8770312500000002 0.6753176470588235 0.0291875 0.148
0 0.8212734375 0.7032823529411764 0.065640625 0.2104705882352941
0 0.9796171875000002 0.6581882352941176 0.025796875000000004 0.07769411764705883
0 0.9647578124999999 0.6282823529411764 0.019703125000000002 0.05171764705882353
0 0.747890625 0.6479411764705881 0.0295 0.07912941176470588
0 0.773421875 0.6522588235294117 0.02003125 0.08498823529411763
0 0.7061406250000001 0.6465647058823528 0.015593750000000002 0.0724705882352941
0 0.7227578125 0.6536941176470588 0.014546875 0.06037647058823529
0 0.9393984375000001 0.6201882352941176 0.012484375 0.029082352941176465
0 0.360890625 0.47974117647058817 0.01878125 0.09411764705882353
0 0.8469140625 0.6890470588235292 0.023359375 0.11032941176470587
