0 0.6679375000000001 0.619847775175644 0.1574375 0.32807962529274004
0 0.3659453125 0.6677049180327869 0.145046875 0.2762060889929742
0 0.051125000000000004 0.23873536299765807 0.0375625 0.06149882903981265
0 0.16657812500000002 0.23320843091334895 0.028375 0.06309133489461359
0 0.24584375000000003 0.2796370023419204 0.035437500000000004 0.09360655737704918
0 0.46853125000000007 0.6966276346604215 0.1244375 0.24271662763466043
0 0.5026640625 0.17332552693208433 0.019578125000000002 0.051147540983606556
0 0.629796875 0.17576112412177985 0.022125000000000002 0.052271662763466044
0 0.7987734375 0.18596018735362999 0.022484375 0.052669789227166273
0 0.5093515625 0.2249297423887588 0.017734375 0.04653395784543326
0 0.5405000000000001 0.4112177985948478 0.0373125 0.06819672131147542
0 0.523171875 0.0781264637002342 0.02871875 0.06065573770491803
0 0.379921875 0.1257377049180328 0.0234375 0.05901639344262295
0 0.49921875000000004 0.22365339578454332 0.9984375000000001 0.44730679156908665
