0 0.47300781250000007 0.5387916666666667 0.066765625 0.23475000000000001
0 0.9702578124999999 0.19626041666666666 0.032140625 0.043770833333333335
0 0.8898671875 0.9218333333333333 0.22026562500000002 0.15633333333333335
0 0.6633984375 0.21966666666666665 0.044140625 0.07758333333333334
0 0.7496484375000001 0.14392708333333332 0.034484375000000005 0.057937499999999996
0 0.0336640625 0.24678125000000004 0.031609375 0.10927083333333333
0 0.8457734375000001 0.18927083333333333 0.028453125000000003 0.05325
0 0.7718359375000001 0.19628125000000002 0.023609375000000002 0.03839583333333333
0 0.6363515625 0.2233125 0.030328125 0.06583333333333334
0 0.705921875 0.17679166666666665 0.04050000000000001 0.10379166666666667
0 0.9014453124999999 0.18345833333333333 0.027421875000000002 0.040875
0 0.026335937500000003 0.36344791666666665 0.052109375000000006 0.1688125
0 0.5688359375 0.9181875 0.148046875 0.13766666666666666
0 0.70078125 0.17083333333333334 0.5171875 0.12083333333333333
