0 0.42220312500000007 0.51896875 0.40690625 0.5672291666666667
0 0.15096093750000003 0.47134375 0.073765625 0.11564583333333332
0 0.0341015625 0.4922916666666666 0.06551562500000001 0.18858333333333333
0 0.09198437500000001 0.48644791666666665 0.058750000000000004 0.1813958333333333
0 0.169203125 0.38297916666666665 0.042 0.057833333333333334
0 0.177921875 0.43553125 0.036437500000000005 0.08514583333333332
0 0.6256328125 0.4627708333333333 0.03829687500000001 0.16033333333333333
0 0.133953125 0.43966666666666665 0.042875 0.08208333333333333
0 0.01184375 0.5448229166666666 0.0236875 0.09581250000000001
0 0.6589140625000001 0.4428854166666667 0.021453125000000003 0.059104166666666666
