0 0.12625 0.6659200000000001 0.08474 0.36405333333333334
0 0.17176 0.64884 0.04232 0.14765333333333333
0 0.43674 0.6324133333333333 0.0296 0.09506666666666666
0 0.38993 0.6524399999999999 0.028980000000000002 0.03565333333333333
0 0.80033 0.6868 0.03354 0.06202666666666667
0 0.6008600000000001 0.6713866666666667 0.02224 0.04245333333333333
0 0.8417 0.6832666666666666 0.055799999999999995 0.07048
0 0.20976 0.6277733333333333 0.031760000000000004 0.09522666666666667
0 0.20607 0.6259733333333334 0.01862 0.10096
0 0.01156 0.62476 0.02312 0.10296
0 0.38033000000000006 0.6538266666666666 0.0437 0.04824
0 0.60094 0.6804133333333332 0.08668000000000001 0.05458666666666666
0 0.54027 0.7147066666666667 0.056979999999999996 0.025893333333333334
