0 0.7658828125 0.9517411764705882 0.075484375 0.09651764705882353
0 0.439484375 0.9157294117647058 0.11593750000000001 0.1656705882352941
0 0.2313046875 0.9272235294117646 0.149734375 0.12941176470588234
0 0.1515703125 0.28777647058823524 0.053859375 0.07103529411764706
0 0.112234375 0.4765294117647058 0.027031250000000003 0.04534117647058823
0 0.5909453125 0.4588705882352941 0.062671875 0.17303529411764706
0 0.0910234375 0.2651647058823529 0.026859375000000005 0.03145882352941176
0 0.03821875 0.40509411764705877 0.039375 0.05541176470588235
0 0.8563906250000001 0.41684705882352935 0.11081250000000001 0.03148235294117647
0 0.6615625 0.2462941176470588 0.012625 0.024023529411764707
0 0.3604921875 0.2753176470588235 0.013796875 0.02597647058823529
0 0.492109375 0.25332941176470586 0.0174375 0.027035294117647057
