0 0.3822109375 0.34065625 0.07710937500000001 0.1968125
0 0.9004765625 0.20149999999999998 0.037296875 0.13566666666666669
0 0.9458828125000001 0.15213541666666663 0.027390625000000002 0.048854166666666664
0 0.9633125000000002 0.14852083333333332 0.0209375 0.048666666666666664
0 0.8243671875 0.1751458333333333 0.047640625 0.06354166666666666
0 0.8562968750000002 0.1763125 0.0174375 0.04145833333333333
0 0.9301640624999999 0.15698958333333332 0.010296875 0.02685416666666667
0 0.6588984375 0.19964583333333333 0.028296875 0.049958333333333334
0 0.800828125 0.25876041666666666 0.014781250000000003 0.0478125
0 0.7448046875000001 0.18425 0.032921875 0.06175
0 0.5970078125000001 0.29361458333333335 0.024953125000000003 0.08577083333333334
0 0.19915625000000003 0.5222916666666666 0.34565625 0.6315
0 0.8711718749999999 0.16695833333333332 0.02128125 0.043708333333333335
