0 0.4126985981308411 0.5312578125 0.18974299065420558 0.16507812500000002
0 0.6275584112149531 0.499203125 0.1269859813084112 0.21378125
0 0.722231308411215 0.4723671875 0.06600467289719626 0.10648437500000002
0 0.3269742990654205 0.4400390625 0.0877803738317757 0.13739062500000002
0 0.2563434579439252 0.5328515625000001 0.1341822429906542 0.145234375
0 0.11230140186915887 0.4873515625 0.12946261682242988 0.16748437500000002
0 0.5230257009345793 0.5043749999999999 0.1408177570093458 0.21525
0 0.4410630841121495 0.40036718750000005 0.1458644859813084 0.132609375
0 0.08617990654205608 0.46746093750000006 0.07899532710280374 0.06651562500000001
0 0.8440771028037383 0.4854140625000001 0.15011682242990654 0.223984375
