0 0.234578125 0.6399583333333333 0.23046875 0.6076250000000001
0 0.490453125 0.6381979166666667 0.19887500000000002 0.6157291666666667
0 0.8137578125000001 0.6592604166666667 0.265109375 0.5481041666666666
0 0.6600703125 0.4491354166666666 0.008421875 0.0226875
0 0.68596875 0.4220416666666667 0.005687500000000001 0.01875
0 0.6869999999999999 0.4515625 0.00671875 0.020958333333333336
0 0.6746953125 0.44719791666666664 0.0064843750000000006 0.025604166666666664
0 0.6807500000000001 0.45088541666666665 0.0063125 0.019187500000000003
0 0.1454375 0.3974895833333333 0.0036562499999999998 0.0138125
0 0.13771875 0.39783333333333337 0.00440625 0.013541666666666667
0 0.6825312500000001 0.45734375 0.0036249999999999998 0.0050625
0 0.7126328125 0.4214583333333333 0.004890625 0.012333333333333333
0 0.7300156250000001 0.4473229166666667 0.0080625 0.021479166666666667
0 0.38046875 0.41562499999999997 0.7390625000000001 0.06875
