0 0.3467421875 0.6181809145129223 0.038421875 0.10280318091451292
0 0.13178125 0.5826043737574552 0.021843750000000002 0.026322067594433396
0 0.1695703125 0.5772763419483101 0.015109375000000001 0.046401590457256454
0 0.42818749999999994 0.5657753479125247 0.011375000000000001 0.04598409542743538
0 0.15613281250000002 0.5776640159045725 0.012578125000000002 0.04550695825049701
0 0.6667109375 0.5673260437375746 0.009796875 0.018190854870775347
0 0.10795312500000001 0.5871471172962227 0.0220625 0.04590457256461232
0 0.43482812500000007 0.5655666003976143 0.0125 0.0410337972166998
0 0.803734375 0.5824453280318092 0.02096875 0.050656063618290254
0 0.8405078125 0.5747514910536778 0.014609375 0.0378131212723658
0 0.8509062500000001 0.5632504970178926 0.01159375 0.012306163021868786
0 0.144359375 0.5888667992047713 0.00384375 0.0072365805168986075
0 0.7733125000000001 0.5756759443339959 0.02053125 0.037673956262425444
0 0.32265625000000003 0.5556660039761431 0.3046875 0.05367793240556659
