2 0.2926484375 0.8863231850117097 0.327546875 0.2273536299765808
2 0.488484375 0.7942857142857143 0.327375 0.33414519906323187
2 0.58325 0.6064519906323185 0.35153125 0.33117096018735365
2 0.6707578125 0.3631615925058548 0.287171875 0.23770491803278687
2 0.5871562499999999 0.2861007025761124 0.24384375000000003 0.2780093676814988
2 0.5764765625 0.13750585480093677 0.29535937500000004 0.24943793911007026
2 0.2456171875 0.29640515222482433 0.404203125 0.28330210772833725
2 0.2830078125 0.11759953161592505 0.165015625 0.18480093676814988
0 0.6869843750000001 0.040222482435597194 0.12278125000000001 0.08044496487119439
2 0.0372578125 0.9246721311475411 0.071046875 0.12466042154566744
