0 0.21264062500000003 0.39551401869158875 0.16681250000000003 0.5977570093457943
0 0.26408593750000003 0.43642523364485986 0.08882812500000001 0.2328504672897196
0 0.0796484375 0.39887850467289715 0.159296875 0.7977570093457943
0 0.27182812500000003 0.2911565420560747 0.03290625 0.05067757009345794
0 0.2937265625 0.4150934579439252 0.015921875 0.07654205607476634
0 0.310078125 0.4120327102803738 0.03900000000000001 0.11738317757009345
0 0.10325781250000002 0.06518691588785046 0.20248437500000002 0.13037383177570092
0 0.2846875 0.41327102803738314 0.01346875 0.07154205607476635
0 0.413421875 0.42477803738317754 0.01096875 0.041285046728971965
0 0.32620312500000004 0.39830607476635516 0.028781250000000005 0.15296728971962614
0 0.2613046875 0.3140303738317757 0.09373437500000001 0.1036682242990654
