0 0.500390625 0.5231953125000001 0.03834375 0.052515625
0 0.5967734375 0.5678046875000001 0.08945312500000001 0.097421875
0 0.7022890625 0.5746718749999999 0.09026562500000002 0.0885625
0 0.48228125000000005 0.5548984375 0.06381250000000001 0.093265625
0 0.22725 0.5133046875 0.05453125 0.073046875
0 0.19580468750000002 0.494171875 0.051546875000000006 0.06784375000000001
0 0.3352265625 0.5304921875 0.055015625000000005 0.087203125
0 0.23559375000000002 0.412828125 0.01178125 0.019000000000000003
0 0.0787421875 0.40393750000000006 0.023328125 0.047375
0 0.40745312499999997 0.5110156250000001 0.02896875 0.05903125000000001
0 0.5317265625 0.5612578125 0.056234375 0.099453125
0 0.7908906250000001 0.4921171875 0.1103125 0.14860937500000002
0 0.3611796875 0.49861718750000006 0.025859375000000004 0.044046875000000006
0 0.38046875 0.5015625 0.5953125 0.240625
