0 0.031156249999999996 0.843911007025761 0.03359375 0.1619672131147541
0 0.3210234375 0.8278922716627636 0.039890625000000006 0.16323185011709604
0 0.8454921875000001 0.8316276346604214 0.064859375 0.16662763466042155
0 0.0775390625 0.8290398126463701 0.033234375000000003 0.16519906323185013
0 0.3839765625 0.8229274004683841 0.052703124999999997 0.17302107728337235
0 0.1113125 0.8345901639344262 0.031625 0.16571428571428573
0 0.0300546875 0.7586416861826698 0.021953125000000004 0.04192037470725995
0 0.7365234375 0.706943793911007 0.042546875000000005 0.07351288056206089
0 0.8627968750000001 0.7353981264637003 0.0053750000000000004 0.038243559718969554
0 0.0953515625 0.8586651053864169 0.014328125 0.10852459016393444
0 0.01028125 0.8372365339578455 0.0205625 0.1718032786885246
