0 0.1363203125 0.5282083333333334 0.157890625 0.6986666666666667
0 0.783875 0.6549270833333334 0.33718750000000003 0.6901458333333332
0 0.3065859375 0.625 0.08614062500000001 0.2207083333333333
0 0.9240546875 0.52828125 0.063296875 0.13747916666666665
0 0.26158593750000003 0.4948020833333333 0.08667187500000001 0.2103958333333333
0 0.8003828125000001 0.43855208333333334 0.144515625 0.2953958333333333
0 0.24063281250000002 0.38364583333333335 0.014953125000000001 0.03425
0 0.2775703125 0.3816875 0.011796875 0.02695833333333333
0 0.19510156250000002 0.9020208333333333 0.092890625 0.17116666666666666
0 0.3918203125 0.46770833333333334 0.164796875 0.49104166666666665
0 0.5077265625000001 0.7771562499999999 0.4396093750000001 0.40822916666666664
