0 0.053562500000000006 0.6024941451990632 0.10565625000000001 0.39819672131147543
0 0.746734375 0.5624824355971897 0.105375 0.2892271662763466
0 0.6847500000000001 0.5559484777517565 0.06396875 0.29227166276346606
0 0.5958046875 0.5529274004683841 0.061609375 0.3378454332552693
0 0.5141015625 0.5632084309133489 0.09545312500000001 0.35011709601873536
0 0.33882812500000004 0.5529156908665106 0.08228125 0.3251288056206089
0 0.8718046875000001 0.5819203747072599 0.092015625 0.3555503512880562
0 0.43772656249999997 0.5444496487119438 0.05807812500000001 0.28758782201405153
0 0.4649687500000001 0.39357142857142857 0.02140625 0.030889929742388758
0 0.53303125 0.5340046838407494 0.0850625 0.28824355971896953
0 0.9260703124999999 0.713688524590164 0.147859375 0.5726229508196721
