0 0.18124 0.5873251748251748 0.34192 0.791013986013986
0 0.33819 0.29062937062937066 0.06158 0.24930069930069929
0 0.7849200000000001 0.22361888111888112 0.01592 0.08667832167832168
0 0.9651900000000001 0.2567132867132867 0.029660000000000002 0.1672727272727273
0 0.87202 0.2076748251748252 0.02236 0.06625874125874126
0 0.013689999999999999 0.27545454545454545 0.02658 0.22055944055944054
0 0.31631000000000004 0.23298951048951047 0.0205 0.07458041958041957
0 0.46011 0.26687062937062933 0.0505 0.23297202797202796
0 0.49537000000000003 0.2822727272727273 0.05966 0.22160839160839163
0 0.04708 0.25870629370629367 0.05824 0.1334265734265734
0 0.57329 0.23054195804195804 0.02926 0.15094405594405594
0 0.6021400000000001 0.2518706293706294 0.02364 0.20374125874125876
0 0.54589 0.2518006993006993 0.028739999999999998 0.12185314685314685
