0 0.7761171875000001 0.3585597189695551 0.027453125000000002 0.10185011709601874
0 0.7021640625000001 0.37429742388758785 0.015796875 0.04737704918032787
0 0.7468359375000001 0.3769086651053864 0.03282812500000001 0.050960187353629983
0 0.6765390625000001 0.37434426229508194 0.018734375 0.0388056206088993
0 0.7454375000000001 0.3665222482435597 0.013031250000000001 0.03266978922716628
0 0.7224921875 0.3786299765807962 0.018953125 0.04569086651053864
0 0.7160468750000001 0.3688758782201405 0.01578125 0.04918032786885246
0 0.7314609375000001 0.37745901639344265 0.021578125000000004 0.045784543325526936
0 0.6884140625000001 0.3773770491803279 0.016515625000000003 0.03901639344262295
0 0.7903515625 0.3935948477751756 0.015890625000000002 0.024145199063231853
0 0.7104218750000001 0.3728454332552693 0.008968750000000001 0.05126463700234192
