0 0.7880000000000001 0.25866666666666666 0.10400000000000001 0.29333333333333333
0 0.915640625 0.27579166666666666 0.09250000000000001 0.35874999999999996
0 0.70015625 0.25619791666666664 0.07409375 0.17997916666666666
0 0.599546875 0.19351041666666668 0.0900625 0.2439375
0 0.5436796875 0.16744791666666667 0.030828125 0.0930625
0 0.5113984374999999 0.17320833333333333 0.063546875 0.12170833333333334
0 0.48753906250000006 0.13861458333333332 0.024171875000000002 0.06610416666666667
0 0.45487500000000003 0.15517708333333333 0.04578125 0.14135416666666664
0 0.16455468750000002 0.12386458333333333 0.029796875 0.07693749999999999
0 0.3783359375 0.17088541666666668 0.059234375 0.14964583333333334
0 0.8382499999999999 0.22939583333333333 0.04509375 0.21991666666666668
0 0.7229218749999999 0.1473125 0.029968750000000002 0.06075
0 0.12299218750000002 0.11714583333333332 0.037734375 0.064625
0 0.43984375000000003 0.20416666666666666 0.8421875000000001 0.2625
