0 0.2976875 0.683152400835073 0.39356250000000004 0.5258455114822547
0 0.25594531249999997 0.5891022964509394 0.479328125 0.7595407098121084
0 0.7048515625 0.6263987473903966 0.590296875 0.7472025052192066
0 0.065859375 0.222839248434238 0.03434375 0.16626304801670144
0 0.033703125 0.20697286012526095 0.06171875 0.19962421711899792
0 0.7421250000000001 0.02231732776617954 0.022406250000000003 0.0378705636743215
0 0.72996875 0.07633611691022964 0.032031250000000004 0.09855949895615866
0 0.10713281250000001 0.1423903966597077 0.060546875 0.22185803757828806
0 0.8071718750000001 0.11144050104384133 0.08153125 0.2205010438413361
0 0.049453125 0.08798538622129436 0.09890625 0.11083507306889352
0 0.7557734375 0.05747390396659707 0.023390625 0.0430062630480167
0 0.9030078125 0.04049060542797495 0.048015625000000006 0.04252609603340292
0 0.7020390625 0.07963465553235906 0.043234375000000005 0.0885386221294363
0 0.58203125 0.04906054279749478 0.2328125 0.07724425887265135
