0 0.115453125 0.7247256857855362 0.21965625000000003 0.4516957605985037
0 0.41901562500000006 0.7174189526184539 0.1611875 0.4772817955112219
0 0.5803828125 0.7555486284289277 0.24135937500000001 0.47064837905236906
0 0.6648671875000001 0.7114837905236908 0.17123437500000002 0.4549376558603491
0 0.8532109375000001 0.7234663341645885 0.233609375 0.44443890274314213
0 0.8673359375 0.5497880299251869 0.140421875 0.616932668329177
0 0.756078125 0.48475062344139647 0.11275 0.4710473815461346
0 0.6625390625 0.43305486284289274 0.10235937500000002 0.36541147132169577
0 0.2800234375 0.7366209476309227 0.170171875 0.4419700748129675
0 0.826796875 0.245286783042394 0.09015625000000001 0.2853865336658354
0 0.7240234375000001 0.23225685785536157 0.117578125 0.2864089775561097
0 0.36457031250000005 0.25428927680798 0.11295312500000002 0.2670324189526184
0 0.24547656250000005 0.5295511221945137 0.118515625 0.6126184538653366
0 0.42265625 0.36159600997506236 0.49531250000000004 0.5985037406483791
