0 0.5217734375 0.5266 0.956453125 0.9146
0 0.399578125 0.6561875 0.16993750000000002 0.665175
0 0.9192421875000001 0.1643875 0.16151562500000002 0.328775
0 0.22311718749999998 0.10007500000000001 0.143921875 0.19785
0 0.7412031250000001 0.14425 0.07315625 0.21415
0 0.33005468750000005 0.102675 0.112359375 0.19774999999999998
0 0.1299140625 0.09101250000000001 0.094109375 0.18202500000000002
0 0.8337109375000001 0.125075 0.15223437500000003 0.25015
0 0.5850156249999999 0.16583750000000003 0.0778125 0.13897500000000002
0 0.026234375 0.075475 0.05246875 0.1457
0 0.6842578125 0.12467500000000001 0.11201562500000001 0.21300000000000002
