0 0.0932265625 0.8094613583138173 0.123640625 0.38107728337236535
0 0.543328125 0.8026814988290398 0.1713125 0.39463700234192034
0 0.68678125 0.7335245901639345 0.122125 0.41908665105386417
0 0.29067187499999997 0.44019906323185015 0.06606250000000001 0.10620608899297425
0 0.4200390625 0.7274941451990632 0.09407812500000001 0.42936768149882903
0 0.2161328125 0.7741569086651053 0.171078125 0.4516861826697892
0 0.7923515624999999 0.7395081967213114 0.091484375 0.3869320843091335
0 0.326203125 0.7594496487119438 0.06975 0.3967915690866511
0 0.11391406250000001 0.6583021077283373 0.064828125 0.1295784543325527
0 0.27239843750000003 0.6275292740046838 0.034265625 0.08929742388758782
0 0.048156250000000005 0.6602224824355971 0.045125 0.10344262295081967
0 0.554390625 0.6307025761124122 0.039906250000000004 0.08702576112412178
