2 0.077921875 0.8725177304964539 0.15584375 0.2412529550827423
0 0.926796875 0.6584278959810874 0.11881250000000002 0.6112293144208037
0 0.20302343750000001 0.6457446808510637 0.109671875 0.5650118203309693
0 0.291390625 0.6539125295508275 0.10243750000000001 0.5541134751773049
0 0.46146875 0.6835579196217494 0.11312500000000002 0.5180378250591017
0 0.5584531250000001 0.6606737588652483 0.112875 0.5887706855791962
0 0.6283359375 0.6618085106382978 0.088921875 0.5493380614657211
0 0.0806171875 0.6562529550827424 0.157078125 0.5999290780141844
0 0.8241093749999999 0.6628605200945626 0.11071875 0.5707801418439716
0 0.714265625 0.6617139479905436 0.11881250000000002 0.5508037825059102
0 0.36637500000000006 0.6659219858156028 0.1028125 0.538274231678487
