0 0.1576796875 0.626832971800434 0.195703125 0.49531453362255967
0 0.07494531250000001 0.5949240780911063 0.09435937500000001 0.4691973969631237
0 0.2873125 0.45393709327548804 0.11168750000000001 0.31459869848156186
0 0.617984375 0.39969631236442515 0.12762500000000002 0.16741865509761392
0 0.40682812500000004 0.3975921908893709 0.06715625 0.2116702819956616
0 0.49185156250000006 0.40354663774403476 0.07732812500000001 0.18444685466377442
0 0.5949375 0.3952603036876356 0.05984375 0.18110629067245118
0 0.2007109375 0.3977548806941432 0.08417187500000001 0.19325379609544469
0 0.357734375 0.4618004338394794 0.06475 0.2809110629067245
0 0.5487734375 0.3827223427331887 0.052921875 0.12245119305856834
0 0.7469453125000001 0.4523969631236443 0.068578125 0.3060520607375271
0 0.44325000000000003 0.4058676789587852 0.039718750000000004 0.19455531453362257
0 0.8664531250000002 0.3920065075921909 0.0889375 0.18149674620390457
0 0.7296875 0.3872017353579176 0.496875 0.210412147505423
