0 0.87406 0.6817866666666667 0.03152 0.1784
0 0.7693500000000001 0.68228 0.05226 0.15890666666666667
0 0.7235900000000001 0.6840666666666666 0.038020000000000005 0.15266666666666667
0 0.21605 0.6888533333333333 0.04646 0.14778666666666668
0 0.9203 0.7175199999999999 0.06328 0.20554666666666666
0 0.16212000000000001 0.6878133333333333 0.051320000000000005 0.14741333333333334
0 0.75475 0.61304 0.012580000000000001 0.02581333333333333
0 0.7208 0.6128933333333333 0.0188 0.03154666666666667
0 0.70608 0.6309066666666666 0.01376 0.05717333333333333
0 0.8579800000000001 0.6844533333333334 0.02232 0.16655999999999999
0 0.69874 0.68804 0.01416 0.12290666666666668
0 0.9693 0.6857199999999999 0.039439999999999996 0.14775999999999997
