0 0.484796875 0.5202708333333333 0.5506875 0.9392083333333333
0 0.8099218750000001 0.6456979166666666 0.11565625 0.5026041666666666
0 0.25906250000000003 0.6032604166666666 0.22321875000000002 0.6165208333333333
0 0.1307734375 0.6724479166666666 0.192171875 0.6551041666666666
0 0.7339531250000001 0.6131145833333332 0.056031250000000005 0.16602083333333334
0 0.8908281250000001 0.6759791666666667 0.20575000000000002 0.5979583333333333
0 0.9583203125000002 0.5265625 0.023390625 0.07308333333333333
0 0.028703125000000003 0.6728437500000001 0.057406250000000006 0.6543125
0 0.9855 0.5359270833333334 0.02871875 0.1006875
0 0.7206484375 0.5963645833333333 0.043984375 0.14106249999999998
0 0.6727109375000001 0.5704166666666667 0.057734375000000004 0.14583333333333334
0 0.6965546874999999 0.5596875000000001 0.029171875000000003 0.090125
0 0.6410468750000001 0.5794166666666667 0.050937500000000004 0.09195833333333334
