0 0.4891979166666667 0.4311718750000001 0.12602083333333333 0.269125
0 0.3983958333333333 0.3901171875 0.12241666666666666 0.24751562500000002
0 0.8324479166666666 0.6309609375 0.31039583333333337 0.711640625
0 0.32360416666666664 0.6053671875000001 0.37437499999999996 0.7892656250000001
0 0.6994895833333333 0.4275390625 0.05677083333333333 0.073234375
0 0.91275 0.34232812500000004 0.07508333333333334 0.11815625000000002
0 0.8790520833333333 0.3182890625 0.028395833333333335 0.046828125
0 0.32895833333333335 0.39285156250000003 0.06570833333333333 0.10035937500000001
0 0.6403854166666666 0.4612578125 0.11177083333333333 0.13864062500000002
0 0.08159374999999999 0.410578125 0.11102083333333333 0.22156250000000002
