0 0.4624140625 0.3748144104803493 0.075515625 0.25133187772925764
0 0.52796875 0.37121179039301305 0.07834375 0.2657423580786026
0 0.5966875 0.3666266375545852 0.085875 0.2686244541484716
0 0.6678515625000001 0.3482096069868995 0.08301562500000001 0.26423580786026196
0 0.25153125000000004 0.40390829694323144 0.06265625000000001 0.24965065502183406
0 0.1963515625 0.40394104803493447 0.06754687499999999 0.2704585152838428
0 0.8858359375000001 0.7135698689956332 0.038140625000000004 0.129235807860262
0 0.8660000000000001 0.6940393013100435 0.02559375 0.0953711790393013
0 0.7410234375000001 0.6605895196506549 0.019046875 0.04703056768558952
0 0.3444296875 0.40103711790393015 0.070203125 0.2452183406113537
0 0.10831249999999999 0.41526200873362445 0.08403125 0.20462882096069868
0 0.8421328124999999 0.6957314410480349 0.020890625 0.09032751091703056
0 0.4023046875 0.37895196506550216 0.07995312500000001 0.2858515283842794
0 0.5921875 0.35152838427947597 0.675 0.5633187772925764
