0 0.1211 0.586111111111111 0.2422 0.8277777777777777
0 0.02288 0.37543543543543545 0.04496 0.4995795795795796
0 0.23647 0.5393243243243243 0.11974 0.7101201201201202
0 0.38687 0.5471321321321321 0.26477999999999996 0.6397297297297297
0 0.59225 0.5934084084084084 0.17278000000000002 0.7546246246246245
0 0.79022 0.5876426426426427 0.24844 0.7977477477477477
0 0.97002 0.49027027027027026 0.05996 0.7036036036036036
0 0.9442900000000001 0.24551051051051048 0.06490000000000001 0.18585585585585584
0 0.29683000000000004 0.3109009009009009 0.04158 0.20900900900900898
0 0.47474 0.2654054054054054 0.0182 0.062282282282282275
0 0.67825 0.28127627627627627 0.06966 0.2436936936936937
0 0.93275 0.6182582582582582 0.1345 0.6981981981981982
0 0.77337 0.21536036036036038 0.05106 0.09612612612612612
0 0.459 0.5165165165165165 0.918 0.8588588588588588
