1 0.2894375 0.60224609375 0.4961875 0.4449609375
1 0.7526875000000001 0.5795703125 0.44559375 0.367734375
0 0.55196875 0.737919921875 0.09709375 0.13232421875
0 0.82878125 0.718369140625 0.05896875000000001 0.08779296875
0 0.704828125 0.902333984375 0.03778125 0.09552734375
0 0.840828125 0.891943359375 0.12284375000000002 0.10380859375
0 0.5495390625000001 0.8919824218750001 0.013421875 0.02576171875
0 0.7474609375000001 0.73828125 0.09154687500000001 0.1193359375
0 0.562109375 0.886337890625 0.01128125 0.01724609375
0 0.6927500000000001 0.90123046875 0.0231875 0.0945703125
0 0.532390625 0.911650390625 0.02609375 0.05369140625
0 0.537125 0.888583984375 0.015125 0.02810546875
