0 0.45456250000000004 0.34121527777777777 0.1733125 0.5630787037037037
0 0.3215703125 0.18314814814814814 0.091015625 0.3662962962962963
0 0.731125 0.27865740740740735 0.16078125000000001 0.3910185185185185
0 0.37885156249999996 0.12898148148148147 0.059421875000000006 0.25796296296296295
0 0.404390625 0.8006712962962963 0.1915625 0.3783796296296296
0 0.0885390625 0.67375 0.174984375 0.32592592592592595
0 0.4916796875 0.6992939814814815 0.16185937500000003 0.3629861111111111
0 0.31479687500000003 0.9150231481481481 0.15134375 0.14574074074074073
0 0.2305625 0.783148148148148 0.22146875000000002 0.41124999999999995
0 0.664484375 0.15657407407407406 0.0705625 0.30999999999999994
0 0.220984375 0.1998032407407407 0.09931250000000001 0.3982175925925926
0 0.5639375000000001 0.5451851851851852 0.08978125 0.19907407407407407
0 0.04363281250000001 0.4617476851851852 0.08726562500000001 0.18381944444444442
0 0.5 0.49884259259259256 0.9968750000000001 0.9976851851851851
