0 0.3691733333333333 0.50639 0.12944 0.2215
0 0.8125199999999999 0.48822 0.031066666666666666 0.07540000000000001
0 0.8417466666666665 0.492 0.02168 0.05308
0 0.9370266666666666 0.49221 0.03970666666666667 0.06742000000000001
0 0.7852533333333332 0.49342 0.020426666666666666 0.05024
0 0.8713866666666666 0.48971 0.03866666666666667 0.05378
0 0.64888 0.48736 0.014133333333333333 0.031
0 0.9894666666666667 0.48265 0.021066666666666668 0.01882
0 0.68384 0.48894 0.014719999999999999 0.03368
0 0.6670533333333333 0.48829999999999996 0.02221333333333333 0.04068
