0 0.1268828125 0.6410833333333333 0.057234375000000004 0.2670833333333333
0 0.17247656249999999 0.5952291666666666 0.047421875 0.257875
0 0.2034296875 0.5804583333333333 0.040109375 0.19891666666666669
0 0.30281250000000004 0.6098854166666666 0.05771875 0.24539583333333334
0 0.6033593750000001 0.6363645833333333 0.06775 0.2878125
0 0.6655234375000001 0.6238750000000001 0.096609375 0.3327916666666667
0 0.08952343750000001 0.62965625 0.047265625000000006 0.2708541666666666
0 0.14719531250000004 0.4922083333333333 0.037234375 0.06354166666666666
0 0.3184921875 0.5212083333333334 0.06560937500000001 0.10658333333333332
0 0.21742187500000001 0.50590625 0.01609375 0.028354166666666666
0 0.2508828125 0.5979375 0.067484375 0.2533333333333333
0 0.0821953125 0.49684375 0.031765625 0.05652083333333333
