0 0.7492109375 0.6249791666666666 0.141828125 0.702125
0 0.47107031250000003 0.6337083333333333 0.13989062500000002 0.6966249999999999
0 0.31781250000000005 0.6069687500000001 0.15625 0.5350625
0 0.21914843750000002 0.4910833333333333 0.09307812500000001 0.387125
0 0.632859375 0.4741666666666667 0.07246875000000001 0.301125
0 0.95140625 0.5325833333333333 0.0960625 0.4224583333333333
0 0.8584453125 0.5848541666666667 0.08904687500000001 0.2849583333333333
0 0.280796875 0.42458333333333337 0.04253125 0.2682083333333333
0 0.6920781250000001 0.45635416666666667 0.05953125000000001 0.220375
0 0.9905156250000001 0.5783229166666667 0.018968750000000003 0.15210416666666668
0 0.9912578125 0.6685416666666666 0.017484375 0.09379166666666668
