0 0.22546875000000002 0.6866978922716628 0.19040625 0.4797658079625293
0 0.7107656250000001 0.5754449648711943 0.24943749999999998 0.6148711943793911
0 0.909578125 0.5161943793911008 0.08178125000000001 0.25913348946135834
0 0.44305468750000004 0.5698360655737704 0.042890625 0.10346604215456674
0 0.4918125 0.5667681498829039 0.04403125 0.10004683840749415
0 0.050007812500000005 0.4124824355971898 0.025484375 0.04576112412177986
0 0.6105625 0.5410070257611241 0.082875 0.19587822014051523
0 0.4020625 0.5705503512880562 0.040906250000000005 0.10002341920374708
0 0.1725390625 0.5142740046838408 0.029234375000000003 0.03847775175644028
0 0.352078125 0.5431850117096019 0.031375 0.047025761124121775
0 0.3775390625 0.7290046838407495 0.199609375 0.34124121779859484
0 0.021875000000000002 0.5235831381733022 0.043750000000000004 0.05058548009367682
0 0.1478203125 0.5176814988290398 0.035328125 0.04028103044496487
0 0.23828125 0.4918032786885246 0.4765625 0.24824355971896955
