0 0.25240625 0.4406484375 0.20589583333333333 0.321921875
0 0.14564583333333334 0.5630625 0.28529166666666667 0.5045000000000001
0 0.7700312500000001 0.459546875 0.2516875 0.16853125000000002
0 0.7746041666666666 0.3288203125 0.28245833333333337 0.251234375
0 0.6284583333333332 0.28787500000000005 0.20495833333333333 0.17496875
0 0.8961145833333333 0.501765625 0.20777083333333335 0.38909375
0 0.37526041666666665 0.3381171875 0.16635416666666666 0.15595312500000003
0 0.9437916666666667 0.7472109375000001 0.11241666666666666 0.152328125
0 0.7236666666666667 0.30997656250000005 0.09000000000000001 0.101734375
0 0.4515416666666667 0.27834375000000006 0.16941666666666666 0.07625
0 0.71078125 0.973828125 0.07610416666666667 0.05234375
0 0.252125 0.27425 0.168625 0.1048125
