0 0.5500781250000001 0.6222005571030641 0.0401875 0.14005571030640668
0 0.6575390625 0.5976880222841225 0.021296875000000003 0.07727019498607242
0 0.321640625 0.6229805013927576 0.040625 0.1694707520891365
0 0.1289140625 0.5961420612813371 0.022390625 0.10565459610027855
0 0.0094296875 0.5926462395543175 0.018859375 0.12935933147632311
0 0.6086875 0.5848189415041782 0.00665625 0.015654596100278553
0 0.025093749999999998 0.5998607242339833 0.022250000000000002 0.08997214484679665
0 0.4338359375 0.7464345403899723 0.127109375 0.5071309192200557
0 0.6195312500000001 0.5875348189415042 0.0055000000000000005 0.021030640668523677
0 0.27009375 0.5840807799442896 0.0078125 0.015571030640668523
0 0.687875 0.5889136490250696 0.004781250000000001 0.018161559888579384
0 0.262046875 0.5868384401114206 0.0063125 0.01958217270194986
0 0.8094453125 0.5984679665738162 0.010515625 0.020612813370473538
