0 0.5046487119437939 0.5356328125 0.4277049180327869 0.928734375
0 0.08592505854800936 0.3110546875 0.17185011709601872 0.376234375
0 0.8668266978922716 0.1974296875 0.059976580796252926 0.11485937500000001
0 0.827423887587822 0.20398437500000002 0.04791569086651054 0.09818750000000001
0 0.7657962529274005 0.1965390625 0.048922716627634664 0.11585937500000001
0 0.708864168618267 0.18910937500000002 0.07192037470725995 0.11553125
0 0.298231850117096 0.16705468750000002 0.04925058548009368 0.082703125
0 0.6640163934426229 0.17745312500000002 0.053887587822014055 0.10253125000000002
0 0.9850117096018735 0.18146093750000003 0.029976580796252927 0.105609375
0 0.16052693208430913 0.18864843750000002 0.04601873536299766 0.029703125000000004
0 0.1810070257611241 0.1769453125 0.024824355971896955 0.036796875
0 0.21279859484777516 0.18184375 0.058103044496487115 0.0471875
0 0.695608899297424 0.138453125 0.017213114754098358 0.01628125
