0 0.14092968749999998 0.6168501170960187 0.152921875 0.7393208430913348
0 0.485078125 0.53288056206089 0.23840625000000004 0.4218266978922717
0 0.9378671875000001 0.5952810304449648 0.124265625 0.36896955503512885
0 0.24193750000000003 0.5151990632318502 0.07884375 0.14843091334894615
0 0.47196875000000005 0.12817330210772834 0.0673125 0.13227166276346602
0 0.564453125 0.15754098360655736 0.074125 0.1218735362997658
0 0.7443984375 0.16163934426229506 0.063921875 0.08988290398126464
0 0.8176171875 0.16492974238875882 0.041484375000000004 0.08686182669789227
0 0.6399687500000001 0.22498829039812648 0.06865625 0.08992974238875878
0 0.8490703125000002 0.21215456674473068 0.058484375000000005 0.13114754098360656
0 0.7415625 0.23873536299765807 0.052593749999999995 0.07433255269320843
0 0.6266484375 0.1550702576112412 0.049890625 0.098711943793911
0 0.30360156250000003 0.5304332552693208 0.094296875 0.17524590163934425
0 0.5 0.39344262295081966 0.9968750000000001 0.7868852459016393
