0 0.87995 0.31390666666666667 0.11398000000000001 0.31970666666666664
0 0.7179800000000001 0.2973866666666667 0.18875999999999998 0.34832
0 0.48549 0.26189333333333337 0.0513 0.27632
0 0.29840999999999995 0.30390666666666666 0.14254 0.3363466666666666
0 0.09416999999999999 0.30202666666666667 0.10002 0.38362666666666667
0 0.08512 0.7707866666666667 0.1264 0.4359733333333333
0 0.9143199999999999 0.7943866666666666 0.13988 0.3708
0 0.7125600000000001 0.7979199999999999 0.08696 0.36826666666666663
0 0.4643 0.16205333333333333 0.00868 0.04165333333333333
0 0.26603000000000004 0.6915066666666666 0.11670000000000001 0.36418666666666666
0 0.5872999999999999 0.7906799999999999 0.10132 0.3938933333333333
0 0.41448 0.8465866666666667 0.07036 0.27248
