0 0.2651062091503268 0.6646486928104575 0.3512254901960784 0.6487745098039216
0 0.7725898692810459 0.4957107843137255 0.10815359477124183 0.3253758169934641
0 0.9779820261437908 0.3972794117647059 0.044035947712418304 0.13668300653594773
0 0.39165849673202613 0.3612254901960784 0.025539215686274513 0.0757843137254902
0 0.3697794117647059 0.35290032679738564 0.02815359477124183 0.07893790849673203
0 0.1425245098039216 0.354297385620915 0.0517156862745098 0.07643790849673203
0 0.09366830065359477 0.3427369281045752 0.03616013071895425 0.03318627450980392
0 0.9282843137254903 0.41736928104575166 0.04454248366013072 0.13300653594771245
0 0.4216748366013072 0.37941176470588234 0.03325163398692811 0.09267973856209151
0 0.866062091503268 0.5092892156862745 0.08663398692810459 0.31883986928104574
0 0.06830065359477124 0.3368055555555556 0.03758169934640523 0.036683006535947714
