0 0.7839765625 0.5754439252336448 0.14007812500000003 0.7027102803738317
0 0.37128125 0.5687733644859813 0.191125 0.24768691588785047
0 0.0399609375 0.6328504672897196 0.079921875 0.2386915887850467
0 0.965828125 0.37223130841121493 0.0221875 0.12922897196261682
0 0.2914921875 0.34471962616822427 0.045765625000000004 0.09976635514018692
0 0.380109375 0.35182242990654206 0.049968750000000006 0.11700934579439251
0 0.2889921875 0.30420560747663555 0.041140625 0.06383177570093458
0 0.9499453125000001 0.13408878504672897 0.038671875 0.05546728971962616
0 0.938296875 0.3386214953271028 0.044937500000000005 0.13331775700934578
0 0.6625234375 0.6254556074766354 0.15942187500000002 0.42095794392523356
