0 0.3890234375 0.4374278846153846 0.07698437500000001 0.12754807692307693
0 0.58865625 0.26816105769230775 0.07303125 0.2494471153846154
0 0.111828125 0.43561298076923083 0.11115625000000001 0.09872596153846154
0 0.9451640625000002 0.375 0.011578125000000002 0.041586538461538466
0 0.44910937500000003 0.2228846153846154 0.014281250000000002 0.04211538461538462
0 0.819375 0.3204447115384615 0.01721875 0.02483173076923077
0 0.8637265625000001 0.33887019230769233 0.006859375 0.020769230769230772
0 0.6906015625 0.26078125 0.013984375 0.03617788461538462
0 0.4382421875 0.21576923076923077 0.007453125 0.011826923076923077
0 0.13519531250000003 0.32457932692307695 0.047046875 0.09978365384615384
0 0.7349687500000001 0.27639423076923075 0.01446875 0.03668269230769231
0 0.42465625000000007 0.21890625 0.018093750000000002 0.049879807692307696
0 0.8423046875000001 0.3244350961538462 0.0054218750000000005 0.022860576923076924
0 0.49921875000000004 0.3040865384615385 0.9703125 0.2043269230769231
