0 0.5177343750000001 0.3670705882352941 0.0138125 0.046611764705882346
0 0.38525000000000004 0.3773999999999999 0.05334375 0.09550588235294118
0 0.24092968750000004 0.36177647058823525 0.044109375000000006 0.08943529411764704
0 0.294359375 0.5930705882352941 0.040156250000000004 0.11324705882352941
0 0.20685937500000004 0.587635294117647 0.03565625 0.07776470588235293
0 0.4859140625 0.3731999999999999 0.028421875000000003 0.08136470588235294
0 0.4084453125 0.3743529411764706 0.036890625 0.08729411764705881
0 0.158828125 0.3652823529411764 0.028531250000000005 0.06741176470588234
0 0.495953125 0.38827058823529403 0.0418125 0.05343529411764705
0 0.5324140625 0.37630588235294116 0.033765625 0.08070588235294117
0 0.720453125 0.37379999999999997 0.027375 0.04538823529411764
0 0.1914765625 0.3616117647058823 0.029390625 0.07781176470588234
0 0.45078125 0.49647058823529405 0.7546875000000001 0.41882352941176465
