2 0.892796875 0.6752291666666667 0.11490625000000002 0.19725
0 0.123984375 0.5184479166666667 0.12415625 0.47760416666666666
0 0.8158906250000002 0.6242812499999999 0.12403125 0.27131249999999996
0 0.4409921875 0.5249895833333333 0.094140625 0.4538125
0 0.5227656250000001 0.5079166666666667 0.11571875000000001 0.4871666666666667
0 0.698390625 0.5812395833333334 0.1065625 0.37243750000000003
0 0.23517968749999998 0.5506145833333334 0.10370312500000001 0.41481250000000003
0 0.34051562500000004 0.583625 0.13703125000000002 0.3912083333333333
0 0.6150546875 0.5279062499999999 0.074359375 0.4620625
0 0.7581093750000001 0.5121979166666667 0.13853125 0.4501875
0 0.37529687500000003 0.5413645833333334 0.07571875 0.41672916666666665
0 0.18202343750000002 0.5078854166666666 0.07985937500000001 0.4686458333333333
