0 0.5839375 0.40320833333333334 0.03893750000000001 0.05291666666666666
0 0.5038671875 0.5125 0.056421875 0.11037499999999999
0 0.5898046875 0.5646875 0.016953125 0.028541666666666663
0 0.35283593750000003 0.6010520833333333 0.042515625 0.0566875
0 0.5567421875 0.5600937500000001 0.022234375 0.0374375
0 0.6125859375 0.5596041666666667 0.022984375 0.03791666666666667
2 0.5935078125 0.4801041666666667 0.05254687500000001 0.06791666666666667
2 0.44283593749999994 0.363625 0.018046875 0.042958333333333334
2 0.35896875000000006 0.4280208333333333 0.01621875 0.05220833333333333
2 0.43250000000000005 0.44543749999999993 0.03340625 0.033
0 0.5753750000000001 0.3540729166666666 0.013406250000000001 0.025020833333333332
0 0.4876171875 0.41553125 0.015609375000000002 0.0268125
0 0.36925 0.6089791666666666 0.03084375 0.04091666666666667
2 0.41762499999999997 0.5138125 0.03678125 0.05483333333333333
