2 0.8037734375000002 0.9461915887850467 0.059390625 0.07649532710280374
0 0.35706250000000006 0.9080607476635513 0.06334375 0.18369158878504674
0 0.2451796875 0.9571144859813084 0.044421875 0.08577102803738318
0 0.8586328125 0.8748130841121495 0.046203125000000005 0.19070093457943924
0 0.546015625 0.7706775700934578 0.0138125 0.07107476635514018
0 0.20764843750000003 0.8239018691588785 0.022484375 0.10939252336448597
0 0.12584375 0.892733644859813 0.030437500000000003 0.15135514018691587
0 0.5107656250000001 0.7942640186915887 0.020250000000000004 0.09264018691588784
0 0.36502343750000005 0.7921261682242989 0.009078125 0.04509345794392523
0 0.3471875 0.7928154205607476 0.024625 0.05249999999999999
0 0.740671875 0.8013434579439253 0.029968750000000002 0.09507009345794391
0 0.273203125 0.7538901869158878 0.01746875 0.0689018691588785
0 0.1913828125 0.862967289719626 0.029609375 0.08686915887850466
0 0.9176328125 0.8537383177570093 0.045390625000000004 0.18350467289719627
0 0.5421796875 0.9060280373831776 0.048078125 0.1261214953271028
2 0.14854687500000002 0.801892523364486 0.01034375 0.014205607476635513
2 0.9717656250000002 0.9438551401869157 0.056468750000000005 0.08065420560747663
2 0.6736328125000001 0.827091121495327 0.024859375000000003 0.023481308411214954
0 0.5 0.822429906542056 0.9968750000000001 0.35046728971962615
