0 0.6039062500000001 0.40772222222222226 0.06109375 0.1376111111111111
0 0.98184375 0.3378333333333334 0.03546875 0.39638888888888885
0 0.7755234375000001 0.2172638888888889 0.043484375 0.14530555555555558
0 0.8619062500000001 0.2210138888888889 0.07290624999999999 0.2619166666666667
0 0.7189531250000001 0.3684444444444444 0.06853125 0.12655555555555556
0 0.8022265625 0.18477777777777782 0.063828125 0.2782777777777778
0 0.7533750000000001 0.17684722222222224 0.05562500000000001 0.2786388888888889
0 0.7659140625 0.3637916666666667 0.125046875 0.2268055555555556
0 0.195296875 0.6190972222222223 0.28946875 0.7033611111111112
0 0.33171875000000006 0.42570833333333336 0.15375000000000003 0.29702777777777783
0 0.4648359375 0.38440277777777776 0.140859375 0.28758333333333336
0 0.8055546875000001 0.6271666666666667 0.25276562500000005 0.6172777777777778
