0 0.3806640625 0.6256875 0.19257812500000002 0.25995833333333335
0 0.7887578125 0.57190625 0.111234375 0.1505625
0 0.260359375 0.5619375 0.0715625 0.13591666666666666
0 0.142875 0.6947708333333333 0.28340625 0.5912916666666667
0 0.0414140625 0.5255833333333333 0.082828125 0.1393333333333333
0 0.7154531250000001 0.5325833333333334 0.07921875 0.23370833333333335
0 0.5652421875 0.5413854166666667 0.08314062500000001 0.15052083333333333
0 0.9515156250000001 0.5342708333333333 0.09462500000000001 0.3130833333333333
0 0.460234375 0.5594479166666666 0.4468125 0.17552083333333332
0 0.1607265625 0.4619479166666666 0.048640625 0.13477083333333334
0 0.5237265625 0.5391770833333334 0.09067187500000001 0.26668749999999997
