2 0.7025390625000001 0.5148645833333333 0.35023437500000004 0.4025625
0 0.45846093749999994 0.32091666666666663 0.198515625 0.6418333333333333
0 0.5570234375 0.2831458333333333 0.183703125 0.5572916666666666
0 0.25028125 0.32471875 0.37921875 0.6359375
0 0.05996875000000001 0.22747916666666668 0.11993750000000002 0.4527083333333333
0 0.9212421875000001 0.5276458333333333 0.14179687500000002 0.2974583333333333
0 0.7101640625000001 0.45279166666666665 0.10614062500000002 0.24983333333333332
0 0.97559375 0.44777083333333334 0.0488125 0.136
0 0.9862968750000001 0.4878541666666667 0.02740625 0.11704166666666667
0 0.062226562500000006 0.25702083333333337 0.050828125 0.14770833333333333
0 0.8558593750000001 0.40702083333333333 0.040656250000000005 0.11679166666666667
0 0.0869140625 0.20455208333333333 0.029515625000000004 0.0696875
0 0.0880078125 0.2512083333333333 0.014734375000000001 0.035666666666666666
