0 0.7997968750000001 0.5497189695550352 0.1048125 0.3569555035128805
0 0.5174453125 0.46272833723653395 0.06242187500000001 0.21473067915690866
0 0.3409140625 0.4567447306791569 0.058359375000000005 0.20852459016393443
0 0.08621093750000001 0.5460655737704918 0.12445312500000001 0.4
0 0.6327109375000001 0.4630093676814988 0.052953125000000004 0.1381030444964871
0 0.24103906249999998 0.42024590163934433 0.025515625 0.12011709601873537
0 0.2011484375 0.40853629976580796 0.020109375 0.09796252927400469
0 0.2189375 0.425807962529274 0.021968750000000002 0.11124121779859485
0 0.4235390625 0.4359016393442623 0.030859375 0.14482435597189697
0 0.4533671875 0.4389227166276347 0.035046875 0.14908665105386415
0 0.14538281249999999 0.45873536299765805 0.040796875 0.182903981264637
0 0.1671796875 0.40625292740046837 0.016296875 0.10562060889929743
0 0.263296875 0.3876814988290398 0.01371875 0.07175644028103044
0 0.39921875 0.41920374707259955 0.029687500000000002 0.12646370023419204
