0 0.71828125 0.7623671875 0.3526875 0.45376562500000006
0 0.32275 0.5517890625 0.06029166666666667 0.091015625
0 0.4141875 0.57284375 0.12991666666666665 0.13293750000000001
0 0.5591458333333333 0.5503828125 0.058499999999999996 0.113609375
0 0.2615104166666667 0.5171640624999999 0.03747916666666666 0.042265625
0 0.11291666666666667 0.5348281250000001 0.034083333333333334 0.045500000000000006
0 0.06573958333333334 0.5606171875 0.0660625 0.068234375
0 0.14502083333333332 0.5152421875000001 0.09120833333333334 0.13617187500000003
0 0.8795833333333333 0.5663359375 0.026791666666666665 0.038828125000000005
0 0.08014583333333333 0.5384375 0.07245833333333333 0.06237500000000001
