0 0.33332031250000005 0.8764485981308411 0.013953125 0.022570093457943925
0 0.635609375 0.8793691588785046 0.0201875 0.04537383177570094
0 0.0368671875 0.9150934579439253 0.025359375000000003 0.049252336448598125
0 0.175171875 0.9021495327102803 0.017843750000000002 0.06705607476635514
0 0.19065625000000003 0.8866004672897195 0.012875000000000001 0.04969626168224298
0 0.21004687499999997 0.8764485981308411 0.01409375 0.014953271028037382
0 0.9042421875000001 0.9038317757009345 0.038359375 0.09565420560747662
0 0.96115625 0.936109813084112 0.030343750000000003 0.12778037383177568
0 0.737609375 0.8977219626168225 0.031781250000000004 0.09226635514018691
0 0.655875 0.9226752336448598 0.0325625 0.12871495327102803
0 0.81753125 0.8929789719626168 0.040593750000000005 0.07109813084112149
0 0.5786328125 0.8644976635514018 0.013046875 0.0430607476635514
