0 0.676515625 0.794625 0.04225 0.098625
0 0.47321875 0.8115520833333334 0.0365 0.1135625
0 0.5104453125 0.7818854166666667 0.018484375 0.021187499999999998
0 0.35850000000000004 0.7560104166666667 0.012125 0.021437499999999998
0 0.16664843750000002 0.77928125 0.034609375 0.05335416666666667
0 0.007921875 0.7734895833333334 0.015562500000000002 0.10589583333333333
0 0.9450078125 0.8136770833333334 0.039203125000000005 0.14777083333333335
0 0.39401562500000004 0.7564166666666666 0.02459375 0.06558333333333333
0 0.8152265625 0.7586354166666668 0.016359375000000002 0.06814583333333334
0 0.7749687500000001 0.7605729166666667 0.02790625 0.06135416666666666
0 0.039367187500000005 0.77009375 0.032578125000000006 0.10822916666666667
0 0.850828125 0.8004583333333334 0.04496875 0.13658333333333333
0 0.370296875 0.7653645833333333 0.0121875 0.03789583333333334
0 0.43203125000000003 0.7729166666666667 0.7515625 0.09583333333333333
