0 0.6385546875000001 0.4323020833333333 0.064859375 0.05614583333333333
0 0.9396015625 0.39272916666666663 0.018640625 0.02675
0 0.8863828125 0.286125 0.025578125000000004 0.05408333333333334
0 0.7696171875000001 0.2722291666666667 0.030984374999999998 0.09237500000000001
0 0.92684375 0.39738541666666666 0.014249999999999999 0.017562499999999998
0 0.8006640625000001 0.3498958333333333 0.032234375 0.10325000000000001
0 0.8315312499999999 0.22566666666666665 0.01684375 0.03133333333333333
0 0.7520703125 0.27128125000000003 0.028703125000000003 0.08639583333333332
0 0.2923671875 0.23891666666666664 0.015578125000000002 0.031
2 0.5581875000000001 0.4210625 0.0771875 0.06883333333333333
