2 0.2916640625 0.8425625 0.18029687500000002 0.2949583333333334
0 0.6481796875000001 0.6467291666666667 0.6220468750000001 0.7065416666666666
0 0.05450000000000001 0.9091770833333332 0.10900000000000001 0.12552083333333333
0 0.8284140625000002 0.3621770833333333 0.32898437500000005 0.46172916666666663
0 0.43532812500000007 0.17208333333333334 0.018687500000000003 0.050374999999999996
0 0.46109374999999997 0.17076041666666664 0.018218750000000002 0.055812499999999994
0 0.44891406250000004 0.17144791666666664 0.015296875 0.051854166666666666
0 0.42802343750000005 0.5959895833333334 0.028984375000000003 0.1100625
0 0.40232031250000005 0.6256875000000001 0.046546875 0.130125
0 0.4207109375 0.16715625 0.024140625 0.06172916666666666
0 0.2813984375 0.04484375 0.025390625 0.07877083333333333
