2 0.4206741573033708 0.5838375 0.06659176029962548 0.117175
2 0.858932584269663 0.633775 0.13711610486891385 0.1553
0 0.917621722846442 0.484025 0.1647565543071161 0.3155
0 0.10314606741573033 0.5410625 0.20629213483146067 0.459675
0 0.04220973782771535 0.5912875 0.0755056179775281 0.453675
0 0.1047003745318352 0.38192499999999996 0.12685393258426966 0.171
0 0.4072659176029963 0.4181125 0.07063670411985018 0.128125
0 0.47782771535580526 0.4062375 0.051760299625468166 0.106625
0 0.5157490636704121 0.4061875000000001 0.04460674157303371 0.10147500000000001
0 0.5762921348314607 0.4089625 0.0858426966292135 0.143925
0 0.44127340823970035 0.40926250000000003 0.03573033707865168 0.09542500000000001
0 0.721067415730337 0.3772125 0.04782771535580524 0.054925
0 0.33432584269662924 0.41805000000000003 0.09247191011235956 0.09300000000000001
0 0.6477340823970037 0.3756875 0.06033707865168539 0.032075
0 0.40715355805243447 0.4351 0.0552059925093633 0.1474
