2 0.17950781250000003 0.46955208333333337 0.16451562500000003 0.14697916666666666
0 0.537140625 0.5581145833333333 0.26584375 0.6203125
0 0.7331484375000001 0.46180208333333334 0.229203125 0.8786458333333333
0 0.4266953125 0.3441041666666667 0.05795312500000001 0.17312499999999997
0 0.43061718750000005 0.59565625 0.567984375 0.4314791666666667
0 0.1920625 0.29420833333333335 0.10540624999999999 0.20858333333333334
0 0.881890625 0.44542708333333336 0.0316875 0.0730625
0 0.8450859375 0.44425000000000003 0.041140625 0.07808333333333332
0 0.21709375 0.2607291666666667 0.026250000000000002 0.06516666666666666
0 0.035953125 0.33618750000000003 0.07190625 0.36358333333333337
0 0.637421875 0.37596875 0.01128125 0.0515625
