0 0.446890625 0.4578169014084507 0.04290625000000001 0.04544600938967136
0 0.43177343749999997 0.45079812206572767 0.031421875 0.045539906103286384
0 0.39980468750000003 0.4658450704225352 0.029984375000000004 0.10976525821596243
0 0.5329921875 0.4580985915492958 0.021734375 0.04061032863849766
0 0.49414843750000004 0.4557511737089202 0.016453125 0.03286384976525822
0 0.5609765625 0.45840375586854454 0.036484375000000006 0.041737089201877936
0 0.7569453125000001 0.4633450704225352 0.020953125000000003 0.030258215962441316
0 0.826734375 0.46303990610328644 0.01996875 0.033544600938967134
0 0.34090624999999997 0.435387323943662 0.0365625 0.03950704225352113
0 0.5829609375000001 0.45524647887323944 0.011296875000000001 0.023497652582159623
0 0.66146875 0.4569718309859155 0.0335 0.03976525821596245
0 0.6808437500000001 0.45981220657277 0.019500000000000003 0.03413145539906103
0 0.7284453125000001 0.4573591549295775 0.015546875 0.037488262910798126
0 0.5015625 0.4471830985915493 0.8968750000000001 0.16666666666666666
