0 0.4291171875 0.5536145833333334 0.26048437500000005 0.41977083333333337
0 0.8781171875 0.6123020833333332 0.137921875 0.35310416666666666
0 0.9645937499999999 0.41917708333333337 0.0708125 0.14635416666666667
0 0.09849218750000001 0.5376458333333333 0.082171875 0.13399999999999998
0 0.1329765625 0.27009375 0.08479687500000001 0.11306250000000001
0 0.26696875000000003 0.27965625000000005 0.16709375 0.1250625
0 0.3136484375 0.29755208333333333 0.05567187500000001 0.09247916666666667
0 0.6003671875000001 0.28377083333333336 0.056546874999999996 0.10491666666666666
0 0.8084218750000001 0.33509374999999997 0.07053125 0.08181250000000001
0 0.48384374999999996 0.2553125 0.07484375 0.14295833333333335
0 0.037265625000000004 0.514625 0.07453125000000001 0.179
0 0.470421875 0.18564583333333334 0.06540625 0.10825
0 0.7852890625 0.585125 0.128515625 0.394125
0 0.49921875000000004 0.38958333333333334 0.9984375000000001 0.7791666666666667
