0 0.624421875 0.6092352941176469 0.49206250000000007 0.7612470588235293
0 0.2808203125 0.22238823529411764 0.215046875 0.39795294117647056
0 0.7953828125000001 0.25632941176470586 0.128328125 0.4539294117647058
0 0.8960546875000001 0.48429411764705876 0.20789062500000002 0.5919294117647058
0 0.5660937500000001 0.22184705882352942 0.05234375 0.43018823529411765
0 0.92903125 0.691 0.14193750000000002 0.5955058823529411
0 0.9487578124999999 0.22932941176470586 0.10248437500000002 0.355835294117647
0 0.1279921875 0.29158823529411765 0.109453125 0.17738823529411762
0 0.889234375 0.1250235294117647 0.11728125 0.1517411764705882
0 0.7251796875000001 0.2446 0.057359375000000004 0.060399999999999995
0 0.8466875 0.11443529411764707 0.058562499999999997 0.07912941176470588
0 0.7715546875000001 0.07295294117647058 0.076765625 0.14590588235294116
0 0.9539453125 0.07025882352941176 0.058265625 0.13830588235294117
