0 0.3728229166666666 0.4111640625 0.04610416666666666 0.033578125
0 0.39168749999999997 0.3834765625 0.046625 0.047578125
0 0.3203229166666667 0.375046875 0.050229166666666665 0.04171875
0 0.3264895833333333 0.40993750000000007 0.04785416666666666 0.033125
0 0.2850520833333334 0.35637500000000005 0.051895833333333335 0.04334375
0 0.24070833333333333 0.3719296875 0.05579166666666667 0.044671875
0 0.2334375 0.31935937500000006 0.04225 0.036125000000000004
0 0.2920729166666666 0.4089453125 0.042687499999999996 0.029671875
0 0.27720833333333333 0.398265625 0.03241666666666667 0.039093750000000003
0 0.16851041666666663 0.39305468750000006 0.036812500000000005 0.031734375
0 0.09175000000000001 0.398578125 0.0395 0.045187500000000005
0 0.05355208333333333 0.38427343750000004 0.017437499999999998 0.014328125
0 0.63684375 0.7025156250000001 0.5258541666666666 0.54228125
0 0.5 0.34609375000000003 0.9958333333333333 0.3953125
