0 0.7047187500000001 0.5392395833333333 0.03640625 0.1243125
0 0.32590625 0.5552604166666666 0.03734375 0.09397916666666667
0 0.3000078125 0.47327083333333336 0.023359375 0.041
0 0.47313281250000006 0.5586979166666667 0.027765625000000002 0.06860416666666666
0 0.39253125 0.5765625 0.01603125 0.06716666666666667
0 0.669421875 0.56059375 0.0169375 0.07785416666666665
0 0.73046875 0.5553958333333333 0.0166875 0.08770833333333333
0 0.27896875000000004 0.46935416666666663 0.026625 0.0555
0 0.160171875 0.5595729166666668 0.030687500000000003 0.0888125
0 0.83634375 0.6571041666666666 0.08325 0.34179166666666666
