0 0.8802031250000001 0.7348459715639811 0.040093750000000004 0.2230094786729858
0 0.0703359375 0.7089691943127963 0.019984375 0.02509478672985782
0 0.21426562500000002 0.6971800947867298 0.0141875 0.01781990521327014
0 0.33799218750000004 0.6438862559241706 0.010671875 0.02350710900473934
0 0.3840703125 0.6361374407582938 0.018046875 0.0371563981042654
0 0.6849765625 0.7019075829383886 0.022546875 0.06898104265402843
0 0.46904687500000003 0.6275355450236967 0.033625 0.045829383886255924
0 0.293078125 0.6309597156398105 0.01459375 0.058317535545023697
0 0.025179687500000006 0.6823696682464455 0.014671875000000001 0.01781990521327014
0 0.986375 0.7243009478672987 0.027250000000000003 0.1820616113744076
