0 0.818702290076336 0.5796 0.2510432569974555 0.6210800000000001
0 0.4033206106870229 0.6531999999999999 0.03122137404580153 0.06436
0 0.5505089058524173 0.6645800000000001 0.024478371501272266 0.0564
0 0.4834478371501272 0.6670200000000001 0.023282442748091606 0.03864
0 0.6906361323155217 0.6886899999999999 0.03465648854961832 0.05758
0 0.6034351145038168 0.67414 0.025343511450381682 0.06695999999999999
0 0.6546055979643766 0.68087 0.03246819338422392 0.0625
0 0.5039821882951654 0.6669299999999999 0.023333333333333334 0.04782
0 0.5765012722646311 0.67556 0.024503816793893133 0.05516
0 0.3710687022900764 0.6526700000000001 0.024020356234096693 0.04446
0 0.43001272264631046 0.6621800000000001 0.022366412213740458 0.03872
0 0.04269720101781171 0.6198100000000001 0.042442748091603054 0.08166
0 0.46669211195928756 0.66508 0.0161323155216285 0.03624
0 0.8778625954198473 0.681 0.07124681933842239 0.106
