0 0.8611796875 0.4589270833333333 0.040328125 0.0816875
0 0.8603828125000001 0.49886458333333333 0.068203125 0.09435416666666667
0 0.8912031250000001 0.45658333333333334 0.025374999999999998 0.12670833333333334
0 0.9251250000000001 0.424125 0.029125 0.06058333333333333
0 0.9730859375 0.4332291666666667 0.016484375000000002 0.06154166666666666
0 0.9918750000000002 0.4609583333333333 0.01625 0.145
0 0.9862968750000001 0.4351770833333334 0.014937500000000001 0.08602083333333332
0 0.9543046875000001 0.42942708333333335 0.014921875000000001 0.050145833333333334
0 0.9284687500000001 0.4530833333333333 0.0128125 0.021374999999999998
2 0.8699921875000002 0.5121770833333333 0.029234375000000003 0.03747916666666666
2 0.9534375000000002 0.46697916666666667 0.008906250000000001 0.02225
