0 0.339906103286385 0.8122343750000001 0.5078403755868545 0.37553125000000004
0 0.8406455399061034 0.8314609375 0.31734741784037557 0.310109375
0 0.1378755868544601 0.7117187500000001 0.040727699530516435 0.048406250000000005
0 0.7145539906103286 0.654765625 0.028732394366197185 0.045375
0 0.8358215962441314 0.6573359375000001 0.0215962441314554 0.035734375000000006
0 0.08381455399061033 0.7020703125000001 0.03673708920187794 0.073359375
0 0.7490140845070422 0.658328125 0.03291079812206573 0.0553125
0 0.2590962441314554 0.6689843750000001 0.05720657276995306 0.06325
0 0.9526291079812207 0.636125 0.018732394366197183 0.0391875
0 0.2731338028169014 0.6567890625000001 0.02143192488262911 0.05517187500000001
0 0.05435446009389672 0.6959375000000001 0.03838028169014085 0.0749375
0 0.6337676056338029 0.6172265625 0.01551643192488263 0.028328125
0 0.05967136150234742 0.6558359375 0.025821596244131457 0.032859375
0 0.4800469483568075 0.6492187500000001 0.9225352112676056 0.15156250000000002
