0 0.28695000000000004 0.27101466992665035 0.0704 0.16951100244498776
0 0.643925 0.3163080684596577 0.04111666666666667 0.07784841075794621
0 0.6824333333333333 0.30808068459657706 0.04393333333333334 0.08677261613691932
0 0.72565 0.313838630806846 0.055 0.08841075794621026
0 0.7703416666666667 0.3145110024449878 0.01735 0.0547921760391198
0 0.8386666666666668 0.3093643031784841 0.07843333333333334 0.11476772616136918
0 0.452525 0.31958435207823965 0.027083333333333334 0.0306601466992665
0 0.9591500000000001 0.307799511002445 0.016933333333333335 0.06459657701711492
0 0.35988333333333333 0.2975550122249389 0.026600000000000002 0.037946210268948656
0 0.32933333333333337 0.2649266503667481 0.04573333333333334 0.09361858190709046
0 0.5896916666666667 0.3117237163814181 0.04295 0.06398533007334964
0 0.5188833333333334 0.3058068459657702 0.04476666666666667 0.06858190709046455
0 0.9035916666666667 0.3058190709046455 0.06865 0.11173594132029341
0 0.5650000000000001 0.39853300733496333 0.7866666666666667 0.2591687041564792
