0 0.580484375 0.08610328638497652 0.1050625 0.17056338028169013
0 0.4803984375 0.1210093896713615 0.082828125 0.19826291079812206
0 0.15279687500000003 0.10955399061032864 0.0595625 0.21760563380281692
0 0.0620390625 0.1279225352112676 0.070984375 0.20237089201877934
0 0.19688281250000003 0.0388849765258216 0.047984375 0.07208920187793427
0 0.9589218749999999 0.09305164319248826 0.032218750000000004 0.09192488262910797
0 0.8473671875 0.07092723004694836 0.172015625 0.14157276995305165
0 0.7009296875000001 0.0810093896713615 0.12535937500000002 0.16
0 0.421328125 0.04 0.0314375 0.0428169014084507
0 0.9849531250000001 0.28830985915492957 0.030093750000000002 0.5662441314553991
0 0.042671875000000005 0.057300469483568074 0.08396875000000001 0.11460093896713615
