0 0.8822890624999999 0.663630831643002 0.152390625 0.45565922920892493
0 0.75828125 0.646470588235294 0.16778125 0.5103448275862069
0 0.627171875 0.6606186612576065 0.13446875 0.4767342799188641
0 0.51303125 0.6359432048681541 0.13215625 0.5239350912778905
0 0.17742968750000002 0.33707910750507103 0.164453125 0.32807302231237323
0 0.26090625000000006 0.632261663286004 0.1605 0.49868154158215006
0 0.11478906250000001 0.6395131845841785 0.16373437500000002 0.5057606490872211
0 0.301375 0.3640973630831643 0.14503125 0.2728600405679513
0 0.44041406250000004 0.3822008113590264 0.137015625 0.2781541582150101
0 0.39979687500000005 0.6183975659229209 0.14068750000000002 0.4686004056795132
0 0.80146875 0.4041176470588236 0.1315625 0.33707910750507103
0 0.675578125 0.3726064908722109 0.15071875 0.28926977687626776
0 0.558328125 0.38327586206896547 0.099625 0.2729614604462475
