0 0.325984375 0.7693125 0.09340625000000001 0.45562499999999995
0 0.43703125 0.7439374999999999 0.08371875000000001 0.35291666666666666
0 0.49282031249999997 0.6395208333333333 0.041859375000000004 0.14845833333333333
0 0.6531718750000001 0.6538020833333335 0.04334375 0.14831249999999999
0 0.7382968750000001 0.6934270833333334 0.07062500000000001 0.2485625
0 0.8570234375000001 0.7200208333333333 0.072484375 0.28500000000000003
0 0.5516953125 0.6523958333333333 0.033703125 0.19487500000000002
0 0.050171875000000005 0.7214791666666667 0.09721875 0.323125
0 0.3748828125 0.7002916666666666 0.070828125 0.30475
0 0.19520312500000003 0.7364374999999999 0.08231250000000001 0.338375
0 0.0897578125 0.61875 0.048421875 0.11970833333333333
0 0.621140625 0.7652083333333334 0.10765625000000001 0.41583333333333333
0 0.5714140625 0.7009166666666666 0.034265625 0.261
0 0.5 0.7625 0.9968750000000001 0.4708333333333333
