0 0.2321796875 0.7258411214953271 0.139765625 0.45392523364485976
0 0.7357031250000001 0.7227102803738317 0.11306250000000001 0.5002803738317757
0 0.8310546875 0.6906308411214953 0.08717187500000001 0.3977570093457944
0 0.6311171875000001 0.6292172897196261 0.08176562500000001 0.254322429906542
0 0.044789062500000004 0.5738668224299065 0.012109375 0.05787383177570093
0 0.053453125000000004 0.5732242990654205 0.00859375 0.05542056074766354
0 0.06171093750000001 0.5700116822429906 0.015765625000000002 0.06623831775700935
0 0.59015625 0.5641588785046728 0.009750000000000002 0.0564018691588785
0 0.5779765625 0.5617289719626167 0.009859375 0.045887850467289715
0 0.6907265625000001 0.5742873831775701 0.03829687500000001 0.1610514018691589
0 0.568734375 0.5473831775700935 0.00803125 0.028598130841121495
0 0.782 0.6125584112149532 0.029375000000000002 0.15021028037383177
