0 0.95966 0.5482589285714285 0.06124 0.15985119047619048
0 0.7229500000000001 0.7557142857142857 0.08846 0.3835119047619048
0 0.43634000000000006 0.7474702380952379 0.05224 0.11595238095238095
0 0.3981 0.6170386904761904 0.14676 0.7361607142857143
0 0.11442999999999999 0.7116964285714286 0.20282 0.5472023809523809
0 0.5835200000000001 0.7195833333333332 0.05664 0.27172619047619045
0 0.8130200000000001 0.5610714285714286 0.05288 0.07869047619047619
0 0.6755800000000001 0.6376190476190475 0.04076 0.08285714285714285
0 0.77934 0.6013392857142856 0.03148 0.07875
0 0.80307 0.4948065476190476 0.07786 0.1700892857142857
0 0.80388 0.7917708333333332 0.08108 0.3837202380952381
0 0.9077500000000001 0.9317113095238095 0.1845 0.11312499999999999
0 0.86863 0.5966071428571429 0.02974 0.06398809523809523
0 0.549 0.6800595238095237 0.898 0.49107142857142855
