0 0.615609375 0.5129791666666667 0.11081250000000001 0.43049999999999994
0 0.497859375 0.50584375 0.16081250000000002 0.39872916666666663
0 0.34406250000000005 0.39121875 0.0105 0.027479166666666666
0 0.44078125000000007 0.48904166666666665 0.06065625 0.3682916666666667
0 0.3524453125 0.39003125 0.013265625000000001 0.0309375
0 0.36864843750000004 0.39125000000000004 0.013484375000000002 0.03175
0 0.053929687500000004 0.45408333333333334 0.10785937500000001 0.2786666666666666
0 0.23703906249999998 0.42221875000000003 0.170359375 0.3407291666666667
0 0.39351562500000004 0.3862083333333333 0.0072499999999999995 0.035458333333333335
0 0.16664062500000001 0.39904166666666663 0.01121875 0.020416666666666666
0 0.15379687500000003 0.396 0.01028125 0.020916666666666663
0 0.2973515625 0.39409374999999996 0.012859375000000001 0.01914583333333333
