0 0.62175 0.4770520833333334 0.18790625000000002 0.4343958333333333
0 0.49710937499999996 0.23872916666666666 0.0605625 0.07870833333333334
0 0.27303906250000004 0.22808333333333333 0.060671875 0.096625
0 0.693703125 0.2450625 0.07678125000000001 0.07466666666666667
0 0.712984375 0.19633333333333333 0.03784375 0.04591666666666666
0 0.7543203125000001 0.2286875 0.061046875 0.11008333333333334
0 0.9568046875 0.25395833333333334 0.06057812500000001 0.07066666666666667
0 0.5899921875 0.25203125000000004 0.038578125000000005 0.05597916666666667
0 0.9758906249999999 0.2031875 0.048218750000000005 0.119125
0 0.8024921875000001 0.17247916666666666 0.06414062499999999 0.17099999999999999
0 0.0960703125 0.22921875 0.059703125 0.0868125
0 0.0185390625 0.24157291666666666 0.037078125 0.0651875
0 0.6011484375 0.11565625 0.049203125 0.0975625
0 0.48046875 0.14375 0.8953125000000001 0.2875
