0 0.6581484375000001 0.6641979166666666 0.183703125 0.6494375
0 0.3727265625 0.44517708333333333 0.063828125 0.17902083333333335
0 0.2955703125 0.4396145833333333 0.065546875 0.1975625
0 0.047796875 0.3496979166666667 0.09559375 0.3451875
0 0.31110156250000004 0.36205208333333333 0.073390625 0.31185416666666665
0 0.6199062500000001 0.2718333333333333 0.055968750000000005 0.18608333333333332
0 0.8457812499999999 0.23517708333333334 0.04153125 0.16197916666666667
0 0.9089296874999999 0.1766458333333333 0.025546875000000004 0.12041666666666666
0 0.869125 0.50021875 0.07046875000000001 0.35122916666666665
0 0.2940390625 0.2148020833333333 0.06979687500000001 0.19564583333333332
0 0.1430390625 0.4346875 0.083609375 0.22420833333333334
0 0.2368125 0.40865625 0.0735 0.2308125
0 0.43542187500000007 0.44991666666666663 0.06015625 0.151625
0 0.496875 0.32916666666666666 0.99375 0.6583333333333333
