0 0.7013400000000001 0.6086133333333333 0.46308 0.7649066666666666
0 0.46432 0.54456 0.12304000000000001 0.24944
0 0.57538 0.4946933333333333 0.14396 0.19882666666666668
0 0.16191 0.4544 0.10922 0.24874666666666667
0 0.12262 0.43335999999999997 0.04592 0.08597333333333333
0 0.9393 0.49110666666666664 0.08131999999999999 0.14669333333333331
0 0.86219 0.48758666666666667 0.09778 0.1910133333333333
0 0.89724 0.46492 0.040560000000000006 0.11922666666666666
0 0.88544 0.3806933333333334 0.028800000000000003 0.06245333333333333
0 0.10466 0.3692533333333333 0.0332 0.07578666666666667
0 0.97662 0.42589333333333335 0.023280000000000002 0.020266666666666665
0 0.96986 0.5631333333333334 0.06028 0.24434666666666666
0 0.25766000000000006 0.6322933333333333 0.46992 0.7345599999999999
0 0.266 0.364 0.532 0.30133333333333334
