0 0.12928125 0.4406041666666667 0.02028125 0.025333333333333333
0 0.20771093750000003 0.45798958333333334 0.020234375 0.04689583333333334
0 0.38117968750000003 0.4259583333333333 0.016484375000000002 0.03920833333333333
0 0.6076328125 0.41293749999999996 0.016984375 0.03195833333333333
0 0.262140625 0.43642708333333335 0.021593750000000002 0.03639583333333333
0 0.28459375000000003 0.435875 0.00984375 0.013541666666666667
0 0.10039062500000001 0.46878125000000004 0.010812500000000001 0.0674375
0 0.14588281250000001 0.45036458333333335 0.023609375000000002 0.036520833333333336
0 0.33259375 0.4279583333333333 0.023625 0.02695833333333333
0 0.429390625 0.42157291666666663 0.00971875 0.030354166666666668
0 0.40855468749999996 0.4447708333333333 0.025671875 0.050166666666666665
0 0.030445312500000002 0.45267708333333334 0.025984375 0.028395833333333335
0 0.1669296875 0.4436354166666667 0.018171875 0.030020833333333333
0 0.47578125000000004 0.42083333333333334 0.9484375 0.14583333333333334
