0 0.8692083333333334 0.5567968750000001 0.19075 0.5031875
0 0.7412604166666665 0.443484375 0.0956875 0.12662500000000002
0 0.6411250000000001 0.42938281250000004 0.07741666666666666 0.08526562500000001
0 0.7311458333333333 0.3396796875 0.03658333333333333 0.075640625
0 0.9858229166666667 0.4233906250000001 0.028354166666666666 0.14765625000000002
0 0.9540833333333334 0.3744609375 0.09183333333333332 0.212265625
0 0.5168541666666666 0.5292109375 0.18279166666666666 0.208984375
0 0.7936979166666667 0.40250781250000006 0.058562499999999997 0.05254687500000001
0 0.58671875 0.32098437500000004 0.027687499999999997 0.03828125
0 0.18701041666666668 0.7727265624999999 0.37402083333333336 0.412984375
0 0.6117708333333333 0.46472656250000005 0.10370833333333333 0.13764062500000002
0 0.5877187500000001 0.47380468750000004 0.10777083333333333 0.109703125
0 0.6559270833333334 0.4058046875 0.04502083333333333 0.058765625
0 0.75 0.37890625 0.24583333333333332 0.1609375
