0 0.8035599999999999 0.6842525773195877 0.08576 0.3137628865979381
0 0.44469000000000003 0.6004768041237113 0.056780000000000004 0.1188917525773196
0 0.84639 0.5964175257731958 0.03706 0.12649484536082473
0 0.8610599999999999 0.5844587628865979 0.017 0.0761340206185567
0 0.40818000000000004 0.6005798969072165 0.043840000000000004 0.11744845360824742
0 0.53165 0.5693041237113402 0.02646 0.07639175257731959
0 0.5586599999999999 0.5646005154639175 0.01528 0.04306701030927835
0 0.5129199999999999 0.5727963917525773 0.01516 0.04987113402061856
0 0.88778 0.7788273195876289 0.16272 0.26198453608247424
0 0.75197 0.5795103092783505 0.01726 0.06603092783505154
0 0.17751999999999998 0.5854768041237113 0.025079999999999998 0.05203608247422681
0 0.9814100000000001 0.741430412371134 0.03718 0.215180412371134
0 0.4882 0.5618298969072165 0.01156 0.032628865979381444
0 0.605 0.5734536082474226 0.746 0.1056701030927835
