0 0.754890625 0.5123653395784543 0.268375 0.8
0 0.313375 0.28028103044496483 0.07215625 0.18903981264637001
0 0.37659375000000006 0.3428688524590164 0.063 0.2904215456674473
0 0.4917265625 0.3540163934426229 0.053953125000000005 0.25646370023419207
0 0.8438671875000001 0.373864168618267 0.032296875 0.14327868852459016
0 0.3433359375 0.5805152224824356 0.218890625 0.6943793911007026
0 0.8234218750000001 0.3917213114754099 0.021968750000000002 0.10840749414519905
0 0.03515625 0.3586651053864169 0.05081250000000001 0.12131147540983606
0 0.9236484375 0.3814519906323185 0.033671875000000004 0.18281030444964871
0 0.16886718750000002 0.33962529274004677 0.05707812500000001 0.31550351288056205
0 0.45033593750000006 0.3471545667447307 0.051859375 0.29131147540983604
