0 0.6131730769230769 0.43682716049382714 0.24395299145299149 0.6425925925925926
0 0.7476175213675215 0.5076296296296297 0.11113247863247865 0.558716049382716
0 0.4911431623931624 0.4245925925925926 0.12852564102564104 0.514320987654321
0 0.3768376068376069 0.3604567901234568 0.13965811965811967 0.37641975308641973
0 0.9320192307692309 0.29988888888888887 0.10980769230769231 0.2442222222222222
0 0.8001068376068377 0.25338271604938273 0.0644871794871795 0.21037037037037037
0 0.1667200854700855 0.5799012345679012 0.333440170940171 0.8401975308641975
0 0.8621367521367521 0.5846172839506172 0.2757264957264957 0.7664197530864196
0 0.9766880341880344 0.321679012345679 0.04662393162393163 0.22123456790123455
0 0.6899679487179488 0.24675308641975308 0.05344017094017095 0.05577777777777777
0 0.7564209401709402 0.2064567901234568 0.037158119658119666 0.07311111111111111
0 0.9511004273504273 0.23308641975308642 0.01745726495726496 0.05560493827160494
