0 0.0938 0.7702533333333333 0.0718 0.20381333333333335
0 0.8974700000000001 0.5438266666666667 0.03538 0.11234666666666666
0 0.15453 0.5343733333333334 0.024620000000000003 0.03616
0 0.26582 0.46390666666666663 0.0178 0.04546666666666667
0 0.6804600000000001 0.4454666666666667 0.0334 0.03616
0 0.6610900000000001 0.22838666666666665 0.025500000000000002 0.04408
0 0.7377400000000001 0.25867999999999997 0.02092 0.05458666666666666
0 0.51488 0.5038133333333333 0.02528 0.08314666666666666
0 0.7142299999999999 0.49694666666666665 0.028620000000000003 0.07805333333333334
0 0.31746 0.5489333333333334 0.055560000000000005 0.09258666666666666
0 0.8028 0.20042666666666664 0.014119999999999999 0.028586666666666666
0 0.8040900000000001 0.29269333333333336 0.02454 0.03616
0 0.7240500000000001 0.42208 0.0227 0.03626666666666666
0 0.499 0.44666666666666666 0.998 0.8933333333333333
