0 0.5508046875 0.41075000000000006 0.13473437500000002 0.41220833333333334
0 0.342984375 0.4168541666666667 0.048875 0.2629166666666667
0 0.29596875 0.4049479166666667 0.04903125 0.2781458333333333
0 0.12538281250000002 0.4256979166666667 0.053921875 0.21693749999999998
0 0.436828125 0.32687499999999997 0.0199375 0.024791666666666667
0 0.247859375 0.3421875 0.031781250000000004 0.06416666666666666
0 0.069296875 0.42603125000000003 0.0590625 0.22102083333333333
0 0.1580625 0.39304166666666673 0.0365 0.12245833333333334
0 0.026726562500000002 0.3355833333333333 0.036796875 0.10458333333333333
0 0.15190625000000002 0.3288125 0.035687500000000004 0.073
0 0.08632031250000001 0.33758333333333335 0.05126562500000001 0.1045
0 0.3939296875 0.34480208333333334 0.031265625000000005 0.06710416666666667
0 0.325359375 0.3350416666666666 0.035562500000000004 0.08625
0 0.39687500000000003 0.33125 0.58125 0.11666666666666667
