0 0.4296606786427145 0.494921875 0.3114171656686627 0.8645625000000001
0 0.7992814371257484 0.46773437500000004 0.04195608782435129 0.066125
0 0.7699600798403193 0.42364843750000003 0.007624750499001995 0.020546875000000003
0 0.7858782435129741 0.4208671875000001 0.008882235528942115 0.016203125
0 0.8638622754491018 0.4699296875 0.03642714570858283 0.091109375
0 0.04114770459081837 0.47459375000000004 0.06037924151696606 0.095375
0 0.6218962075848304 0.4059921875000001 0.007385229540918164 0.022953125
0 0.61375249500998 0.4294296875 0.015369261477045907 0.039515625
0 0.6018662674650699 0.40396093749999995 0.007245508982035928 0.017578125
0 0.5896706586826347 0.42485156250000006 0.01586826347305389 0.013984375
0 0.6532634730538921 0.41444531250000005 0.00900199600798403 0.010296875
0 0.6030538922155688 0.43260156250000004 0.01616766467065868 0.047078125
0 0.6816367265469061 0.40859375000000003 0.16966067864271456 0.0421875
