0 0.2960546875 0.6647897196261681 0.288546875 0.37303738317757007
0 0.6816953125 0.5336214953271027 0.269984375 0.5254205607476635
0 0.0867734375 0.5930607476635513 0.173546875 0.519018691588785
0 0.7386484375000001 0.12108644859813084 0.038796875 0.10310747663551402
0 0.9234765625 0.21123831775700933 0.109703125 0.4044859813084112
0 0.144765625 0.2288200934579439 0.115875 0.3231542056074766
0 0.4702578125 0.24949766355140185 0.108640625 0.43413551401869155
0 0.6749609375000001 0.18457943925233644 0.092765625 0.31093457943925235
0 0.6170546875 0.15838785046728968 0.082421875 0.26135514018691586
0 0.3936015625 0.2535864485981308 0.115453125 0.4080607476635514
0 0.784765625 0.22431074766355139 0.09440625000000001 0.37960280373831773
0 0.246140625 0.2243808411214953 0.09200000000000001 0.3150700934579439
0 0.31410156250000004 0.2683644859813084 0.113390625 0.395607476635514
0 0.76171875 0.1939252336448598 0.4734375 0.38317757009345793
