0 0.47278906249999997 0.6780104166666666 0.017640625 0.08910416666666668
0 0.44643750000000004 0.6804375 0.01928125 0.08650000000000001
0 0.63465625 0.6734583333333333 0.02690625 0.091375
0 0.8287890625000002 0.6278541666666667 0.008921875000000001 0.021708333333333333
0 0.8321953125000001 0.6290833333333333 0.008515625 0.013333333333333334
0 0.8812734375 0.6299270833333334 0.009515625 0.03202083333333333
0 0.7763359375 0.6441666666666667 0.011765625000000002 0.017291666666666667
0 0.799 0.6336145833333333 0.00953125 0.012479166666666666
0 0.5622890625 0.6775208333333332 0.006765625000000001 0.013083333333333334
0 0.5387265625000001 0.6781354166666667 0.010703125 0.011895833333333333
0 0.9270468750000002 0.6236041666666666 0.00659375 0.016791666666666667
0 0.625734375 0.6990208333333334 0.01434375 0.04729166666666666
0 0.887359375 0.6174375 0.004718750000000001 0.006541666666666667
0 0.7000000000000001 0.646875 0.534375 0.09375
