0 0.5247890625 0.5929013761467891 0.14007812500000003 0.27607798165137615
0 0.137453125 0.6011467889908257 0.18000000000000002 0.2550917431192661
0 0.47380468750000004 0.6318463302752294 0.058046875 0.16639908256880734
0 0.7623515625000001 0.6246444954128442 0.024953125000000003 0.06873853211009175
0 0.8518359375 0.6151605504587158 0.083703125 0.229954128440367
0 0.05651562500000001 0.6291284403669726 0.029968750000000002 0.0824770642201835
0 0.3204921875 0.6356766055045873 0.018140625 0.061582568807339456
0 0.26640625 0.6355045871559633 0.017625 0.06623853211009174
0 0.9871328125000002 0.6092431192660551 0.019734375000000002 0.0878440366972477
0 0.9102812500000002 0.6272821100917432 0.023000000000000003 0.06708715596330275
0 0.9693828125 0.6256651376146789 0.018546875 0.06628440366972477
0 0.9151328125000001 0.5864334862385322 0.017796875 0.03305045871559633
