0 0.8620468749999999 0.4778428927680798 0.12615625 0.4899501246882793
0 0.7421562500000001 0.3397755610972569 0.07196875000000001 0.13486284289276806
0 0.666953125 0.3478179551122194 0.0428125 0.1611720698254364
0 0.07110156249999999 0.38539900249376563 0.08026562500000001 0.258428927680798
0 0.16862500000000002 0.3743765586034913 0.046250000000000006 0.18451371571072317
0 0.12375000000000001 0.37098503740648375 0.051625000000000004 0.18311720698254366
0 0.36228906250000004 0.2942643391521197 0.022828125 0.08758104738154612
0 0.30900781250000003 0.29428927680798006 0.014234375 0.07092269326683293
0 0.21253125000000003 0.2841645885286783 0.0248125 0.047680798004987535
0 0.18840625 0.3462344139650873 0.0363125 0.15925187032418953
0 0.1427578125 0.31776807980049876 0.022953125 0.08241895261845386
0 0.2503828125 0.2993266832917706 0.017078125 0.0825935162094763
0 0.576078125 0.2904738154613466 0.0141875 0.0541147132169576
0 0.39609375 0.35910224438902744 0.7859375000000001 0.2194513715710723
