0 0.21810937500000002 0.7651724137931034 0.037875 0.07413793103448275
0 0.49078906250000004 0.7423275862068965 0.016953125 0.04977011494252873
0 0.51115625 0.7393390804597701 0.02896875 0.05591954022988506
0 0.1539609375 0.7734913793103448 0.046734375 0.13778735632183908
0 0.31470312500000003 0.7663362068965517 0.04628125 0.0821551724137931
0 0.44110156250000004 0.7396264367816091 0.028734375000000003 0.06413793103448276
0 0.6141015625 0.743433908045977 0.021703125000000004 0.03801724137931035
0 0.634890625 0.7285632183908045 0.018218750000000002 0.051436781609195396
0 0.651328125 0.7326724137931034 0.01053125 0.043218390804597696
0 0.6712578124999999 0.7292097701149426 0.012578125000000002 0.034281609195402296
0 0.4166171875 0.7355028735632184 0.026390625 0.07537356321839081
0 0.58075 0.7421408045977012 0.017875 0.039913793103448274
0 0.7310000000000001 0.7192097701149425 0.01009375 0.03847701149425287
0 0.76171875 0.6824712643678161 0.3359375 0.16954022988505746
