0 0.7772812499999999 0.694421875 0.18077083333333333 0.321375
0 0.22696874999999997 0.57978125 0.03647916666666667 0.06171875
0 0.3255416666666666 0.5722109375 0.019458333333333334 0.043453125
0 0.3391041666666667 0.5693593750000001 0.0155 0.03565625
0 0.72896875 0.5696718749999999 0.0244375 0.04359375
0 0.28642708333333333 0.5681406250000001 0.021604166666666664 0.044500000000000005
0 0.30456250000000007 0.5698671875000001 0.021166666666666667 0.045484375
0 0.3463541666666667 0.5638203125000001 0.010375 0.025765625
0 0.3965729166666667 0.5676640625 0.020520833333333332 0.041359375000000004
0 0.9916979166666666 0.5548125 0.016604166666666666 0.01228125
0 0.45687500000000003 0.5608984375 0.023916666666666666 0.031890625
0 0.4895833333333333 0.55690625 0.01575 0.01475
0 0.6883125 0.5576250000000001 0.013666666666666666 0.01221875
0 0.39479166666666665 0.5789062500000001 0.39375 0.07968750000000001
