0 0.194453125 0.6112307692307692 0.17528125000000003 0.7101025641025641
0 0.8787734375 0.4572179487179487 0.107765625 0.2631538461538461
0 0.45535156250000003 0.3507692307692308 0.012734375000000001 0.04866666666666667
0 0.6811562500000001 0.4235 0.0663125 0.16494871794871793
0 0.7741796875 0.35017948717948716 0.011359375 0.05328205128205128
0 0.7642265625 0.35215384615384615 0.011796875 0.05071794871794872
0 0.7310390625000001 0.34865384615384615 0.010703125 0.05628205128205128
0 0.68578125 0.34403846153846157 0.0133125 0.05961538461538462
0 0.5958828125 0.3514999999999999 0.011609375 0.0487948717948718
0 0.4407109375 0.3469230769230769 0.018984375 0.05615384615384615
0 0.718796875 0.353551282051282 0.01021875 0.0471025641025641
