0 0.3916171875 0.4496614583333334 0.033796875 0.07973958333333334
0 0.5025390625 0.45486979166666663 0.038828125000000005 0.037447916666666664
0 0.6286328125 0.47061197916666664 0.053328125000000004 0.11549479166666667
0 0.0567734375 0.4255859375 0.039890625000000006 0.116328125
0 0.7664609375 0.5062239583333333 0.04145312500000001 0.08265624999999999
0 0.0825546875 0.41394531249999994 0.021203125000000003 0.040390625
0 0.1180703125 0.44709635416666665 0.022265625 0.08278645833333333
0 0.22028124999999998 0.4572005208333333 0.0303125 0.09236979166666666
0 0.34987500000000005 0.4634505208333333 0.03240625 0.09721354166666665
0 0.09620312500000001 0.45316406249999996 0.0321875 0.07247395833333332
0 0.2581953125 0.455703125 0.030109375 0.09666666666666665
0 0.6685 0.48266927083333333 0.0494375 0.10585937499999999
