0 0.708140625 0.6529380341880342 0.23440625000000004 0.6433547008547008
0 0.4662265625 0.6302670940170941 0.131546875 0.35886752136752137
0 0.31221875 0.6000000000000001 0.60471875 0.7775213675213676
0 0.8809374999999999 0.5256089743589745 0.0231875 0.06993589743589744
0 0.8067734375000001 0.5392521367521368 0.025203125 0.0873931623931624
0 0.9206875000000001 0.5661858974358974 0.018625 0.05485042735042736
0 0.523359375 0.5397115384615385 0.0193125 0.07138888888888889
0 0.576390625 0.5300427350427351 0.024875 0.05264957264957266
0 0.8954218749999999 0.6940491452991454 0.059812500000000005 0.10886752136752138
0 0.114234375 0.5497649572649572 0.013781250000000002 0.04525641025641026
0 0.8584609375 0.5207478632478633 0.023390625 0.07594017094017094
0 0.9047656250000001 0.5225213675213676 0.017843750000000002 0.06863247863247864
