0 0.86699 0.7760533333333333 0.028820000000000002 0.0488
0 0.73394 0.6093999999999999 0.02068 0.0164
0 0.7299 0.59524 0.0192 0.010960000000000001
0 0.20658 0.65256 0.03704 0.018346666666666667
0 0.9115700000000001 0.7729466666666667 0.04594 0.04936
0 0.3574 0.6474 0.05112 0.021253333333333332
0 0.68167 0.6101733333333333 0.012740000000000001 0.017413333333333333
0 0.7041999999999999 0.5938399999999999 0.00736 0.006133333333333333
0 0.8897 0.7931866666666666 0.03668 0.054106666666666664
0 0.48572000000000004 0.59688 0.015960000000000002 0.010933333333333331
0 0.79064 0.5989333333333333 0.0132 0.020853333333333335
0 0.91471 0.6044799999999999 0.0287 0.01856
0 0.8505500000000001 0.5927999999999999 0.01366 0.01456
