2 0.44039062500000004 0.5030281690140845 0.18153125000000003 0.32323943661971827
0 0.2701484375 0.5205399061032864 0.10117187500000001 0.5153521126760563
0 0.33055468750000006 0.5555281690140845 0.071140625 0.22274647887323945
0 0.20261718750000002 0.5168544600938968 0.040578125 0.11187793427230046
0 0.6753750000000001 0.4261150234741784 0.03740625 0.11241784037558686
0 0.17504687500000002 0.5617018779342723 0.09881250000000001 0.22208920187793427
0 0.38229687500000004 0.44443661971830983 0.039718750000000004 0.09000000000000001
0 0.4689375 0.5728638497652582 0.08025 0.17267605633802818
0 0.9560546875 0.4299178403755869 0.011484375 0.09105633802816901
0 0.9816171875 0.420575117370892 0.014265625000000002 0.0662206572769953
