0 0.5548671875000001 0.8304918032786885 0.101703125 0.2988758782201405
0 0.46736718750000006 0.8359133489461358 0.07960937500000001 0.30362997658079627
0 0.0924140625 0.8074355971896955 0.178828125 0.364847775175644
0 0.7466484375000001 0.7853864168618266 0.167921875 0.30337236533957845
0 0.42543749999999997 0.6991803278688525 0.040656250000000005 0.08220140515222482
0 0.45127343750000004 0.6958548009367683 0.024234375000000002 0.09676814988290398
0 0.1783359375 0.6606088992974238 0.029390625 0.06805620608899297
0 0.2015625 0.6646838407494146 0.025437500000000002 0.0594847775175644
0 0.41178125 0.7080327868852458 0.020000000000000004 0.09840749414519907
0 0.4272578125 0.663559718969555 0.013890625000000002 0.04163934426229508
0 0.8942578124999999 0.7785011709601873 0.05014062500000001 0.10800936768149882
0 0.8452656250000001 0.7952576112412179 0.143875 0.2952459016393442
0 0.48828125 0.7189695550351288 0.0390625 0.12646370023419204
