0 0.6436171875 0.4789378238341969 0.398671875 0.7745077720207254
0 0.9390078125000001 0.4150388601036269 0.08314062500000001 0.41303108808290157
0 0.36642187500000006 0.4813341968911918 0.0915625 0.30204663212435234
0 0.5516171875 0.4054922279792746 0.064296875 0.16191709844559585
0 0.18839062500000003 0.6483160621761658 0.34968750000000004 0.4966321243523316
0 0.2548203125 0.48003886010362695 0.061671875 0.11857512953367877
0 0.848015625 0.4375777202072539 0.08231250000000001 0.39147668393782387
0 0.44821875000000005 0.045867875647668394 0.06406250000000001 0.09173575129533679
0 0.699484375 0.04617875647668394 0.0564375 0.09235751295336787
0 0.0688046875 0.04001295336787565 0.068609375 0.0800259067357513
0 0.5610703125 0.4994430051813472 0.046859375 0.27323834196891195
0 0.4363671875000001 0.4829274611398964 0.068703125 0.29466321243523314
0 0.6938515625 0.4772538860103627 0.065953125 0.31098445595854923
0 0.42500000000000004 0.3238341968911917 0.846875 0.6476683937823834
