0 0.5363203125 0.5292708333333334 0.143578125 0.4166666666666667
0 0.6276015625 0.26445833333333335 0.074078125 0.28524999999999995
0 0.30303125000000003 0.19511458333333334 0.055843750000000004 0.16681249999999997
0 0.5785703125 0.18413541666666666 0.017421875 0.06302083333333333
0 0.49626562500000004 0.17670833333333333 0.0173125 0.078125
0 0.595734375 0.18111458333333333 0.0164375 0.06797916666666667
0 0.23840625000000004 0.12891666666666665 0.00846875 0.022375
0 0.0896796875 0.15753124999999998 0.030703124999999998 0.08260416666666666
0 0.7370546875 0.20657291666666666 0.008390625 0.025020833333333332
0 0.952484375 0.22384374999999998 0.0253125 0.04539583333333333
