0 0.4565937500000001 0.9006354166666667 0.06015625 0.19872916666666668
0 0.6166484375000001 0.8439791666666666 0.089796875 0.1285
0 0.6948750000000001 0.8406875 0.055406250000000004 0.06970833333333333
0 0.33873437500000003 0.8993645833333334 0.06243750000000001 0.20127083333333332
0 0.28689843750000005 0.89965625 0.058546875 0.19652083333333334
0 0.284171875 0.7990833333333334 0.0291875 0.07370833333333333
0 0.31461718750000006 0.8085208333333334 0.030453124999999998 0.09525
0 0.8610625 0.7441770833333333 0.0103125 0.043354166666666666
0 0.33803125 0.7969062499999999 0.02296875 0.0584375
0 0.32600000000000007 0.7688541666666667 0.012875000000000001 0.02383333333333333
0 0.8449375 0.7457708333333334 0.019000000000000003 0.042374999999999996
0 0.441828125 0.8263854166666667 0.025 0.05197916666666667
