0 0.43317187500000004 0.7707276995305165 0.03078125 0.10793427230046948
0 0.40309375000000003 0.7630281690140844 0.03059375 0.10929577464788733
0 0.5536640625 0.7178051643192488 0.021359375 0.04326291079812206
0 0.4890859375 0.783755868544601 0.029515625000000004 0.05910798122065728
0 0.5256953125 0.6876760563380282 0.018515625 0.05253521126760563
0 0.45725781249999997 0.7782159624413145 0.030890625 0.061971830985915494
0 0.448734375 0.7616784037558686 0.014531250000000002 0.04392018779342723
0 0.49685937500000005 0.7572652582159626 0.0231875 0.03039906103286385
0 0.5204921875 0.7578169014084508 0.017765625 0.0831924882629108
0 0.4966015625 0.7336267605633804 0.020890625 0.0386150234741784
0 0.47771875 0.7660093896713615 0.0221875 0.05910798122065728
0 0.46507031249999997 0.7525469483568075 0.008015625 0.015938967136150235
0 0.5238125 0.7200352112676057 0.01734375 0.047018779342723006
0 0.8 0.6255868544600939 0.14375000000000002 0.0539906103286385
