0 0.7349687500000001 0.43085416666666665 0.09825 0.2783333333333333
0 0.42475000000000007 0.43573958333333335 0.034281250000000006 0.029104166666666667
0 0.677796875 0.4599479166666667 0.061406249999999996 0.07906250000000001
0 0.32025 0.42590625 0.03334375 0.13760416666666667
0 0.7948359375 0.4920104166666666 0.136921875 0.0384375
0 0.9378984375 0.46066666666666667 0.036109375 0.0605
0 0.9506796875 0.4595208333333333 0.041515625 0.06608333333333333
0 0.38175000000000003 0.43744791666666666 0.017249999999999998 0.020354166666666666
0 0.4446484375 0.4408541666666667 0.010109375 0.017833333333333333
0 0.9806171875 0.4518229166666667 0.016796875 0.04577083333333333
