0 0.5152187500000001 0.44017968749999997 0.3486458333333333 0.622984375
0 0.2675208333333333 0.150171875 0.041666666666666664 0.09150000000000001
0 0.11342708333333333 0.179703125 0.029395833333333333 0.04225
0 0.45282291666666663 0.0965 0.0266875 0.0498125
0 0.052947916666666664 0.1811484375 0.017229166666666667 0.040921875
0 0.07698958333333333 0.1649921875 0.04802083333333333 0.07723437500000001
0 0.6386979166666666 0.056257812500000004 0.023770833333333335 0.035640625
0 0.6837708333333333 0.05265625000000001 0.020291666666666666 0.0415
0 0.9610312499999999 0.16284375 0.07272916666666666 0.316875
0 0.9307291666666666 0.038609375 0.023375 0.036375000000000005
