0 0.7706893203883496 0.50046875 0.04409708737864078 0.09875
0 0.7316893203883494 0.5039296875 0.02866019417475728 0.08301562500000001
0 0.975621359223301 0.4889765625 0.048757281553398056 0.16057812500000002
0 0.22222330097087376 0.4887421875 0.4444466019417475 0.881328125
0 0.8794563106796116 0.500421875 0.03440776699029126 0.08631250000000001
0 0.6464368932038835 0.483609375 0.04825242718446602 0.057875
0 0.8094660194174756 0.5058828125 0.015941747572815534 0.044203125
0 0.7133689320388349 0.5011953125 0.01862135922330097 0.059234375
0 0.9510097087378642 0.498609375 0.03801941747572815 0.13496875
0 0.918019417475728 0.5031484375 0.020194174757281552 0.057609375
