0 0.271625 0.7376183844011143 0.1718125 0.2725069637883008
0 0.7246875 0.40143454038997217 0.0769375 0.35211699164345406
0 0.841015625 0.3992757660167131 0.06884375000000001 0.21108635097493036
0 0.9228984375000002 0.31027855153203343 0.024890625 0.09576601671309193
0 0.13675 0.3472562674094708 0.045375 0.1593593314763231
0 0.46324999999999994 0.4252785515320335 0.034031250000000006 0.25167130919220054
0 0.8864375000000001 0.3085376044568245 0.02615625 0.1152924791086351
0 0.012132812500000001 0.33759052924791083 0.022640625 0.0967966573816156
0 0.947625 0.3014902506963788 0.00846875 0.04749303621169917
0 0.8606171875000002 0.3114484679665738 0.021421875000000003 0.11231197771587743
