2 0.7736171875000001 0.5377610208816705 0.23626562500000003 0.46215777262180974
0 0.5001562500000001 0.41684454756380507 0.1921875 0.3842691415313225
0 0.5333046875 0.10677494199535963 0.051109375000000005 0.21354988399071925
0 0.7404765625 0.10759860788863108 0.040671875 0.11631090487238979
0 0.603890625 0.10049883990719256 0.02634375 0.11051044083526683
0 0.6322812500000001 0.0894199535962877 0.04684375 0.07600928074245938
0 0.22523437500000001 0.42342227378190256 0.19262500000000002 0.3265661252900232
0 0.4261875 0.10367749419953597 0.06603125 0.20735498839907193
0 0.666171875 0.09342227378190254 0.033281250000000005 0.08127610208816705
0 0.31302343750000006 0.1195939675174014 0.020796875000000003 0.06614849187935035
