0 0.58340625 0.7457294117647059 0.00775 0.021152941176470586
0 0.570609375 0.7572588235294118 0.007625 0.034282352941176465
0 0.5316015625 0.7601058823529412 0.012609375 0.04270588235294117
0 0.5425078125000001 0.7569882352941175 0.007171875 0.04268235294117647
0 0.6231328125 0.7569529411764705 0.007890625 0.03677647058823529
0 0.5133515625 0.7597882352941175 0.011453125000000001 0.0416
0 0.561734375 0.7568117647058823 0.0125 0.03799999999999999
0 0.548953125 0.7578352941176469 0.0055000000000000005 0.044188235294117646
0 0.6026328125 0.7509529411764706 0.008015625 0.032635294117647054
0 0.61259375 0.7588588235294117 0.008624999999999999 0.04449411764705882
0 0.5010703125 0.7585411764705882 0.010984375000000001 0.05327058823529411
0 0.57696875 0.7539999999999999 0.00590625 0.03185882352941176
0 0.6439296875 0.7578352941176469 0.006265625 0.03769411764705882
0 0.49531250000000004 0.7423529411764705 0.8625 0.07294117647058823
