0 0.5236328125 0.6959813084112149 0.027859375 0.10556074766355139
0 0.5615703125000001 0.6967056074766355 0.035453125 0.12257009345794392
0 0.6151875 0.7104439252336447 0.02465625 0.13322429906542055
0 0.642578125 0.7427102803738317 0.0416875 0.2044859813084112
0 0.7000625 0.7274299065420561 0.0481875 0.20953271028037382
0 0.7378359375000001 0.7476401869158876 0.035453125 0.15285046728971963
0 0.44842187499999997 0.6893808411214953 0.029375000000000002 0.13376168224299065
0 0.41911718750000004 0.6727219626168224 0.022234375 0.07862149532710279
0 0.33437500000000003 0.6891939252336449 0.03615625 0.13287383177570092
0 0.72740625 0.6537616822429906 0.015593750000000002 0.050420560747663545
0 0.5813359375 0.677605140186916 0.018984375 0.06969626168224298
0 0.13866406250000002 0.7887383177570092 0.068171875 0.30878504672897195
0 0.2799921875 0.7574532710280373 0.047296875 0.2272429906542056
0 0.50390625 0.7266355140186915 0.9734375000000001 0.2803738317757009
