0 0.532953125 0.5009583333333334 0.06771875000000001 0.26833333333333337
0 0.09242968750000001 0.4463229166666667 0.11126562499999999 0.2459375
0 0.47595312500000003 0.4229479166666667 0.0605 0.19227083333333334
0 0.607359375 0.42248958333333336 0.0908125 0.18235416666666668
0 0.36088281250000004 0.5223541666666667 0.139421875 0.41883333333333334
0 0.7958125000000001 0.5058645833333333 0.09640625000000001 0.34810416666666666
0 0.6788203125000001 0.5016666666666666 0.060453124999999996 0.1892083333333333
0 0.5341015625 0.33132291666666663 0.017859375 0.0261875
0 0.6566406250000001 0.33661458333333333 0.03390625 0.13777083333333331
0 0.06515625000000001 0.3077291666666666 0.0415 0.11191666666666666
0 0.14209375 0.30967708333333327 0.022125000000000002 0.12389583333333333
0 0.1104140625 0.29140625 0.030078125 0.11122916666666667
