0 0.8084296875 0.63146875 0.383140625 0.7146041666666666
0 0.6458671875 0.5831041666666666 0.05951562500000001 0.13645833333333332
0 0.44043750000000004 0.5648854166666666 0.07884375 0.2414375
0 0.537578125 0.5124375 0.0324375 0.10841666666666666
0 0.5061015625 0.5097708333333333 0.034171875000000004 0.11320833333333334
0 0.375203125 0.4976770833333333 0.021718750000000002 0.10364583333333333
0 0.38582812499999997 0.47175 0.0141875 0.045375
0 0.40317187499999996 0.4878020833333333 0.01609375 0.06752083333333332
0 0.3102109375 0.48948958333333337 0.020703125000000003 0.07552083333333333
0 0.2439921875 0.49363541666666666 0.023265625 0.07422916666666667
0 0.4211796875 0.47262499999999996 0.012828125000000003 0.020458333333333335
0 0.295015625 0.49284374999999997 0.021125 0.07897916666666666
0 0.551125 0.4921041666666667 0.01878125 0.06429166666666666
0 0.4734375 0.5135416666666667 0.946875 0.14791666666666667
