0 0.5945234375 0.4733606557377049 0.145640625 0.4884074941451991
0 0.5076484375 0.4793208430913349 0.109796875 0.29320843091334897
0 0.31865625000000003 0.2389695550351288 0.16425 0.2553161592505855
0 0.869609375 0.4656791569086651 0.0368125 0.06775175644028103
0 0.9044218750000002 0.5164285714285713 0.0414375 0.17641686182669788
0 0.9465546874999999 0.45825526932084304 0.044265625 0.08508196721311476
0 0.9564609375 0.547423887587822 0.087078125 0.3885245901639344
0 0.0128125 0.49800936768149884 0.02471875 0.17358313817330212
0 0.151328125 0.44218969555035126 0.03471875 0.050702576112412176
0 0.10720312500000001 0.44258782201405156 0.05146875 0.07079625292740047
0 0.7544062500000001 0.44597189695550354 0.01753125 0.0336768149882904
0 0.22242968750000003 0.43708430913348945 0.033765625 0.04128805620608899
0 0.7291171875 0.4382786885245902 0.039984375 0.03407494145199064
0 0.43125 0.4953161592505855 0.8343750000000001 0.2224824355971897
