0 0.9565468750000001 0.7494262295081967 0.028781250000000005 0.1177751756440281
0 0.8790859375000001 0.692224824355972 0.015234375000000001 0.05494145199063232
0 0.804921875 0.6775644028103044 0.0173125 0.05845433255269321
0 0.10246093750000002 0.6980679156908666 0.03307812500000001 0.12133489461358314
0 0.8501406250000001 0.6815339578454332 0.017781250000000002 0.06386416861826698
0 0.41161718750000004 0.6338992974238875 0.005671875 0.012997658079625293
0 0.8595390624999999 0.6897892271662764 0.009953125 0.049133489461358315
0 0.13114843750000002 0.6880210772833723 0.029359375 0.13501170960187353
0 0.39409375 0.6262880562060889 0.016625 0.03028103044496487
0 0.82621875 0.677400468384075 0.018718750000000003 0.060843091334894614
0 0.873734375 0.7015339578454333 0.02865625 0.060210772833723655
0 0.8386640625 0.6692622950819673 0.013390625000000001 0.042599531615925064
