0 0.563734375 0.5629274004683841 0.24587500000000004 0.5865105386416862
0 0.23796093750000002 0.6755854800936769 0.22664062500000004 0.35201405152224824
0 0.8913281249999999 0.8675644028103044 0.21440625000000002 0.24271662763466043
0 0.5940078125 0.04885245901639344 0.050984375000000005 0.09653395784543325
0 0.6854218750000001 0.04045667447306791 0.08225 0.08091334894613582
0 0.24975000000000003 0.08216627634660421 0.04384375 0.16381733021077283
0 0.5136484375 0.03912177985948477 0.063078125 0.07824355971896954
0 0.4168046875 0.06741217798594847 0.050984375000000005 0.12583138173302108
0 0.085875 0.6485128805620609 0.17175 0.4876112412177986
0 0.301140625 0.07814988290398127 0.05575 0.15587822014051522
0 0.7715859375000002 0.030491803278688525 0.09423437500000001 0.06098360655737705
0 0.116140625 0.1 0.13343750000000001 0.1901170960187354
