0 0.0393828125 0.4859976525821596 0.078765625 0.4910093896713615
0 0.1288828125 0.31764084507042256 0.19814062500000001 0.5112910798122066
0 0.2236796875 0.3047887323943662 0.064328125 0.35605633802816905
0 0.2876875 0.30407276995305166 0.05228125 0.1998356807511737
0 0.35046093750000007 0.30968309859154936 0.085109375 0.15847417840375588
0 0.43747656250000005 0.28781690140845073 0.071046875 0.1971830985915493
0 0.5035625 0.3075704225352113 0.05512500000000001 0.16730046948356808
0 0.7086250000000001 0.31402582159624415 0.08575 0.2806338028169014
0 0.7686328125 0.3301525821596244 0.06992187500000001 0.3260798122065728
0 0.856265625 0.39798122065727704 0.08025 0.4315492957746479
0 0.9378281250000001 0.45183098591549303 0.11828125 0.38840375586854464
0 0.9217187500000001 0.2578638497652582 0.052562500000000005 0.1479342723004695
0 0.8852187500000002 0.19617370892018782 0.08106250000000001 0.12178403755868546
0 0.52890625 0.3532863849765258 0.7640625000000001 0.44366197183098594
