0 0.5334296875 0.5119791666666667 0.281453125 0.5617916666666667
0 0.2719609375 0.4414479166666666 0.290546875 0.38964583333333336
0 0.3824921875 0.2596458333333333 0.17504687500000002 0.23691666666666666
0 0.3300078125 0.12916666666666665 0.078765625 0.248625
0 0.134375 0.20381249999999998 0.17343750000000002 0.39166666666666666
0 0.6316640625000001 0.2168020833333333 0.139515625 0.3702708333333333
0 0.7772734375000001 0.12913541666666667 0.105984375 0.2008125
0 0.9480312500000001 0.17191666666666666 0.09943750000000001 0.3393333333333333
0 0.5089765625 0.11428125 0.073359375 0.22693750000000001
0 0.195890625 0.33275 0.17400000000000002 0.22395833333333334
0 0.06320312500000001 0.17865625 0.11965625 0.3573125
0 0.251921875 0.16084375 0.07600000000000001 0.1251875
0 0.21953125 0.09269791666666666 0.0656875 0.13952083333333332
0 0.47187500000000004 0.11354166666666667 0.9375 0.22708333333333333
