0 0.39889062500000005 0.4712967289719625 0.27134375 0.5168925233644859
0 0.080328125 0.5714719626168223 0.16065625 0.3592990654205607
0 0.5949375 0.42497663551401865 0.05821875 0.27387850467289715
0 0.6551796875000001 0.42025700934579435 0.062796875 0.27387850467289715
0 0.7328125000000001 0.4830140186915888 0.0819375 0.14915887850467288
0 0.7772265625000001 0.4660981308411215 0.064796875 0.1805607476635514
0 0.798921875 0.43615654205607474 0.031281250000000003 0.15081775700934577
0 0.049593750000000006 0.1595560747663551 0.05109375000000001 0.07191588785046729
0 0.9681250000000001 0.41797897196261674 0.06375 0.2561915887850467
0 0.46957812499999996 0.17442757009345794 0.04203125 0.062032710280373826
0 0.33287500000000003 0.16741822429906542 0.0375625 0.060677570093457936
0 0.2861953125 0.48565420560747663 0.07570312500000001 0.17098130841121495
0 0.865703125 0.4642990654205607 0.07859375 0.1864485981308411
0 0.47187500000000004 0.3025700934579439 0.9437500000000001 0.5677570093457943
