0 0.441692789968652 0.5889609375 0.3230721003134796 0.7364843750000001
0 0.6972727272727273 0.38884375 0.16564263322884012 0.1619375
0 0.9070141065830721 0.2816484375 0.1859717868338558 0.229515625
0 0.7489655172413793 0.30743750000000003 0.12877742946708462 0.21396875
0 0.2930015673981191 0.38236718750000004 0.17434169278996864 0.177421875
0 0.1848510971786834 0.28217187499999996 0.13976489028213165 0.2449375
0 0.054216300940438875 0.2284453125 0.10843260188087775 0.260078125
0 0.15985109717868337 0.40103906250000004 0.10948275862068964 0.147328125
0 0.4068887147335423 0.2314609375 0.1284796238244514 0.18876562500000002
0 0.8353761755485893 0.1965234375 0.1138244514106583 0.223984375
0 0.8935579937304076 0.378375 0.18300940438871474 0.1869375
0 0.6651253918495298 0.25882031250000004 0.1334169278996865 0.31135937500000005
0 0.059937304075235114 0.37712500000000004 0.11987460815047023 0.20984375000000002
0 0.5141065830721003 0.26328125 0.9686520376175548 0.4421875
