0 0.22767187500000002 0.466984126984127 0.15300000000000002 0.256281179138322
0 0.23046093750000002 0.7713945578231293 0.45782812500000003 0.4369387755102041
0 0.133796875 0.46649659863945586 0.1018125 0.247687074829932
0 0.6791328125 0.4557482993197279 0.122265625 0.25666666666666665
0 0.749515625 0.4852267573696145 0.10853125 0.256530612244898
0 0.8116171875 0.726655328798186 0.376765625 0.5466893424036281
0 0.597875 0.40587301587301583 0.09809375000000001 0.1984580498866213
0 0.581171875 0.37998866213151933 0.07421875 0.17072562358276647
0 0.068125 0.6308163265306123 0.13625 0.5416780045351474
0 0.3723203125000001 0.33665532879818594 0.078265625 0.09099773242630387
0 0.3423828125 0.3604761904761905 0.10939062500000002 0.12131519274376418
0 0.470375 0.3357936507936508 0.06103125000000001 0.10972789115646259
0 0.77228125 0.5493537414965987 0.22371875000000002 0.34546485260770976
0 0.5421875 0.4795918367346939 0.815625 0.4421768707482993
