0 0.4211592505854801 0.6386640625000001 0.03814988290398126 0.057359375000000004
0 0.3485831381733021 0.6303359374999999 0.026206088992974236 0.032265625
0 0.8001405152224825 0.5468046875000001 0.015081967213114755 0.024359375000000003
0 0.8457025761124122 0.5350781250000001 0.012669789227166276 0.028031250000000004
0 0.8620725995316159 0.5335624999999999 0.0197423887587822 0.026062500000000002
0 0.3582903981264636 0.62590625 0.025807962529274003 0.03696875
0 0.39763466042154566 0.6348515625000001 0.025152224824355973 0.032671875
0 0.8326932084309133 0.5396796875000001 0.014707259953161593 0.026296874999999997
0 0.17624121779859483 0.578078125 0.06049180327868852 0.08831250000000002
0 0.45149882903981264 0.483953125 0.7845901639344262 0.8246875
0 0.7154449648711944 0.5653281250000001 0.013559718969555035 0.013281250000000001
0 0.4819906323185012 0.5991015625 0.015269320843091334 0.018203125
0 0.5049063231850117 0.5982031250000001 0.011733021077283372 0.017968750000000002
0 0.6990632318501171 0.565625 0.5925058548009368 0.09375
