2 0.580875 0.6118908629441623 0.13653125 0.48185279187817254
0 0.4343984375 0.45168781725888324 0.24348437500000003 0.6292131979695431
0 0.5962578125000001 0.4423223350253806 0.160484375 0.5213451776649746
0 0.166265625 0.351230964467005 0.0211875 0.16175126903553297
0 0.1961484375 0.3403299492385787 0.042640625 0.16573604060913705
0 0.2404375 0.3516624365482233 0.0404375 0.17383248730964465
0 0.484 0.30578680203045683 0.00696875 0.046548223350253805
0 0.2791953125 0.3569543147208121 0.044953125000000003 0.1661421319796954
0 0.3255 0.3340862944162436 0.045812500000000006 0.17045685279187814
0 0.6551953125000001 0.29940355329949236 0.032765625 0.10362944162436546
0 0.6802656250000001 0.3151015228426396 0.01190625 0.09451776649746192
0 0.43646875000000007 0.282994923857868 0.030187500000000003 0.07370558375634517
