2 0.43736718750000003 0.500771028037383 0.082046875 0.17845794392523362
0 0.6732578125 0.566285046728972 0.10820312500000001 0.4494392523364486
0 0.06988281249999999 0.512359813084112 0.079640625 0.1797663551401869
0 0.16024218750000002 0.49018691588785046 0.074484375 0.13093457943925232
0 0.25513281250000003 0.4017757009345794 0.062140625000000005 0.15845794392523363
0 0.8475859375000001 0.37303738317757007 0.096171875 0.3460747663551402
0 0.36600781250000003 0.38154205607476627 0.041296875000000004 0.09233644859813084
0 0.367375 0.3182476635514019 0.021687500000000002 0.03574766355140187
0 0.47789062500000007 0.24268691588785046 0.054093749999999996 0.12584112149532709
0 0.941578125 0.3083878504672897 0.041625 0.13934579439252334
0 0.9654609375000001 0.26999999999999996 0.029078125 0.09714953271028036
0 0.7603828125000001 0.41496495327102806 0.06526562500000001 0.25278037383177565
0 0.7186406249999999 0.3020560747663551 0.06103125000000001 0.13943925233644858
0 0.1067890625 0.47372663551401867 0.040546875 0.17221962616822428
0 0.49140625000000004 0.2570093457943925 0.9671875000000001 0.49999999999999994
