0 0.36116406250000005 0.46248437500000006 0.009171875000000001 0.0253125
0 0.39671875 0.47917968750000006 0.017 0.028890625
0 0.37982812499999996 0.47700781249999996 0.01234375 0.017453125
0 0.19402343750000003 0.7844140625 0.08123437500000001 0.05076562500000001
0 0.178359375 0.7437031250000001 0.03721875 0.04978125
0 0.34228125000000004 0.7543828125 0.08178125000000001 0.052171875000000006
0 0.3894140625 0.7137265625000001 0.027421875000000002 0.043546875000000006
0 0.46910937500000005 0.662640625 0.0355 0.03284375
0 0.5047265625 0.433640625 0.008859375000000001 0.0271875
0 0.6107578125 0.39920312500000005 0.005671875 0.024375
0 0.2928203125 0.4474453125 0.011953125000000002 0.010609375
0 0.688625 0.3896953125 0.01009375 0.012453125
0 0.5 0.6351562500000001 0.9968750000000001 0.5203125000000001
