0 0.82753125 0.52134375 0.3438125 0.9123541666666667
0 0.58809375 0.3218020833333333 0.163 0.24885416666666668
0 0.26873437499999997 0.6051562500000001 0.404625 0.5839375
0 0.1646796875 0.3272083333333333 0.261296875 0.309875
0 0.9641875 0.1315208333333333 0.07162500000000001 0.14329166666666668
0 0.11207812500000001 0.9134895833333333 0.22415625000000003 0.1505625
0 0.910984375 0.09073958333333333 0.03471875 0.0960625
0 0.15253125 0.6932499999999999 0.30168750000000005 0.5640416666666667
0 0.4435781250000001 0.20450000000000002 0.0360625 0.06612499999999999
0 0.6834296875 0.3202291666666667 0.16685937500000003 0.6314583333333333
0 0.494140625 0.25475 0.055875 0.26816666666666666
