0 0.3457604166666667 0.537546875 0.23289583333333333 0.324125
0 0.32175 0.282046875 0.016458333333333335 0.04428125
0 0.5061875 0.288234375 0.039875 0.05371875000000001
0 0.44194791666666666 0.2777265625 0.024729166666666663 0.048265625000000006
0 0.48659375 0.281421875 0.016854166666666667 0.043500000000000004
0 0.5519791666666667 0.28759375000000004 0.02704166666666667 0.0399375
0 0.5909895833333334 0.28384375 0.02422916666666667 0.0528125
0 0.20138541666666665 0.2772890625 0.0123125 0.044984375
0 0.713875 0.294 0.015375 0.0331875
0 0.24933333333333335 0.2840546875 0.02675 0.040671875
0 0.38837499999999997 0.276375 0.015291666666666667 0.0409375
0 0.29342708333333334 0.26102343749999996 0.010979166666666665 0.011359375
0 0.32957291666666666 0.2792109375 0.010645833333333334 0.046953125000000005
0 0.4770833333333333 0.28125 0.9041666666666667 0.0625
