0 0.264359375 0.7004479166666666 0.08953125 0.22297916666666667
0 0.7685390625 0.8827708333333333 0.144953125 0.21125000000000002
0 0.7811718750000001 0.5813020833333334 0.025374999999999998 0.11577083333333334
0 0.23700781250000003 0.5533125 0.027859375 0.08716666666666667
0 0.927171875 0.5489270833333334 0.028562500000000005 0.0696875
0 0.6841953125 0.5451979166666666 0.024203125000000002 0.07093749999999999
0 0.850234375 0.54996875 0.0205 0.08447916666666666
0 0.12884375 0.7547812500000001 0.059 0.16477083333333334
0 0.48073437500000005 0.5079166666666666 0.01109375 0.04025
0 0.9802968750000001 0.8602916666666667 0.039406250000000004 0.17679166666666665
0 0.012148437500000001 0.7637395833333334 0.024296875000000002 0.19185416666666666
0 0.6332265625 0.9663541666666666 0.093421875 0.06729166666666667
0 0.583609375 0.9462083333333333 0.0834375 0.10758333333333334
0 0.43515625 0.709375 0.37343750000000003 0.45625
