0 0.2463916666666667 0.8687939698492462 0.10991666666666668 0.26241206030150754
0 0.696125 0.8224748743718594 0.1580166666666667 0.3550502512562814
0 0.7936333333333334 0.8727261306532664 0.034133333333333335 0.1092211055276382
0 0.4695916666666667 0.8073743718592966 0.03571666666666667 0.09856783919597989
0 0.44381666666666675 0.941105527638191 0.08046666666666667 0.11738693467336683
0 0.14200833333333335 0.7654396984924623 0.05605000000000001 0.19630653266331657
0 0.1444 0.9307788944723618 0.10126666666666667 0.13844221105527638
0 0.22279166666666667 0.7011432160804021 0.04468333333333333 0.08791457286432161
0 0.07481666666666667 0.7636683417085427 0.03136666666666667 0.1913065326633166
0 0.39873333333333333 0.7578894472361809 0.03743333333333334 0.1392462311557789
0 0.43012500000000004 0.770502512562814 0.04045 0.1779396984924623
0 0.8709333333333333 0.8803768844221105 0.05096666666666667 0.09115577889447236
0 0.5456333333333334 0.7438442211055275 0.057166666666666664 0.1392964824120603
0 0.5 0.5050251256281407 0.9966666666666667 0.9849246231155779
