0 0.5153515625 0.53759375 0.18451562500000002 0.5379791666666667
0 0.3876875 0.64453125 0.08371875000000001 0.17327083333333335
0 0.2989765625 0.6508437499999999 0.126234375 0.18022916666666666
0 0.225890625 0.6507187499999999 0.13534375 0.18627083333333333
0 0.067140625 0.6751458333333334 0.13428125 0.19075
0 0.123953125 0.6126458333333333 0.067125 0.2642083333333333
0 0.92696875 0.5370833333333332 0.10787500000000001 0.3325833333333333
0 0.3589140625 0.4615104166666666 0.05354687500000001 0.11152083333333333
0 0.6115312500000001 0.4765208333333333 0.06725 0.21616666666666667
0 0.09269531250000002 0.5539375 0.12807812500000001 0.37079166666666663
0 0.28652343750000003 0.47528125 0.08764062500000001 0.10560416666666667
0 0.463953125 0.6403958333333333 0.07843750000000001 0.18345833333333333
0 0.8129531249999999 0.5031145833333334 0.07943750000000001 0.28827083333333337
0 0.9007812500000001 0.54375 0.1921875 0.3833333333333333
