0 0.551 0.577042042042042 0.18168 0.5678378378378378
0 0.5155799999999999 0.30112612612612616 0.06136 0.22471471471471471
0 0.87173 0.2588888888888889 0.02722 0.1494294294294294
0 0.80475 0.2415165165165165 0.04262 0.1657957957957958
0 0.46959999999999996 0.19741741741741745 0.024280000000000003 0.08540540540540541
0 0.8150400000000001 0.45816816816816813 0.12040000000000001 0.42306306306306307
0 0.89498 0.24483483483483484 0.03004 0.136996996996997
0 0.85411 0.2331981981981982 0.03066 0.10297297297297298
0 0.5943100000000001 0.5116066066066066 0.09874 0.48981981981981987
0 0.49934999999999996 0.19723723723723727 0.0289 0.08540540540540541
0 0.148 0.6175825825825826 0.20944000000000002 0.45456456456456457
