0 0.9058645833333333 0.54721875 0.029437500000000002 0.047531250000000004
0 0.29342708333333334 0.5580625 0.0184375 0.011687500000000002
0 0.27989583333333334 0.5666484374999999 0.02245833333333333 0.031515625000000005
0 0.12291666666666666 0.5661484375 0.014583333333333334 0.022328125
0 0.20959375 0.5762109375000001 0.0064375 0.009515625
0 0.7387916666666666 0.5513671875 0.011916666666666666 0.013453125
0 0.7490729166666666 0.5526328125000001 0.0098125 0.008453125
0 0.7678958333333332 0.5435234375 0.00975 0.007109375
0 0.7965833333333332 0.5409609375000001 0.012333333333333333 0.009515625
0 0.8173125 0.5199375 0.010208333333333333 0.0173125
0 0.8311979166666665 0.5271875 0.0094375 0.018843750000000003
0 0.33678125 0.57340625 0.014395833333333333 0.007875
0 0.8083333333333333 0.53125 0.25 0.065625
