0 0.4580625 0.6972417840375587 0.15184375000000003 0.4463145539906103
0 0.5631875000000001 0.6441666666666668 0.10418750000000002 0.4757042253521127
0 0.21987500000000001 0.5092370892018779 0.03646875 0.21748826291079815
0 0.042710937500000004 0.5637206572769954 0.083328125 0.3103051643192488
0 0.090046875 0.5366666666666667 0.05175 0.2652112676056338
0 0.12342968750000001 0.4850586854460094 0.031421875 0.10476525821596246
0 0.15835156250000001 0.5497769953051643 0.052359375 0.2572535211267606
0 0.6599375000000001 0.3971478873239436 0.01928125 0.0365962441314554
0 0.19382812500000002 0.5308450704225353 0.05078125 0.2592018779342723
0 0.6211562500000001 0.4627582159624413 0.0189375 0.08330985915492958
0 0.796171875 0.3911854460093897 0.0235 0.12406103286384977
0 0.8405000000000001 0.4235680751173709 0.0315 0.12103286384976526
