0 0.6045703125 0.4984583333333333 0.054140625 0.15916666666666668
0 0.27865625 0.5713645833333333 0.10915625000000001 0.30035416666666664
0 0.49646875 0.526375 0.03871875 0.087125
0 0.5334531250000001 0.48309375 0.0205 0.0376875
0 0.5434140625 0.5410937499999999 0.031453125 0.06064583333333333
0 0.68459375 0.42365624999999996 0.0104375 0.0283125
0 0.6608671875000001 0.3887291666666667 0.009390625 0.025791666666666668
0 0.784234375 0.3999270833333333 0.00990625 0.0381875
0 0.5415468750000001 0.5038750000000001 0.018875000000000003 0.03679166666666667
0 0.7064218750000001 0.40752083333333333 0.01171875 0.03575
0 0.6428203125 0.43453125 0.007890625 0.03310416666666667
0 0.5792890625 0.43632291666666667 0.008421875 0.033229166666666664
0 0.6709765625 0.4232916666666667 0.014234375 0.030041666666666664
0 0.6742187500000001 0.3625 0.38593750000000004 0.08333333333333333
