2 0.23409375 0.9181770833333333 0.24393750000000003 0.16364583333333332
0 0.1546640625 0.7256562500000001 0.11970312500000001 0.33189583333333333
0 0.409015625 0.6321041666666667 0.045625 0.17804166666666665
0 0.44471875000000005 0.6486458333333333 0.04328125 0.175625
0 0.5768750000000001 0.6213124999999999 0.034499999999999996 0.13291666666666666
0 0.6714765625000001 0.6284479166666668 0.040484375 0.13202083333333334
0 0.7211328125 0.6313020833333333 0.034703125 0.14956250000000001
0 0.80934375 0.6285520833333333 0.038000000000000006 0.13368750000000001
0 0.5002890625 0.6439791666666665 0.066328125 0.20241666666666666
0 0.9429062500000001 0.68596875 0.0764375 0.20827083333333332
0 0.049078125 0.7106458333333332 0.08468750000000001 0.30241666666666667
0 0.7501015625 0.6336041666666666 0.037265625000000004 0.14908333333333335
0 0.8437187500000001 0.6494479166666667 0.035812500000000004 0.1684375
0 0.8873984375000001 0.6604479166666666 0.06754687499999999 0.21897916666666667
0 0.5 0.6114583333333333 0.9968750000000001 0.38125
