0 0.68037 0.6269760479041916 0.04354 0.19550898203592815
0 0.80939 0.6557784431137725 0.07402 0.10167664670658684
0 0.8418800000000001 0.6315269461077845 0.08688 0.1277245508982036
0 0.43170000000000003 0.6918562874251497 0.01796 0.04574850299401198
0 0.5194500000000001 0.6865419161676647 0.006940000000000001 0.015538922155688625
0 0.95516 0.6726347305389222 0.0292 0.07922155688622755
0 0.97421 0.6619161676646708 0.0227 0.029940119760479042
0 0.5672699999999999 0.6660479041916167 0.02222 0.06125748502994013
0 0.62801 0.649431137724551 0.01426 0.04497005988023952
0 0.05491 0.7355239520958085 0.0125 0.03535928143712575
0 0.22465 0.6054041916167665 0.011779999999999999 0.03565868263473054
0 0.6354700000000001 0.6704640718562874 0.0123 0.04152694610778443
0 0.34500000000000003 0.7095808383233534 0.166 0.0658682634730539
