0 0.08226562500000001 0.9202230046948356 0.07478125000000001 0.13706572769953052
0 0.9336953125000002 0.8551995305164318 0.042859375000000005 0.16096244131455398
0 0.8665312500000001 0.8157276995305165 0.009 0.027183098591549295
0 0.9024609375000001 0.8249765258215963 0.022890625 0.07112676056338028
0 0.7777031249999999 0.8205633802816902 0.00946875 0.04915492957746479
0 0.7201328125 0.8119835680751175 0.008484375 0.0210093896713615
0 0.665828125 0.8204342723004695 0.014000000000000002 0.06063380281690141
0 0.21222656250000005 0.8243075117370892 0.011609375 0.03589201877934272
0 0.5825703125 0.8126525821596244 0.007390625000000001 0.03169014084507042
0 0.1649765625 0.816056338028169 0.009578125 0.029906103286384978
0 0.37686718750000003 0.8190492957746478 0.007640625 0.029694835680751177
0 0.3954765625 0.8222300469483568 0.008234375 0.024741784037558685
0 0.23653125 0.8123943661971832 0.008375 0.025164319248826294
0 0.30000000000000004 0.8251173708920188 0.27187500000000003 0.04929577464788733
