0 0.8365234375 0.1797202797202797 0.13664062500000002 0.35715617715617715
0 0.9241250000000001 0.3955128205128205 0.149125 0.7056177156177156
0 0.27209375 0.2535547785547786 0.16159375 0.4943822843822844
0 0.5443515625 0.1724708624708625 0.170953125 0.3445221445221445
0 0.0883203125 0.2972960372960373 0.176640625 0.5878321678321679
0 0.66046875 0.07907925407925409 0.0645 0.1563869463869464
0 0.7152421875 0.06032634032634032 0.037203125 0.12065268065268064
0 0.7623046875 0.1446969696969697 0.069578125 0.2893939393939394
0 0.17777343750000002 0.017482517482517484 0.030890625 0.03496503496503497
0 0.11909375 0.025792540792540793 0.03678125 0.051585081585081585
0 0.3614843750000001 0.05438228438228438 0.06949999999999999 0.10666666666666666
