0 0.6758931419457734 0.453828125 0.45979266347687403 0.84459375
0 0.17657097288676238 0.2771015625 0.1657097288676236 0.47673437500000004
0 0.059928229665071775 0.29374218750000003 0.1195055821371611 0.43089062499999997
0 0.903548644338118 0.2123203125 0.05944178628389155 0.140421875
0 0.9577910685805424 0.183421875 0.04215311004784689 0.12003124999999999
0 0.6310845295055822 0.1823515625 0.03499202551834131 0.132609375
0 0.8353508771929824 0.18367187500000004 0.054912280701754385 0.0753125
0 0.48393141945773527 0.134234375 0.03606060606060606 0.0676875
0 0.8812838915470493 0.17853125 0.04231259968102074 0.1275625
0 0.845079744816587 0.147 0.03086124401913876 0.04428125
0 0.5669298245614035 0.1184296875 0.024800637958532698 0.055796875
0 0.5102631578947369 0.1403671875 0.01861244019138756 0.042546875000000005
0 0.9951594896331737 0.19325000000000003 0.009681020733652313 0.09784375000000001
