0 0.375046875 0.7014791666666667 0.0425625 0.12420833333333332
0 0.1582265625 0.8408125 0.08957812500000001 0.27141666666666664
0 0.20432812499999997 0.7156145833333332 0.04409375 0.12589583333333332
0 0.23865625000000001 0.6691458333333333 0.026437500000000003 0.059166666666666666
0 0.32419531250000005 0.68675 0.035109375 0.0925
0 0.30117187500000003 0.6641875 0.02096875 0.053125
0 0.41489062499999996 0.6519999999999999 0.01959375 0.03825
0 0.35116406250000004 0.653625 0.023890625 0.043458333333333335
0 0.1289296875 0.8483125 0.129765625 0.2719166666666667
0 0.4617578125 0.6581041666666666 0.028390625000000003 0.049041666666666664
0 0.5022812500000001 0.6528020833333333 0.023406250000000003 0.06760416666666667
0 0.2669765625 0.723125 0.05807812500000001 0.142125
