0 0.5706088992974239 0.8939296875 0.05423887587822014 0.106859375
0 0.30015222482435594 0.9011015625000001 0.04714285714285714 0.11517187499999999
0 0.24837236533957843 0.8928671875000002 0.07014051522248244 0.11551562500000001
0 0.9849531615925058 0.8827109375 0.015761124121779862 0.026359375000000004
0 0.879824355971897 0.9420234375000001 0.06498829039812647 0.11595312499999999
0 0.9414871194379391 0.9539062500000001 0.1163231850117096 0.09184375
0 0.9361358313817331 0.8825625000000001 0.05330210772833724 0.05765625
0 0.5087236533957846 0.8917812500000001 0.040632318501170966 0.07228125
0 0.466264637002342 0.88578125 0.03857142857142857 0.07996875
0 0.34543325526932084 0.884640625 0.040327868852459016 0.09384375
0 0.5993091334894614 0.8770234375000001 0.015901639344262294 0.039328125000000005
0 0.8833021077283373 0.8862656250000001 0.053161592505854796 0.0729375
0 0.6269437939110071 0.8775234375000001 0.02503512880562061 0.04070312500000001
0 0.788056206088993 0.78125 0.41920374707259955 0.25625000000000003
