0 0.6362421875000001 0.5359634551495016 0.198703125 0.5460797342192691
0 0.5858046874999999 0.5596179401993355 0.134046875 0.5046843853820598
0 0.372203125 0.47446843853820597 0.03571875 0.0967109634551495
0 0.33850781250000006 0.47611295681063126 0.038859375 0.10777408637873753
0 0.9872265625000001 0.423421926910299 0.025421875 0.2229900332225914
0 0.39129687500000004 0.4634717607973422 0.012843750000000001 0.04056478405315615
0 0.46971093750000004 0.49357142857142855 0.024234375000000002 0.05704318936877077
0 0.39617968750000004 0.506827242524917 0.017453125 0.0539202657807309
0 0.043078125 0.4945016611295681 0.009 0.02920265780730897
0 0.057242187500000014 0.5078073089700996 0.019921875000000002 0.053421926910299
