0 0.7795500000000001 0.5479999999999999 0.10266 0.17184
0 0.85573 0.46993333333333337 0.06778 0.11693333333333333
0 0.22529 0.4942399999999999 0.10874 0.18490666666666666
0 0.09386 0.4217733333333333 0.07144 0.15698666666666666
0 0.30169 0.3662 0.01318 0.06152
0 0.049960000000000004 0.34613333333333335 0.02284 0.0408
0 0.07539 0.33310666666666666 0.02766 0.059226666666666664
0 0.08699 0.7364933333333333 0.17398 0.5067466666666667
0 0.3267 0.37489333333333336 0.025480000000000003 0.057199999999999994
0 0.30603 0.4834266666666667 0.07958 0.25176
0 0.73762 0.48813333333333336 0.13832 0.16810666666666665
0 0.33879999999999993 0.33038666666666666 0.0068 0.03469333333333333
0 0.26495 0.3825466666666667 0.049460000000000004 0.06642666666666666
