0 0.4621015625 0.4312991266375546 0.028390625000000003 0.04334061135371179
0 0.51575 0.423089519650655 0.0193125 0.04403930131004367
0 0.49353125000000003 0.4369868995633187 0.031656250000000004 0.048995633187772926
0 0.52815625 0.4348034934497816 0.027750000000000004 0.05720524017467248
0 0.853234375 0.3118558951965066 0.009812500000000002 0.01537117903930131
0 0.873890625 0.7516812227074235 0.25221875 0.4741484716157205
0 0.5531953125000001 0.43307860262008735 0.029671875 0.06995633187772925
0 0.9428593750000002 0.3471615720524017 0.040531250000000005 0.02895196506550218
0 0.2385390625 0.787816593886463 0.47001562500000005 0.3950655021834061
0 0.7840703125 0.3479585152838428 0.009734375000000002 0.011550218340611353
