0 0.4433984375000001 0.47160204081632656 0.011859375 0.029040816326530616
0 0.45864843749999995 0.473530612244898 0.016828125 0.027673469387755105
0 0.3995 0.498561224489796 0.02634375 0.051244897959183675
0 0.3658515625 0.4702244897959184 0.013796875 0.02759183673469388
0 0.48217968750000006 0.4733061224489796 0.013578125 0.020448979591836735
0 0.3476484375 0.4772448979591837 0.017296875 0.032367346938775514
0 0.31278906250000005 0.5010816326530613 0.017734375 0.0463265306122449
0 0.37822656250000003 0.4974795918367348 0.029796875 0.0536530612244898
0 0.3940546875 0.47854081632653067 0.009109375000000001 0.008877551020408164
0 0.3298359375 0.47744897959183674 0.011890625000000002 0.014816326530612246
0 0.4366406250000001 0.4958061224489797 0.0159375 0.05467346938775511
0 0.853578125 0.7169591836734694 0.18784375 0.5660816326530612
