0 0.2218125 0.7256801470588234 0.10312500000000001 0.22393382352941174
0 0.4194375 0.7142095588235294 0.112525 0.18996323529411765
0 0.5120375 0.7622242647058824 0.079225 0.20283088235294117
0 0.8424375000000001 0.8095404411764705 0.165175 0.12783088235294118
0 0.7243125 0.5476286764705883 0.070275 0.20224264705882353
0 0.19158750000000002 0.5668198529411765 0.038275 0.06871323529411764
0 0.399075 0.536047794117647 0.0316 0.17871323529411764
0 0.44475000000000003 0.5215625 0.040350000000000004 0.16841911764705883
0 0.476175 0.5692095588235294 0.0359 0.06488970588235293
0 0.7004875 0.8196507352941176 0.113075 0.08996323529411764
0 0.7776875 0.5229595588235294 0.031525 0.12172794117647058
0 0.40152499999999997 0.803125 0.1572 0.07566176470588235
0 0.32166249999999996 0.5864889705882352 0.034825 0.07915441176470589
0 0.48875 0.5974264705882353 0.9775 0.5110294117647058
