0 0.9715600000000001 0.6700666666666667 0.05688000000000001 0.18434666666666666
0 0.11481000000000001 0.7497466666666667 0.06602 0.2142133333333333
0 0.90505 0.6382133333333333 0.03034 0.11685333333333334
0 0.8434200000000001 0.64496 0.028960000000000003 0.11994666666666666
0 0.8670100000000001 0.6527999999999999 0.0275 0.11472
0 0.18936 0.7245066666666666 0.0574 0.1870933333333333
0 0.14681 0.7205733333333334 0.052020000000000004 0.14317333333333332
0 0.21419 0.6992133333333332 0.032299999999999995 0.13853333333333334
0 0.82064 0.60968 0.00892 0.015253333333333332
0 0.94581 0.6380533333333334 0.011380000000000001 0.11327999999999999
0 0.017070000000000002 0.6919333333333334 0.01486 0.07325333333333332
