0 0.3885703125 0.5100208333333334 0.012046875 0.025249999999999998
0 0.6810546875000001 0.5261979166666667 0.015046875000000001 0.022229166666666668
0 0.7068515625 0.5270104166666667 0.019421875 0.025645833333333333
0 0.7362500000000001 0.5303645833333333 0.0165 0.0200625
0 0.40784375 0.5122187500000001 0.011500000000000002 0.020979166666666667
0 0.4448750000000001 0.5151041666666667 0.00796875 0.014083333333333333
0 0.6735546875000001 0.5218125 0.005984375 0.017249999999999998
0 0.46629687500000006 0.5153854166666666 0.01053125 0.021645833333333333
0 0.5062265625000001 0.52615625 0.008734375 0.0156875
0 0.4202656250000001 0.5108958333333333 0.009375000000000001 0.023666666666666666
0 0.5143125 0.53178125 0.01121875 0.028187499999999997
0 0.31721875 0.5109270833333334 0.009812500000000002 0.010979166666666665
