0 0.496234375 0.641924882629108 0.30893750000000003 0.716150234741784
0 0.560171875 0.37639671361502347 0.10918749999999999 0.29438967136150235
0 0.18439843749999998 0.5056220657276995 0.23985937499999999 0.6193661971830987
0 0.4440546875 0.27156103286384975 0.104640625 0.2576291079812207
0 0.3705234375 0.3549295774647887 0.083328125 0.3834272300469484
0 0.31731250000000005 0.404330985915493 0.06659375 0.45556338028169013
0 0.2779453125 0.5443544600938968 0.21501562500000004 0.8005868544600939
0 0.0680546875 0.7617957746478873 0.136109375 0.4404460093896714
0 0.546859375 0.2638967136150234 0.0991875 0.2980281690140845
0 0.1806484375 0.8772535211267607 0.307328125 0.2252112676056338
0 0.8861093750000001 0.7607394366197183 0.22778125000000002 0.47852112676056335
0 0.46127343750000005 0.2582511737089202 0.09467187500000002 0.23476525821596245
0 0.083453125 0.6459859154929578 0.16453125000000002 0.503755868544601
