0 0.896578125 0.42134660421545667 0.13793750000000002 0.5640515222482435
0 0.7780859375 0.14114754098360655 0.035046875 0.14590163934426228
0 0.676203125 0.1565222482435597 0.063125 0.11711943793911006
0 0.7099375 0.13519906323185013 0.040906250000000005 0.14660421545667449
0 0.16871875000000003 0.28654566744730675 0.098375 0.30395784543325527
0 0.38082031250000004 0.3938173302107728 0.218890625 0.6202341920374707
0 0.6256953125 0.2768032786885246 0.061765625000000005 0.35557377049180333
0 0.5838593750000001 0.07872365339578455 0.049375 0.08353629976580797
0 0.538390625 0.14614754098360655 0.06265625000000001 0.144519906323185
0 0.5185078125000001 0.12674473067915693 0.030609375 0.06903981264637002
0 0.24158593750000001 0.28427400468384073 0.073609375 0.28395784543325525
0 0.47296875 0.152423887587822 0.0880625 0.13201405152224824
0 0.7475078125000001 0.1514519906323185 0.06576562500000001 0.159672131147541
0 0.5 0.28454332552693207 0.9968750000000001 0.5690866510538641
