0 0.6616744730679157 0.44118750000000007 0.07046838407494145 0.047406250000000004
0 0.5038173302107728 0.5710468750000001 0.25152224824355973 0.33015625000000004
0 0.12152224824355971 0.5501796875 0.06936768149882905 0.056109374999999996
0 0.2491334894613583 0.5889765625 0.08679156908665106 0.045984375
0 0.08553864168618266 0.5335546875 0.03810304449648712 0.047921875
0 0.9697775175644029 0.55025 0.05941451990632319 0.03734375
0 0.04010538641686183 0.5518125 0.03927400468384075 0.0498125
0 0.02370023419203747 0.5329765625 0.04740046838407494 0.050546875000000005
0 0.5876814988290399 0.4413046875 0.07063231850117097 0.05354687500000001
0 0.7709367681498829 0.544734375 0.12126463700234193 0.053093749999999995
0 0.9809601873536299 0.30453125000000003 0.036440281030444964 0.062468749999999997
0 0.7862412177985948 0.55215625 0.07941451990632317 0.03893750000000001
0 0.6540866510538641 0.5433906250000001 0.09669789227166276 0.05971875
0 0.3629976580796253 0.525 0.7213114754098361 0.12187500000000001
