0 0.13998437500000002 0.7692757009345794 0.011125000000000001 0.026775700934579438
0 0.29281250000000003 0.8226051401869159 0.02146875 0.043668224299065424
0 0.415921875 0.7754205607476635 0.00796875 0.04182242990654205
0 0.6195703125 0.7589135514018692 0.009578125 0.02848130841121495
0 0.5654843749999999 0.7649766355140187 0.01059375 0.02425233644859813
0 0.45482812499999997 0.7825700934579438 0.010781250000000001 0.016682242990654204
0 0.4729375 0.7838434579439252 0.00796875 0.044275700934579436
0 0.6097734375 0.7669275700934579 0.009765625 0.04147196261682243
0 0.0997578125 0.7689252336448597 0.008421875 0.02663551401869159
0 0.1145625 0.7691355140186916 0.007531250000000001 0.02672897196261682
0 0.2808125 0.8269509345794392 0.012968750000000001 0.033621495327102804
0 0.46625000000000005 0.7899065420560748 0.01184375 0.02761682242990654
0 0.5818984374999999 0.7624532710280373 0.018234375 0.0211214953271028
0 0.44062500000000004 0.5759345794392523 0.78125 0.20794392523364486
