0 0.500765625 0.6087236533957846 0.1895625 0.6353395784543326
0 0.35450000000000004 0.517096018735363 0.14909375 0.5194847775175644
0 0.21934375 0.482927400468384 0.13484375 0.509367681498829
0 0.4087109375 0.2221662763466042 0.091921875 0.10911007025761126
0 0.500890625 0.23121779859484776 0.07650000000000001 0.09854800936768149
0 0.8673515625000001 0.24679156908665104 0.073046875 0.09887587822014052
0 0.28521875 0.20501170960187354 0.08540625 0.1369086651053864
0 0.573453125 0.23503512880562064 0.08065625 0.09451990632318501
0 0.5476484375 0.19489461358313817 0.05657812500000001 0.13962529274004684
0 0.6431328125000001 0.1999297423887588 0.104421875 0.16922716627634662
0 0.3592265625 0.187248243559719 0.070078125 0.1729976580796253
0 0.9498046875 0.23819672131147543 0.085453125 0.11686182669789227
0 0.5936015625 0.08921545667447306 0.09473437500000001 0.1753864168618267
0 0.6265625 0.13934426229508196 0.3875 0.2786885245901639
