0 0.44606 0.5638888888888889 0.13040000000000002 0.41366366366366364
0 0.25068 0.5359609609609609 0.20804 0.6179879879879879
0 0.71963 0.46261261261261266 0.09658 0.3705705705705706
0 0.10727 0.5617267267267267 0.15794 0.49216216216216213
0 0.55749 0.5094444444444445 0.19306 0.5932432432432433
0 0.64384 0.560975975975976 0.10012 0.37294294294294295
0 0.34648 0.2910810810810811 0.08384000000000001 0.2362162162162162
0 0.78281 0.47483483483483485 0.06154 0.3858258258258258
0 0.30368 0.24201201201201203 0.04772 0.11447447447447447
0 0.07331 0.3686336336336336 0.03918 0.06309309309309309
0 0.84509 0.5422072072072073 0.14826 0.47
