0 0.81234375 0.6829999999999999 0.05971875 0.21950588235294116
0 0.9691015625000001 0.6010941176470588 0.019109375 0.09423529411764704
0 0.9521640625000001 0.5952235294117646 0.017359375 0.08470588235294117
0 0.924453125 0.5982235294117647 0.01459375 0.10025882352941176
0 0.8946250000000001 0.6036941176470587 0.021375 0.07392941176470588
0 0.8523359375 0.5882823529411764 0.008859375000000001 0.032235294117647056
0 0.9899843749999999 0.5823764705882353 0.01184375 0.045741176470588236
0 0.8201171875000001 0.5920470588235294 0.011515625000000002 0.021270588235294114
0 0.18862500000000001 0.6239058823529411 0.019750000000000004 0.02884705882352941
0 0.9758359375000002 0.5755999999999999 0.011234375000000001 0.051670588235294114
0 0.3150390625 0.25502352941176465 0.029046875 0.03597647058823529
