0 0.44828906250000006 0.6235948477751756 0.047984375 0.19552693208430913
0 0.47820312500000006 0.6227868852459016 0.03275 0.19330210772833725
0 0.33980468750000004 0.6279859484777517 0.057421875000000004 0.18163934426229508
0 0.607828125 0.6013583138173303 0.04959375 0.10585480093676816
0 0.242828125 0.6083255269320843 0.028781250000000005 0.18920374707259954
0 0.7035156250000001 0.6107025761124122 0.04628125 0.18594847775175646
0 0.685953125 0.6001639344262295 0.02284375 0.14576112412177986
0 0.4115546875 0.6235948477751756 0.037484375 0.18203747072599533
0 0.307015625 0.6090632318501171 0.03659375 0.1645433255269321
0 0.059375000000000004 0.6132084309133489 0.05071875000000001 0.2073536299765808
0 0.4987734375000001 0.6237822014051523 0.019890625000000002 0.10175644028103045
0 0.26648437500000005 0.6125175644028104 0.034625 0.175480093676815
0 0.0307578125 0.5813700234192037 0.020546875000000003 0.09819672131147542
0 0.10312500000000001 0.5796252927400468 0.203125 0.1053864168618267
