0 0.048380000000000006 0.2644213649851632 0.06420000000000001 0.09020771513353115
0 0.35942 0.5918100890207715 0.17696 0.41667655786350144
0 0.49366 0.5089910979228488 0.12592 0.2014836795252226
0 0.88769 0.5368397626112761 0.11658 0.20928783382789318
0 0.29638 0.20862017804154306 0.04828 0.084540059347181
0 0.83008 0.5801928783382789 0.10152 0.28258160237388724
0 0.36139000000000004 0.24666172106824927 0.05246 0.07575667655786351
0 0.07505 0.21535608308605342 0.01562 0.09813056379821959
0 0.68379 0.5955786350148369 0.25162 0.39406528189910983
0 0.59409 0.5135608308605342 0.11554 0.16913946587537093
