2 0.97003 0.8275999999999999 0.05754 0.12837333333333334
0 0.7445 0.6991999999999999 0.031920000000000004 0.10272
0 0.7997200000000001 0.7859466666666667 0.0792 0.3168533333333333
0 0.97687 0.5676666666666667 0.04366 0.058213333333333325
0 0.98024 0.6720533333333334 0.039520000000000007 0.20917333333333332
0 0.6826599999999999 0.6980666666666666 0.03 0.06173333333333333
0 0.6506000000000001 0.7355466666666666 0.03768 0.12688
0 0.6168 0.7359066666666666 0.02736 0.12109333333333332
0 0.58763 0.7272266666666667 0.01958 0.10485333333333333
0 0.5752 0.7283866666666666 0.019760000000000003 0.09858666666666666
0 0.86251 0.7826000000000001 0.08381999999999999 0.3065866666666667
0 0.90152 0.7400666666666665 0.07556 0.24530666666666665
2 0.8398499999999999 0.85952 0.02534 0.056
0 0.59697 0.7358666666666668 0.021140000000000003 0.10421333333333332
