0 0.2759765625 0.4031666666666666 0.018234375 0.0205
0 0.39222656250000004 0.37745833333333334 0.027359375000000005 0.04629166666666666
0 0.15323437500000003 0.42915625 0.034749999999999996 0.0456875
0 0.147140625 0.3765104166666666 0.0190625 0.028354166666666666
0 0.2610546875 0.3863958333333333 0.011828125000000002 0.020666666666666667
0 0.12639843750000002 0.38228124999999996 0.016390625000000002 0.014645833333333334
0 0.0489140625 0.3358125 0.009671875000000002 0.017541666666666667
0 0.029734375000000004 0.34007291666666667 0.01053125 0.0089375
0 0.14272656250000001 0.3535729166666666 0.006265625 0.0094375
0 0.041359375000000004 0.37747916666666664 0.0198125 0.014875
0 0.288421875 0.3764583333333333 0.0129375 0.014083333333333333
0 0.23653125 0.351 0.00440625 0.007833333333333333
0 0.46807031250000003 0.3316041666666667 0.008546875 0.007375
0 0.5046875000000001 0.35833333333333334 0.9125000000000001 0.1125
