0 0.6483593750000001 0.8908333333333334 0.03659375 0.06082159624413146
0 0.9149296875000001 0.8891197183098591 0.040078125 0.08068075117370892
0 0.8846171875 0.8784154929577466 0.019453125 0.03800469483568075
0 0.1298203125 0.8495657276995304 0.034421875000000005 0.0745774647887324
0 0.0815078125 0.8717253521126761 0.047515625000000006 0.05481220657276996
0 0.509234375 0.886255868544601 0.015218750000000001 0.045938967136150234
0 0.959546875 0.9 0.025437500000000002 0.1056338028169014
0 0.5978828125000001 0.9386384976525822 0.019828125000000002 0.08061032863849767
0 0.685171875 0.9171009389671362 0.024 0.10852112676056337
0 0.23688281250000004 0.8738262910798122 0.016671875 0.025258215962441315
0 0.3704921875 0.8745892018779343 0.018390625 0.0202112676056338
0 0.53390625 0.9300704225352112 0.02459375 0.12305164319248826
0 0.564375 0.9052464788732396 0.040625 0.09053990610328638
0 0.5015625 0.9072769953051644 0.503125 0.1056338028169014
