0 0.8509765625000001 0.5125175644028103 0.011953125000000002 0.0246135831381733
0 0.8220390625 0.514496487119438 0.013953125 0.03423887587822014
0 0.19846875000000003 0.5787822014051522 0.10221875000000001 0.07053864168618267
0 0.037734375 0.5180210772833723 0.0499375 0.10274004683840748
0 0.0945 0.5250117096018736 0.022343750000000002 0.018032786885245903
0 0.208953125 0.5209367681498829 0.0141875 0.021686182669789226
0 0.39120312500000004 0.505831381733021 0.008375 0.005480093676814988
0 0.0956328125 0.5476697892271662 0.017828125 0.015386416861826699
0 0.1768515625 0.5582201405152224 0.027734375000000002 0.03971896955503513
0 0.0191484375 0.5469437939110071 0.023296875 0.048875878220140515
