0 0.4328046875 0.3438200934579439 0.29154687500000004 0.4269859813084112
0 0.7628750000000001 0.28110981308411215 0.08921875000000001 0.33436915887850466
0 0.6428828125000001 0.21962616822429906 0.051484375000000006 0.21967289719626165
0 0.5765703125 0.22148364485981306 0.050953125 0.18553738317757007
0 0.41646874999999994 0.1448714953271028 0.029343750000000002 0.10105140186915887
0 0.8652031250000001 0.27546728971962614 0.05675 0.22794392523364485
0 0.278265625 0.1893341121495327 0.052562500000000005 0.1333878504672897
0 0.27857031250000003 0.10581775700934579 0.03804687500000001 0.1291588785046729
0 0.22326562500000002 0.16299065420560743 0.04540625 0.1338785046728972
0 0.4931640625 0.1570327102803738 0.050734375 0.16079439252336447
0 0.3649609375 0.20468457943925233 0.022546875 0.07170560747663551
0 0.6775234375000001 0.21345794392523362 0.043359375000000006 0.2345327102803738
0 0.5234375 0.20794392523364486 0.946875 0.40654205607476634
