0 0.47672656250000006 0.5842814371257485 0.153640625 0.32808383233532934
0 0.4068828125000001 0.5140868263473054 0.058796875000000005 0.09194610778443114
0 0.7758125000000001 0.5824251497005989 0.068125 0.20520958083832339
0 0.918609375 0.6887574850299402 0.09425 0.3611676646706587
0 0.7233359375 0.5191616766467066 0.03698437500000001 0.08209580838323355
0 0.9481718750000001 0.5022455089820359 0.07387500000000001 0.21347305389221558
0 0.76065625 0.5217814371257485 0.031468750000000004 0.07290419161676648
0 0.1164296875 0.479565868263473 0.03804687500000001 0.13589820359281438
0 0.23025781250000002 0.5038473053892216 0.047703125000000006 0.17326347305389223
0 0.25360156250000004 0.5090269461077845 0.031078125 0.20919161676646708
0 0.554515625 0.5029041916167665 0.036375000000000005 0.16053892215568863
