0 0.41531250000000003 0.49211267605633807 0.20915625000000004 0.9352582159624414
0 0.6011640625000001 0.4977464788732394 0.482734375 0.894131455399061
0 0.928375 0.31104460093896713 0.0778125 0.20537558685446008
0 0.0808984375 0.22066901408450704 0.090734375 0.16312206572769952
0 0.10171875 0.3586267605633803 0.08121875 0.14528169014084508
0 0.056890625 0.3240727699530517 0.041281250000000005 0.09147887323943663
0 0.2999375 0.2835446009389671 0.09696875 0.2864319248826291
0 0.0368125 0.3468779342723005 0.073625 0.19413145539906104
0 0.6012421875 0.2101173708920188 0.085453125 0.14140845070422536
0 0.18450781250000003 0.294037558685446 0.127609375 0.2616431924882629
