0 0.1878671875 0.07765625 0.021109375 0.09902083333333334
0 0.20328906250000003 0.07657291666666667 0.024171875000000002 0.1133125
0 0.9019375000000001 0.09463541666666667 0.023406250000000003 0.09797916666666667
0 0.6240000000000001 0.06759375 0.0249375 0.0645625
0 0.77971875 0.08791666666666667 0.025656250000000005 0.10520833333333333
0 0.22124218750000002 0.09696875 0.023796875000000002 0.0670625
0 0.5825234375 0.08660416666666666 0.018765625 0.07162500000000001
0 0.5390546875000001 0.09995833333333333 0.017953125 0.03620833333333333
0 0.556765625 0.12034375 0.013500000000000002 0.034145833333333334
0 0.8895546875000001 0.09567708333333333 0.011703125000000002 0.05964583333333333
0 0.3635859375 0.08589583333333332 0.022640625 0.049374999999999995
0 0.016648437500000002 0.09671875 0.022640625 0.057187499999999995
0 0.6526953125000001 0.08320833333333333 0.037109375 0.10858333333333332
