0 0.8737812500000001 0.8031988188976378 0.11043750000000002 0.26088582677165356
0 0.9221328125000001 0.7446062992125984 0.026078125000000004 0.11244094488188976
0 0.49171875 0.7186712598425197 0.022343750000000002 0.09151574803149606
0 0.5182734375000001 0.7153248031496062 0.032734375 0.09738188976377952
0 0.9630703125000001 0.7315649606299213 0.026890625 0.07824803149606299
0 0.9858046874999999 0.7237499999999999 0.018703125 0.05639763779527559
0 0.95253125 0.721761811023622 0.01625 0.060885826771653544
0 0.5388828125 0.5986023622047244 0.020296875000000002 0.05618110236220472
0 0.5464140625 0.7151476377952755 0.025546875000000004 0.08348425196850393
0 0.5692343750000001 0.718986220472441 0.027031250000000003 0.08431102362204725
0 0.560109375 0.688001968503937 0.0105625 0.02352362204724409
0 0.416796875 0.7331692913385827 0.03315625 0.0812992125984252
