2 0.629546875 0.8824895833333333 0.26818749999999997 0.21414583333333334
0 0.5873828124999999 0.29334375 0.025859375000000004 0.044270833333333336
0 0.6544765625 0.24321874999999998 0.008484375 0.0180625
0 0.4090390625 0.3003645833333334 0.016640625000000003 0.01627083333333333
0 0.4381875 0.2974791666666667 0.023250000000000003 0.023125
0 0.46743749999999995 0.29635416666666664 0.021500000000000002 0.026375
0 0.559 0.27408333333333335 0.0074062500000000005 0.012541666666666666
0 0.508921875 0.2814375 0.0226875 0.03483333333333333
0 0.43281250000000004 0.24379166666666668 0.005031250000000001 0.009541666666666667
0 0.587015625 0.23276041666666666 0.01003125 0.05027083333333333
