0 0.33892 0.6042705570291776 0.06996 0.08281167108753315
0 0.76591 0.6455039787798409 0.0505 0.13074270557029177
0 0.20773000000000003 0.7130503978779841 0.07542 0.23045092838196285
0 0.73463 0.6231432360742705 0.031420000000000003 0.04549071618037134
0 0.82145 0.6166976127320954 0.026420000000000003 0.04655172413793104
0 0.85104 0.6076259946949601 0.0216 0.05111405835543766
0 0.8705700000000001 0.6320822281167108 0.023420000000000003 0.07450928381962864
0 0.89034 0.6308620689655171 0.02628 0.09291777188328912
0 0.9296600000000002 0.6237533156498674 0.017920000000000002 0.06039787798408488
0 0.97293 0.6103580901856764 0.01858 0.05381962864721485
0 0.79888 0.6321750663129972 0.020640000000000002 0.08413793103448275
0 0.25943 0.6468700265251989 0.03222 0.0363395225464191
0 0.40646 0.63342175066313 0.02912 0.12143236074270557
0 0.721 0.6312997347480106 0.41000000000000003 0.27586206896551724
