0 0.5751643192488264 0.5545859375000001 0.34680751173708924 0.782421875
0 0.1490962441314554 0.7913593750000001 0.1313380281690141 0.12084375000000001
0 0.07584507042253522 0.8002265625 0.1304694835680751 0.191984375
0 0.3125 0.7706484375000001 0.16645539906103285 0.169703125
0 0.7667018779342724 0.6656484375 0.1529342723004695 0.148328125
0 0.35068075117370895 0.764875 0.10704225352112677 0.14296875
0 0.21848591549295776 0.777140625 0.1321830985915493 0.16671875000000003
0 0.2626995305164319 0.6409609375 0.08887323943661972 0.086984375
0 0.5048826291079812 0.9112343749999999 0.2271830985915493 0.1645625
0 0.8561737089201877 0.894375 0.2876525821596244 0.17528125000000003
0 0.8047417840375587 0.56359375 0.056901408450704224 0.03875000000000001
0 0.7869718309859155 0.645421875 0.07845070422535212 0.11859375000000001
0 0.9272652582159624 0.6256875000000001 0.14490610328638498 0.1564375
0 0.49413145539906106 0.7046875 0.9882629107981221 0.3875
