0 0.5335915492957747 0.5482265625 0.7276525821596245 0.570328125
0 0.26512910798122064 0.49553125 0.2410093896713615 0.285625
0 0.3785211267605634 0.286625 0.15868544600938966 0.1819375
0 0.7714201877934272 0.18539062500000003 0.13166666666666668 0.13259375
0 0.6359624413145539 0.3045 0.16093896713615025 0.08712500000000001
0 0.9655751173708921 0.28947656250000003 0.06884976525821596 0.12076562500000002
0 0.47552816901408457 0.26925 0.0649530516431925 0.027750000000000004
0 0.08320422535211268 0.49661718750000006 0.16640845070422536 0.254015625
0 0.593568075117371 0.2702109375 0.07535211267605635 0.078515625
0 0.7501877934272302 0.26812500000000006 0.11755868544600939 0.08990625000000001
0 0.2973591549295775 0.2898046875 0.1245774647887324 0.251921875
