0 0.5270208333333333 0.7090078125 0.369375 0.5585468750000001
0 0.20534375 0.643984375 0.23839583333333333 0.36996875
0 0.6456458333333334 0.5246796875 0.07308333333333333 0.120265625
0 0.6130416666666666 0.459109375 0.025875 0.0269375
0 0.7081979166666666 0.45582812500000003 0.014104166666666666 0.019093750000000003
0 0.0183125 0.47735937500000003 0.021 0.0631875
0 0.010416666666666666 0.5403828125000001 0.020833333333333332 0.069078125
0 0.34541666666666665 0.4543359375 0.01633333333333333 0.019390625
0 0.6090416666666666 0.48061718750000004 0.051583333333333335 0.065546875
0 0.09984375 0.5629375 0.09502083333333333 0.22412500000000002
