0 0.44889843749999997 0.6054479166666665 0.063765625 0.07014583333333334
0 0.604078125 0.6756666666666667 0.09575 0.037375000000000005
0 0.9382578125000001 0.6019270833333333 0.042109375000000004 0.022604166666666665
0 0.30478125 0.559875 0.063625 0.03933333333333333
0 0.2654140625 0.47603124999999996 0.019171875 0.035729166666666666
0 0.40885156250000004 0.4854583333333333 0.012328125 0.058208333333333334
0 0.8225078125000002 0.5088333333333332 0.025203125 0.06345833333333334
0 0.668125 0.47701041666666666 0.01115625 0.04464583333333333
0 0.6128828125000001 0.47961458333333334 0.014359375 0.034895833333333334
0 0.53909375 0.66046875 0.0516875 0.0261875
0 0.36324218750000004 0.48352083333333334 0.010953125000000001 0.014041666666666668
0 0.3797578125 0.45436458333333335 0.010453125 0.04435416666666667
0 0.3917265625 0.46770833333333334 0.017109375 0.029375
0 0.49921875000000004 0.509375 0.9984375000000001 0.24375
