0 0.884609375 0.5247632311977716 0.02059375 0.09454038997214484
0 0.7237265625 0.5000139275766017 0.016046875 0.04587743732590529
0 0.81934375 0.5222980501392759 0.020625 0.08052924791086351
0 0.826671875 0.5226462395543175 0.02865625 0.09866295264623956
0 0.6441953125 0.49639275766016716 0.023890625 0.049387186629526465
0 0.698546875 0.49795264623955426 0.0171875 0.053008356545961005
0 0.538578125 0.5004178272980502 0.00834375 0.015153203342618386
0 0.5065703125000001 0.49717270194986074 0.010671875 0.029721448467966573
0 0.7786796875 0.48733983286908084 0.019359375 0.03913649025069638
0 0.9205156250000001 0.5262952646239554 0.027218750000000003 0.10618384401114206
0 0.45892968749999996 0.4963509749303621 0.017078125 0.039944289693593316
0 0.874421875 0.5252924791086351 0.022218750000000002 0.0962116991643454
0 0.90321875 0.5259888579387186 0.027062500000000003 0.09298050139275767
0 0.7265625 0.5222841225626741 0.484375 0.10306406685236769
