0 0.7530703125 0.6859947183098591 0.028796875 0.085193661971831
0 0.8914609375000002 0.7022975352112676 0.036234375000000006 0.10079225352112677
0 0.6040937500000001 0.7040492957746478 0.0239375 0.0640492957746479
0 0.6716640625000001 0.6927816901408451 0.037015625 0.08605633802816902
0 0.11982031250000001 0.6512588028169014 0.019046875 0.05713028169014085
0 0.6517187500000001 0.7270070422535212 0.037125000000000005 0.10640845070422535
0 0.5812343750000001 0.6522359154929578 0.015625 0.055
0 0.4423984375 0.6857218309859155 0.026421875 0.08454225352112676
0 0.712203125 0.6980281690140846 0.026875 0.07570422535211267
0 0.154734375 0.6695510563380281 0.01646875 0.04234154929577465
0 0.266640625 0.6689700704225353 0.0135625 0.03427816901408451
0 0.3427265625 0.649911971830986 0.017421875 0.04503521126760563
