0 0.57196875 0.32063231850117097 0.8560625000000001 0.5587353629976581
0 0.8808359375000001 0.3033723653395785 0.085453125 0.539344262295082
0 0.58046875 0.22037470725995315 0.09843750000000001 0.43559718969555034
0 0.6536953125 0.22134660421545668 0.09295312500000001 0.43819672131147547
0 0.13825 0.25449648711943795 0.069125 0.20946135831381732
0 0.41142968750000003 0.15210772833723654 0.087609375 0.21882903981264637
0 0.5279609375 0.19517564402810306 0.139484375 0.38426229508196724
0 0.7199453125 0.2292271662763466 0.064421875 0.3365807962529274
0 0.8833671875000001 0.28216627634660424 0.166703125 0.5439578454332553
0 0.6119765625 0.0761943793911007 0.03854687500000001 0.0647072599531616
