0 0.37294 0.7597272727272727 0.16363999999999998 0.37358441558441563
0 0.15243 0.7761688311688312 0.13858 0.35368831168831166
0 0.25456 0.6435064935064935 0.07604000000000001 0.1251948051948052
0 0.09837000000000001 0.6825584415584416 0.0727 0.18527272727272726
0 0.015 0.6387922077922078 0.025 0.10054545454545455
0 0.29484999999999995 0.6142337662337662 0.03566 0.060000000000000005
0 0.044129999999999996 0.6972597402597402 0.08194 0.22646753246753246
0 0.19731 0.6468571428571428 0.04358 0.06841558441558442
0 0.27638 0.6328051948051948 0.047240000000000004 0.09090909090909091
0 0.8200799999999999 0.6401298701298701 0.03012 0.03911688311688312
