0 0.8468828125000001 0.5179834905660378 0.30623437500000006 0.9415801886792453
0 0.1779609375 0.4949174528301887 0.355921875 0.9819575471698113
0 0.7206875 0.3952712264150943 0.31334375000000003 0.5720518867924529
0 0.5145859375 0.31101415094339624 0.09635937500000001 0.3128301886792452
0 0.608609375 0.3197405660377358 0.06734375000000001 0.328066037735849
0 0.56478125 0.32099056603773585 0.07328125 0.3141509433962264
0 0.4517578125 0.2625707547169811 0.041796875000000004 0.1859433962264151
0 0.353578125 0.5303301886792453 0.21884375 0.7685377358490566
0 0.6251953125 0.2350943396226415 0.034703125 0.10023584905660377
0 0.8858046875 0.3679716981132075 0.035484375000000005 0.1064622641509434
0 0.79609375 0.19601415094339622 0.047906250000000004 0.0914622641509434
