0 0.7142604166666667 0.5196640625000001 0.5646875 0.632328125
0 0.53153125 0.416671875 0.1861875 0.27703125
0 0.5976666666666667 0.2525859375 0.18495833333333334 0.362015625
0 0.3056145833333333 0.2792109375 0.17377083333333332 0.435953125
0 0.08161458333333332 0.13273437500000002 0.16322916666666665 0.26262500000000005
0 0.19296875 0.6252031250000001 0.38547916666666665 0.7495937500000001
0 0.7940729166666667 0.19197656250000003 0.1744375 0.27192187500000004
0 0.33630208333333333 0.94125 0.21143749999999997 0.11750000000000001
0 0.5213541666666667 0.8 0.40149999999999997 0.37303125000000004
0 0.5776145833333333 0.5232890625 0.17089583333333333 0.15204687500000003
0 0.9640729166666666 0.3116875 0.07185416666666666 0.08831250000000002
0 0.841125 0.6735234375000001 0.31775000000000003 0.6265468750000001
