0 0.2871171875 0.3910070257611241 0.232390625 0.7011241217798595
0 0.42812500000000003 0.3911475409836066 0.16775 0.4783138173302108
0 0.72340625 0.3730444964871194 0.21140625000000002 0.6966276346604215
0 0.06896875000000001 0.5505620608899298 0.13493750000000002 0.37751756440281026
0 0.8893984375000001 0.38359484777517566 0.042171875 0.06259953161592506
0 0.8351484375 0.4970725995316159 0.062578125 0.260655737704918
0 0.9323984375000001 0.4042740046838407 0.058171875 0.09744730679156909
0 0.12067187500000001 0.41586651053864165 0.09831250000000001 0.1446135831381733
0 0.0154375 0.39290398126463694 0.0303125 0.10365339578454331
0 0.0326484375 0.317248243559719 0.018203125 0.049531615925058545
0 0.8604531250000002 0.37756440281030446 0.02640625 0.06243559718969555
0 0.57159375 0.3866510538641686 0.13968750000000002 0.49676814988290396
