0 0.109796875 0.20495833333333335 0.21959375 0.4076666666666667
0 0.6424921875 0.12020833333333332 0.113421875 0.23249999999999998
0 0.9569218750000001 0.05855208333333333 0.08615625 0.10585416666666667
0 0.1515703125 0.05283333333333333 0.099421875 0.10404166666666666
0 0.0804921875 0.36037500000000006 0.160984375 0.2522083333333333
0 0.0733359375 0.04901041666666666 0.060453124999999996 0.09672916666666667
0 0.8240390625 0.018510416666666665 0.036453124999999996 0.035895833333333335
0 0.8788828125000001 0.02403125 0.032859375 0.04597916666666667
0 0.9037890625 0.02297916666666667 0.025171875 0.043250000000000004
0 0.7918437500000001 0.01975 0.018343750000000002 0.027166666666666665
