0 0.16348437500000002 0.49663541666666666 0.10787500000000001 0.5483125
0 0.22683593750000003 0.4355104166666667 0.071171875 0.4003125
0 0.33474218750000007 0.39649999999999996 0.046734375 0.15354166666666666
0 0.29475 0.3603020833333333 0.019750000000000004 0.06377083333333333
0 0.30882031249999997 0.3360520833333333 0.008234375 0.0314375
0 0.4350078125000001 0.5216354166666667 0.075890625 0.4443125
0 0.31760156250000005 0.35403125 0.013859375 0.0384375
0 0.264671875 0.4318125 0.02559375 0.07979166666666666
0 0.3281484375 0.33740625 0.009765625 0.02314583333333333
0 0.0210703125 0.7101145833333333 0.042140625 0.5573125
0 0.20454687500000002 0.49416666666666664 0.07237500000000001 0.41170833333333334
