0 0.66665625 0.48263541666666665 0.021375 0.06710416666666667
0 0.6980000000000001 0.481 0.025718750000000002 0.068875
0 0.853765625 0.51621875 0.02040625 0.04777083333333333
0 0.7243359375 0.4927916666666667 0.032453125 0.06883333333333333
0 0.8167578125000001 0.48021874999999997 0.015171875000000001 0.021979166666666668
0 0.7818125 0.4816875 0.008906250000000001 0.020958333333333336
0 0.771421875 0.5040208333333334 0.01140625 0.03354166666666667
0 0.5922499999999999 0.45210416666666664 0.04359375 0.07966666666666666
0 0.84396875 0.5084270833333333 0.0158125 0.06089583333333334
0 0.8043984375 0.5143854166666667 0.009921875 0.029895833333333333
0 0.7791171875 0.5103958333333334 0.018203125 0.027416666666666666
0 0.807 0.48963541666666666 0.01115625 0.0203125
0 0.654390625 0.47589583333333335 0.01334375 0.077625
0 0.72265625 0.5479166666666666 0.2828125 0.175
