0 0.6012421875 0.43566901408450703 0.039515625 0.09809859154929577
0 0.78809375 0.4495539906103287 0.02584375 0.049248826291079816
0 0.8729140625000001 0.45868544600938965 0.040453125000000006 0.03056338028169014
0 0.7261093750000001 0.39638497652582155 0.02528125 0.028028169014084506
0 0.329515625 0.3962441314553991 0.01653125 0.040469483568075115
0 0.287015625 0.4196478873239437 0.03821875 0.0539906103286385
0 0.236046875 0.425093896713615 0.03290625 0.05671361502347418
0 0.6701718750000001 0.439037558685446 0.018750000000000003 0.03539906103286385
0 0.052078125 0.471924882629108 0.02784375 0.04723004694835681
0 0.16107031250000003 0.413274647887324 0.024203125000000002 0.05471830985915493
0 0.8697343750000001 0.38473004694835683 0.02371875 0.03471830985915493
0 0.4129296875 0.4291079812206573 0.014734375000000001 0.06201877934272301
0 0.2497578125 0.40078638497652586 0.014515624999999999 0.022136150234741785
0 0.2390625 0.40492957746478875 0.403125 0.025821596244131457
