0 0.497765625 0.49550351288056205 0.18590625000000002 0.5820140515222483
0 0.6091640625000001 0.13298594847775175 0.044390625 0.2659718969555035
0 0.028289062499999997 0.12255269320843093 0.052921875 0.23245901639344263
0 0.7204140625000001 0.19325526932084308 0.15742187500000002 0.38651053864168616
0 0.0922109375 0.14269320843091335 0.112453125 0.28088992974238874
0 0.48225000000000007 0.1537822014051522 0.079625 0.138711943793911
0 0.8381953125000001 0.1443911007025761 0.083890625 0.2887822014051522
0 0.5213984375 0.13062060889929744 0.090609375 0.1871896955503513
0 0.6351328125000001 0.13247072599531615 0.032921875 0.2649414519906323
0 0.4297500000000001 0.11234192037470726 0.08146875 0.2227166276346604
0 0.49065625 0.06640515222482436 0.07009375 0.12199063231850119
