0 0.6375754060324826 0.5706093750000001 0.05881670533642692 0.07900000000000001
0 0.6330742459396752 0.52390625 0.046612529002320185 0.029249999999999998
0 0.5930626450116009 0.4594765625 0.049095127610208816 0.058984375000000006
0 0.41103248259860786 0.5529140625 0.055568445475638044 0.07292187500000001
0 0.48468677494199536 0.691375 0.07754060324825986 0.045562500000000006
0 0.49490719257540605 0.8641093750000002 0.10874709976798143 0.12287500000000001
0 0.42317865429234336 0.669046875 0.07832946635730857 0.09393750000000001
0 0.38220417633410675 0.6357890625 0.07712296983758701 0.076390625
0 0.34120649651972157 0.460140625 0.045475638051044084 0.02584375
0 0.3681670533642691 0.43612500000000004 0.03935034802784223 0.029468750000000002
0 0.39791183294663574 0.45297656250000007 0.040092807424593965 0.029453125000000004
0 0.7907772621809744 0.746890625 0.0948259860788863 0.11665625
0 0.34725058004640375 0.6034453125000001 0.05923433874709977 0.06810937500000001
0 0.5754060324825986 0.57578125 0.5986078886310905 0.7078125000000001
