0 0.2428828125 0.7344895833333334 0.06967187500000001 0.22972916666666665
0 0.5542265625 0.7584479166666667 0.073234375 0.18739583333333334
0 0.7064921875 0.7252708333333333 0.043640625 0.2323333333333333
0 0.7512421875 0.9681770833333333 0.049171875000000004 0.06364583333333333
0 0.3333359375 0.3093333333333333 0.014328125 0.028833333333333332
0 0.47339843750000005 0.21111458333333336 0.011078125000000001 0.014187499999999999
0 0.6213359375 0.21758333333333332 0.009609375000000002 0.015416666666666667
0 0.6903359375 0.48802083333333335 0.028609375 0.11345833333333333
0 0.8575234374999999 0.16101041666666666 0.011015625000000001 0.03610416666666666
0 0.9221171875 0.16462500000000002 0.007390625000000001 0.013
0 0.2908671875 0.42859375 0.017421875 0.07264583333333333
0 0.1619921875 0.30245833333333333 0.012953125 0.03483333333333333
0 0.46268750000000003 0.6895104166666666 0.07128125 0.2143958333333333
0 0.5 0.203125 0.9968750000000001 0.3229166666666667
