2 0.044078125 0.6033541666666666 0.08815625 0.108625
2 0.3871328125 0.47369791666666666 0.112328125 0.15064583333333334
2 0.30398437500000003 0.4517291666666666 0.07275000000000001 0.199125
2 0.40131249999999996 0.08216666666666667 0.04178125 0.09216666666666667
2 0.356484375 0.12242708333333334 0.0286875 0.05027083333333333
0 0.21491406250000003 0.4136666666666667 0.18920312500000003 0.32225000000000004
0 0.6193828125 0.3802291666666666 0.19382812500000002 0.298875
0 0.02690625 0.13027083333333334 0.0538125 0.07845833333333332
0 0.13525 0.017947916666666668 0.02890625 0.035895833333333335
0 0.4802187500000001 0.12792708333333333 0.034875 0.0469375
2 0.32975 0.11209374999999999 0.017906250000000002 0.039562499999999994
