0 0.8543046875 0.13499999999999998 0.062796875 0.267096018735363
0 0.5117578125000001 0.6539578454332553 0.26692187500000003 0.38908665105386414
0 0.5360234375 0.16985948477751756 0.04220312500000001 0.18749414519906324
0 0.2553515625 0.2197072599531616 0.05857812500000001 0.1969320843091335
0 0.3085625 0.22262295081967215 0.00940625 0.011756440281030444
0 0.18741406250000003 0.21235362997658078 0.026984375 0.05168618266978923
0 0.7694531250000001 0.10879391100702576 0.05834375000000001 0.10414519906323184
0 0.20928125 0.22423887587822014 0.021531250000000002 0.02388758782201405
0 0.61178125 0.1804918032786885 0.03259375 0.07288056206088993
0 0.78884375 0.07010538641686183 0.028999999999999998 0.09327868852459016
0 0.6510312500000001 0.17590163934426228 0.03809375 0.09081967213114754
0 0.17389062500000002 0.2309016393442623 0.017625 0.025831381733021075
0 0.589734375 0.15756440281030445 0.06503125 0.1805152224824356
0 0.49921875000000004 0.18735362997658078 0.9984375000000001 0.34192037470725994
