0 0.5005625 0.6153541666666666 0.26628124999999997 0.4674166666666667
0 0.335046875 0.6895104166666666 0.1790625 0.29193749999999996
0 0.17696875 0.6348333333333332 0.23259375000000004 0.38875
0 0.12074218750000001 0.36108333333333337 0.077640625 0.1325
0 0.116375 0.20054166666666667 0.05825 0.132625
0 0.7022890625 0.37154166666666666 0.08404687500000001 0.09454166666666668
0 0.19209375 0.27721875 0.08034375 0.16714583333333333
0 0.2398515625 0.19001041666666665 0.059765625 0.09114583333333333
0 0.34816406250000004 0.3619895833333333 0.079578125 0.12368749999999999
0 0.4055234375 0.3647708333333333 0.04120312500000001 0.08770833333333333
0 0.061937500000000006 0.3140833333333333 0.07078125 0.108
0 0.026968750000000003 0.27060416666666665 0.053625000000000006 0.12291666666666666
0 0.5289843750000001 0.34542708333333333 0.06584375 0.1149375
0 0.49921875000000004 0.21979166666666666 0.9984375000000001 0.4395833333333333
