0 0.12578125 0.7528088578088578 0.24553124999999998 0.4719114219114219
0 0.7019453125 0.5123543123543124 0.06929687500000001 0.18876456876456876
0 0.34030468750000004 0.5864219114219114 0.070484375 0.29214452214452213
0 0.7379453125000001 0.7435081585081585 0.153296875 0.48878787878787877
0 0.9315625 0.7078671328671328 0.136875 0.5617948717948718
0 0.6329453125 0.719965034965035 0.11429687500000002 0.5600699300699301
0 0.7727187500000001 0.416002331002331 0.06065625 0.2139160839160839
0 0.6672500000000001 0.3616317016317016 0.03471875 0.1247086247086247
0 0.8851562500000001 0.32855477855477855 0.0233125 0.064009324009324
0 0.375625 0.776946386946387 0.12515625 0.4414452214452214
0 0.25621875000000005 0.7814219114219114 0.10903125000000001 0.4347785547785548
0 0.13834375 0.3424358974358974 0.03590625 0.12650349650349652
0 0.30075781250000005 0.5827156177156178 0.058671875 0.25009324009324013
0 0.49921875000000004 0.4696969696969697 0.9984375000000001 0.9393939393939394
