2 0.46060416666666665 0.7602109375000001 0.25320833333333337 0.211671875
0 0.38134375000000004 0.44722656250000004 0.39427083333333335 0.44204687500000006
0 0.5370625 0.275109375 0.286125 0.32815625000000004
0 0.8146041666666667 0.3808984375 0.37079166666666663 0.761796875
0 0.030260416666666668 0.22103124999999998 0.0591875 0.16378125
0 0.02296875 0.16196875000000002 0.0163125 0.021125
0 0.11398958333333334 0.2219453125 0.0550625 0.142265625
0 0.178875 0.2066484375 0.040749999999999995 0.101859375
0 0.32529166666666665 0.20087500000000003 0.04820833333333333 0.11512500000000002
0 0.38697916666666665 0.20710156250000003 0.04675 0.09467187500000002
0 0.14936458333333333 0.21915625 0.029520833333333333 0.09384375
0 0.03204166666666667 0.24935937500000002 0.06283333333333334 0.1520625
0 0.28634375 0.2102734375 0.03860416666666667 0.106609375
0 0.328125 0.19140625 0.26458333333333334 0.1234375
