0 0.20068 0.4527717391304348 0.07092 0.37092391304347827
0 0.26203 0.5149728260869565 0.0993 0.3647282608695652
0 0.36645 0.4754347826086956 0.12886000000000003 0.5096195652173913
0 0.6748 0.29887228260869564 0.056240000000000005 0.2022554347826087
0 0.67933 0.6014945652173913 0.26210000000000006 0.5214673913043478
0 0.49866000000000005 0.5337092391304348 0.09096 0.4247010869565217
0 0.9326300000000001 0.5468885869565218 0.13474 0.6544836956521739
0 0.729 0.5252989130434782 0.13016 0.5672826086956522
0 0.26961 0.3400679347826087 0.09902 0.15866847826086955
0 0.23171 0.3237364130434783 0.025660000000000002 0.04779891304347826
