0 0.869125 0.6818140589569162 0.05884375 0.2546031746031746
0 0.701296875 0.7201360544217686 0.0738125 0.312562358276644
0 0.925234375 0.6916893424036281 0.06503125 0.233718820861678
0 0.9563203124999999 0.6146485260770975 0.025734375 0.15319727891156462
0 0.9067968750000001 0.5825396825396825 0.014875 0.049886621315192746
0 0.8870312499999999 0.5966780045351474 0.021593750000000002 0.05798185941043084
0 0.484703125 0.567278911564626 0.07009375 0.13206349206349208
0 0.9413515625 0.5817346938775511 0.022015625 0.06768707482993198
0 0.8937265625 0.5850566893424036 0.017296875 0.06471655328798186
0 0.8369062500000001 0.6410317460317461 0.017781250000000002 0.10260770975056689
0 0.8744296875 0.5682879818594104 0.014109375 0.033990929705215424
0 0.9139453125 0.5634467120181406 0.016859375 0.021723356009070296
