0 0.39612 0.77252 0.07264 0.24098666666666668
0 0.59342 0.7527333333333334 0.1086 0.22786666666666666
0 0.46488 0.8113199999999999 0.08272 0.15234666666666666
0 0.44772999999999996 0.5729599999999999 0.04154 0.11402666666666665
0 0.11331000000000001 0.6189466666666666 0.04286 0.15165333333333333
0 0.37909 0.5886266666666666 0.05318 0.1212
0 0.16545 0.6063466666666666 0.032740000000000005 0.13914666666666667
0 0.41807 0.57316 0.03854 0.13714666666666667
0 0.5738500000000001 0.4410933333333333 0.0297 0.08048
0 0.5703100000000001 0.29630666666666666 0.0347 0.10946666666666666
0 0.36048 0.26565333333333335 0.03644 0.11792
0 0.50129 0.33964 0.038380000000000004 0.07005333333333333
0 0.10676 0.31407999999999997 0.046759999999999996 0.08474666666666666
0 0.5 0.372 0.996 0.6586666666666666
