0 0.54354 0.19438666666666665 0.10956 0.27192
0 0.78527 0.64212 0.42946 0.7157600000000001
0 0.6225400000000001 0.41319999999999996 0.17392 0.3056
0 0.60727 0.28790666666666664 0.18630000000000002 0.27698666666666666
0 0.73168 0.23725333333333332 0.20408 0.2533333333333333
0 0.8168500000000001 0.25281333333333333 0.3663 0.39325333333333334
0 0.37484 0.28484 0.14312 0.36434666666666665
0 0.27265 0.38510666666666665 0.17954 0.49666666666666665
0 0.21084 0.49058666666666667 0.37112 0.4957866666666666
0 0.7082200000000001 0.37544000000000005 0.23988 0.28757333333333335
0 0.50141 0.3707866666666666 0.10618000000000001 0.15730666666666668
