0 0.36994531250000007 0.6832916666666667 0.44664062500000007 0.60225
0 0.6339140625 0.7776874999999999 0.141765625 0.37749999999999995
0 0.5597109375000001 0.70859375 0.04585937500000001 0.1330625
0 0.151203125 0.7292395833333333 0.013031250000000001 0.056812499999999995
0 0.11994531250000001 0.7220520833333334 0.036234375000000006 0.14239583333333333
0 0.893796875 0.62246875 0.016375 0.0681875
0 0.70821875 0.69740625 0.027531250000000004 0.10302083333333334
0 0.6145234375 0.7323229166666667 0.021390625 0.0634375
0 0.0853046875 0.7268437500000001 0.013796875 0.059770833333333336
0 0.17572656250000002 0.7337916666666666 0.015359375000000001 0.05266666666666667
0 0.093015625 0.7293333333333333 0.014156250000000002 0.058916666666666666
0 0.5176328125 0.7317708333333334 0.007203125000000001 0.013916666666666666
0 0.05936718750000001 0.7210104166666667 0.041078125 0.11389583333333334
0 0.39375000000000004 0.6677083333333333 0.7875000000000001 0.19375
