0 0.330671875 0.4006145833333334 0.06565625000000001 0.3449375
0 0.8421328124999999 0.3976145833333333 0.06185937500000001 0.2595208333333333
0 0.9496640625 0.4085625 0.09267187500000001 0.24629166666666666
0 0.6643984375 0.39004166666666673 0.054296875 0.23091666666666666
0 0.5531874999999999 0.4005208333333333 0.04853125 0.24029166666666668
0 0.7737265625 0.41914583333333333 0.033265625 0.18375
0 0.0338203125 0.4073645833333333 0.012015625000000002 0.0369375
0 0.09815625 0.40893749999999995 0.01540625 0.04666666666666666
0 0.5076484375000001 0.3872291666666667 0.012609375 0.032375
0 0.12128125000000001 0.4401145833333333 0.02559375 0.06785416666666666
0 0.009914062500000001 0.39728125 0.009734375000000002 0.027520833333333335
