0 0.4938203125 0.5955104166666667 0.15504687500000003 0.5078541666666667
0 0.295234375 0.3792083333333333 0.05853125000000001 0.08183333333333334
0 0.19834375 0.45801041666666664 0.08937500000000001 0.0788125
0 0.1431875 0.23638541666666668 0.07659375000000002 0.1379375
0 0.0685859375 0.08336458333333334 0.046046875 0.1664375
0 0.7193046875000001 0.43120833333333336 0.081828125 0.120375
0 0.884765625 0.47239583333333335 0.08203125 0.07575
0 0.3203984375 0.4652395833333333 0.059359375000000006 0.06464583333333333
0 0.7339921875000001 0.4719166666666666 0.082578125 0.07191666666666667
0 0.9531171875000001 0.23002083333333334 0.062234375 0.11866666666666667
0 0.35292187500000005 0.37567708333333333 0.061625 0.09297916666666667
0 0.48139062500000007 0.3716666666666666 0.0536875 0.09720833333333333
0 0.9858671875000001 0.47279166666666667 0.028046875 0.08216666666666667
0 0.5625 0.3770833333333333 0.07187500000000001 0.25416666666666665
