0 0.03803125 0.6921545667447307 0.036375000000000005 0.07850117096018736
0 0.379734375 0.30674473067915686 0.0248125 0.03892271662763466
0 0.40485156250000004 0.30727166276346607 0.024859375000000003 0.04428571428571429
0 0.24626562500000004 0.7117213114754097 0.023000000000000003 0.09285714285714286
0 0.2615234375 0.7231147540983606 0.019546875000000002 0.11597189695550351
0 0.9006875000000001 0.6324707259953162 0.029125 0.03028103044496487
0 0.9485000000000001 0.6296370023419203 0.013093750000000001 0.033747072599531615
0 0.502671875 0.306768149882904 0.036125000000000004 0.04243559718969555
0 0.9589531250000001 0.6321545667447307 0.015875 0.024028103044496485
0 0.227140625 0.7035948477751757 0.0201875 0.0440983606557377
0 0.265421875 0.6935480093676815 0.01165625 0.019976580796252925
0 0.40351562500000004 0.5935597189695551 0.06753125 0.12117096018735364
