0 0.9483125000000001 0.38202083333333337 0.103375 0.32358333333333333
0 0.44003125000000004 0.60953125 0.16481250000000003 0.7387708333333334
0 0.3176953125 0.32809374999999996 0.062359374999999995 0.22022916666666664
0 0.8081562500000001 0.4773645833333333 0.16962500000000003 0.5191875
0 0.082859375 0.2437708333333333 0.02046875 0.04070833333333333
0 0.604734375 0.5 0.15878125 0.5878333333333334
0 0.25741406250000004 0.6160520833333333 0.288890625 0.7678958333333332
0 0.11608593750000001 0.4267083333333333 0.135859375 0.46458333333333335
0 0.5087499999999999 0.38569791666666664 0.06078125 0.26597916666666666
0 0.043671875 0.33841666666666664 0.0505 0.2175
0 0.2919296875 0.3156041666666667 0.043984375 0.17475
0 0.019843750000000004 0.28317708333333336 0.035562500000000004 0.10235416666666668
0 0.1918203125 0.27388541666666666 0.05795312500000001 0.13927083333333332
0 0.13515625 0.30625 0.2671875 0.19583333333333333
