0 0.395140625 0.28046875 0.32175 0.5585208333333332
0 0.6111640625 0.11306250000000001 0.10895312500000001 0.22612500000000002
0 0.8990859375 0.05892708333333333 0.070359375 0.11785416666666666
0 0.42460156250000003 0.15610416666666665 0.067453125 0.042333333333333334
0 0.2008828125 0.11736458333333331 0.09848437500000001 0.17527083333333332
0 0.9592968749999999 0.07780208333333333 0.08140625000000001 0.15410416666666665
0 0.22218749999999998 0.06979166666666667 0.06521875 0.09525
0 0.8560234375000001 0.05673958333333333 0.033203125 0.11310416666666666
0 0.7201484375 0.06346875 0.098671875 0.12514583333333335
0 0.03259375 0.20298958333333333 0.0651875 0.10172916666666666
