0 0.482609375 0.5978541666666666 0.03540625 0.046375
0 0.1911484375 0.6142395833333333 0.053515625000000004 0.2029375
0 0.2522421875 0.6167916666666666 0.052640624999999996 0.22470833333333332
0 0.8657734375000001 0.6389166666666667 0.083890625 0.3333333333333333
0 0.6933750000000001 0.7116145833333333 0.05034375 0.21747916666666667
0 0.460796875 0.62884375 0.056281250000000005 0.15097916666666666
0 0.52240625 0.6264583333333333 0.068625 0.111125
0 0.36268750000000005 0.544375 0.021781250000000002 0.10841666666666666
0 0.3996328125 0.5448124999999999 0.037015625 0.104375
0 0.43855468750000004 0.5463125 0.027453125000000002 0.109
0 0.14682031250000002 0.5997083333333334 0.053328125000000004 0.18095833333333333
0 0.5388828125 0.5651145833333333 0.046234375 0.15202083333333333
0 0.064625 0.5787083333333334 0.0329375 0.14354166666666668
0 0.28125 0.5645833333333333 0.47500000000000003 0.3208333333333333
