0 0.827921875 0.8755957943925233 0.03184375 0.13824766355140186
0 0.9358750000000001 0.8513901869158877 0.0303125 0.10820093457943925
0 0.7565078125000001 0.8362967289719626 0.018328125 0.021985981308411215
0 0.8493593750000001 0.8748130841121494 0.01915625 0.049439252336448594
0 0.782515625 0.8182476635514019 0.01165625 0.04747663551401869
0 0.7576406250000001 0.8088551401869158 0.00509375 0.02116822429906542
0 0.6215625 0.8294275700934579 0.0075625 0.02661214953271028
0 0.503796875 0.8168457943925233 0.015437500000000002 0.012056074766355139
0 0.9672578125 0.8089953271028036 0.013453125 0.02191588785046729
0 0.77125 0.8169042056074766 0.014281250000000002 0.050350467289719626
0 0.9120234374999999 0.8737383177570094 0.025546875000000004 0.06883177570093457
0 0.050671875000000005 0.8129088785046729 0.00828125 0.02385514018691589
0 0.024125 0.8122663551401869 0.006500000000000001 0.024626168224299062
0 0.5125000000000001 0.8037383177570093 0.96875 0.05607476635514018
