0 0.53378125 0.8023120728929384 0.05378125 0.2930979498861047
0 0.40867968750000006 0.7588496583143507 0.069953125 0.28325740318906606
0 0.351 0.6845899772209567 0.09375 0.23965831435079724
0 0.4772578125 0.1801025056947608 0.041609375000000004 0.05355353075170843
0 0.07942968750000001 0.5910364464692484 0.073484375 0.22198177676537584
0 0.48983593750000004 0.4494646924829157 0.063734375 0.22498861047835989
0 0.5473671875 0.5377107061503417 0.078015625 0.22958997722095673
0 0.5705078125 0.6570615034168564 0.079671875 0.25170842824601364
0 0.9375703125 0.7090205011389521 0.06576562500000001 0.2695216400911161
0 0.23968749999999997 0.5970273348519363 0.07309375 0.20685649202733486
0 0.7210937500000001 0.36826879271070617 0.047656250000000004 0.13776765375854214
0 0.384140625 0.39125284738041005 0.07087500000000001 0.19585421412300683
0 0.5874843750000001 0.5520842824601366 0.08115625 0.26863325740318905
0 0.5015625 0.23234624145785876 0.99375 0.4646924829157175
