2 0.32839843750000003 0.6863597430406854 0.06929687500000001 0.06770877944325482
0 0.4247734375000001 0.7459207708779443 0.260515625 0.2601927194860814
0 0.4039140625 0.7227194860813706 0.183234375 0.21027837259100643
0 0.388515625 0.6482869379014989 0.06596875 0.13177730192719486
0 0.31425000000000003 0.6208351177730194 0.029875000000000002 0.0987152034261242
0 0.1509375 0.6859635974304069 0.0546875 0.09282655246252677
0 0.1935859375 0.681338329764454 0.035390625 0.07762312633832977
0 0.0952421875 0.6968308351177731 0.054359375 0.08505353319057816
0 0.7672265625000001 0.6595074946466809 0.069453125 0.10877944325481799
0 0.0526640625 0.642676659528908 0.031046875 0.09477516059957174
0 0.8376484375 0.659914346895075 0.06420312500000001 0.07049250535331907
0 0.9061171875 0.6531156316916489 0.03282812500000001 0.07646680942184154
0 0.671453125 0.752558886509636 0.08737500000000001 0.1775374732334047
0 0.10439062500000001 0.6288329764453963 0.017 0.05406852248394005
0 0.484375 0.6188436830835118 0.953125 0.25267665952890794
