0 0.34815625000000006 0.4633020833333333 0.51509375 0.7382708333333333
0 0.5835078125000001 0.2165208333333333 0.07532812500000001 0.3389583333333333
0 0.9676171875 0.2573020833333333 0.06476562500000001 0.3219375
0 0.8639609374999999 0.25867708333333334 0.09195312500000001 0.34143749999999995
0 0.8036796875000001 0.254125 0.061578125 0.3295833333333333
0 0.6695859375000001 0.22691666666666663 0.08529687500000001 0.3179166666666666
0 0.52584375 0.3442604166666667 0.060687500000000005 0.17752083333333332
0 0.4383359375 0.10494791666666667 0.075609375 0.09810416666666667
0 0.7432578125 0.23145833333333332 0.091015625 0.29662499999999997
0 0.0332890625 0.23406249999999998 0.048015625000000006 0.28804166666666664
0 0.1231015625 0.09037499999999998 0.069953125 0.098875
0 0.1949765625 0.17763541666666666 0.068171875 0.1519375
0 0.94959375 0.19887500000000002 0.044625 0.226375
0 0.46718750000000003 0.24687499999999998 0.9343750000000001 0.46041666666666664
