0 0.38378 0.7190266666666666 0.05996 0.21810666666666667
0 0.05783 0.45905333333333337 0.059140000000000005 0.13448
0 0.63739 0.4126933333333333 0.02894 0.10938666666666667
0 0.8063400000000001 0.5391733333333333 0.04596 0.16896
0 0.8968100000000001 0.44998666666666665 0.03574 0.12104
0 0.25854 0.7509333333333333 0.1008 0.22117333333333333
0 0.62109 0.92804 0.08922000000000001 0.14264
0 0.5891799999999999 0.19992 0.01724 0.0488
0 0.49634999999999996 0.92248 0.1163 0.13258666666666666
0 0.41236 0.19049333333333332 0.014400000000000001 0.05757333333333333
0 0.04048 0.29868 0.02432 0.07858666666666667
0 0.43104000000000003 0.19016 0.01532 0.060906666666666665
