0 0.18333593750000002 0.5639812646370024 0.10001562500000001 0.43227166276346607
0 0.2569140625 0.4836768149882904 0.037046875 0.11105386416861827
0 0.7067578125 0.44833723653395785 0.009328125 0.041170960187353625
0 0.6910468750000001 0.4501873536299766 0.013875000000000002 0.033067915690866506
0 0.6729453125 0.44319672131147536 0.009234375000000001 0.032857142857142856
0 0.6480625 0.44540983606557377 0.010000000000000002 0.03386416861826698
0 0.63046875 0.45765807962529276 0.017499999999999998 0.05793911007025761
0 0.6077421875000001 0.45618266978922717 0.015953125000000002 0.05826697892271662
0 0.5430234375 0.452400468384075 0.014828125000000001 0.060398126463700234
0 0.8924843750000001 0.5456440281030445 0.06015625 0.02782201405152225
0 0.070359375 0.46263466042154566 0.014781250000000003 0.019789227166276346
0 0.4391875 0.5005152224824356 0.057499999999999996 0.15859484777517563
0 0.0826015625 0.46362997658079624 0.010421875 0.01953161592505855
0 0.5 0.468384074941452 0.9750000000000001 0.1920374707259953
