0 0.8769374999999999 0.9346458333333333 0.04353125 0.13070833333333334
0 0.5378828125 0.8881354166666666 0.17679687500000002 0.22239583333333332
0 0.13034374999999998 0.8805833333333334 0.14525 0.23883333333333334
0 0.29353125 0.8795 0.17371875000000003 0.24100000000000002
0 0.379515625 0.8868541666666666 0.049875 0.22399999999999998
0 0.45584375000000005 0.9280104166666667 0.0423125 0.13710416666666667
0 0.42594531249999995 0.9303229166666667 0.025671875 0.0930625
0 0.6706093750000001 0.9080625 0.05665625 0.07554166666666666
0 0.21716406249999998 0.8614479166666666 0.036421875 0.11306250000000001
0 0.8868749999999999 0.8515104166666667 0.0314375 0.0640625
0 0.614484375 0.8774791666666667 0.040843750000000005 0.13366666666666666
0 0.7650937500000001 0.9107916666666667 0.040406250000000005 0.06949999999999999
0 0.656421875 0.8478125 0.03509375 0.10162500000000001
0 0.5015625 0.8854166666666666 0.99375 0.17916666666666667
