0 0.324453125 0.5928220140515222 0.04340625000000001 0.07590163934426229
0 0.5862265625000002 0.6955035128805621 0.25789062500000004 0.5236065573770492
0 0.8634375000000001 0.5925292740046838 0.0144375 0.03423887587822014
0 0.349671875 0.5974238875878221 0.0140625 0.030725995316159247
0 0.7466015625 0.5661943793911006 0.008296875 0.02358313817330211
0 0.80915625 0.5647892271662763 0.00665625 0.026955503512880563
0 0.9001953125000001 0.560480093676815 0.007484375000000001 0.02597189695550351
0 0.9279999999999999 0.5594028103044497 0.01334375 0.03098360655737705
0 0.636625 0.5867564402810305 0.00834375 0.026580796252927398
0 0.9189453125 0.5597423887587821 0.007859375 0.027259953161592507
0 0.418625 0.48515222482435594 0.0021562499999999997 0.008384074941451991
0 0.6442890625000001 0.5611943793911007 0.006015625 0.020140515222482436
0 0.5734375 0.49414519906323184 0.83125 0.2576112412177986
