0 0.05811458333333333 0.7573593750000001 0.07314583333333333 0.12584375
0 0.5697187499999999 0.7488984375000001 0.09293749999999999 0.05226562500000001
0 0.11569791666666666 0.7552500000000001 0.0390625 0.11925
0 0.09816666666666667 0.7500546875 0.023791666666666666 0.09814062500000001
0 0.8623437499999999 0.7194921875000001 0.03710416666666666 0.082546875
0 0.8474791666666666 0.6982265625 0.022000000000000002 0.058328125
0 0.28090625 0.7259609375 0.03789583333333334 0.064265625
0 0.014947916666666667 0.7486875 0.029895833333333333 0.10865625000000001
0 0.881375 0.7081171875000001 0.020083333333333335 0.054921875
0 0.8941354166666666 0.7084609375 0.020770833333333336 0.059484375000000006
0 0.24703125 0.7094218750000001 0.033062499999999995 0.021625000000000002
0 0.7365 0.5014609375 0.01583333333333333 0.022046875
0 0.8273541666666666 0.49749218750000007 0.016625 0.020421875000000003
0 0.5135416666666667 0.6515625 0.9479166666666666 0.34375
