0 0.064171875 0.6999760191846524 0.0080625 0.020239808153477215
0 0.1216875 0.707494004796163 0.010062500000000002 0.0476978417266187
0 0.13857812500000002 0.7096762589928056 0.00984375 0.04031175059952038
0 0.21778125000000004 0.7213429256594724 0.01596875 0.050023980815347716
0 0.25476562500000005 0.7303357314148681 0.0175625 0.05841726618705036
0 0.20275781250000002 0.7005875299760193 0.009046875000000001 0.0337410071942446
0 0.19587500000000002 0.7047122302158273 0.0072499999999999995 0.029472422062350116
0 0.301015625 0.7032254196642685 0.012562499999999999 0.03465227817745803
0 0.0346015625 0.7016187050359712 0.010984375000000001 0.03316546762589928
0 0.6488359375 0.69068345323741 0.013109375000000001 0.0386810551558753
0 0.7139921875 0.6935851318944845 0.005109375 0.03565947242206235
0 0.6694296875000001 0.7006594724220623 0.012828125000000003 0.018345323741007193
0 0.13107812500000002 0.7088609112709833 0.0076875 0.03705035971223021
0 0.1921875 0.6990407673860911 0.209375 0.040767386091127095
