0 0.299796875 0.44696874999999997 0.12153125000000001 0.2506875
0 0.13624999999999998 0.6652708333333333 0.12590625 0.4265
0 0.4172265625 0.46448958333333334 0.17148437500000002 0.21872916666666664
0 0.6734062500000001 0.4040625 0.17062500000000003 0.261125
0 0.34873437500000004 0.13897916666666668 0.08690625 0.19183333333333333
0 0.41300000000000003 0.13378125000000002 0.05853125000000001 0.17489583333333333
0 0.5261640625 0.14106249999999998 0.101109375 0.14708333333333332
0 0.84709375 0.07765625 0.07921875 0.1553125
0 0.24607031250000003 0.08764583333333334 0.043828125 0.06291666666666666
0 0.21817187500000004 0.10510416666666665 0.032968750000000005 0.042749999999999996
0 0.0448046875 0.10779166666666666 0.070140625 0.07533333333333332
0 0.5149609375 0.9273958333333334 0.098109375 0.12516666666666665
0 0.9225859375000001 0.08969791666666667 0.060546875 0.10327083333333333
0 0.7351562500000001 0.08958333333333333 0.5265625 0.175
