0 0.32659374999999996 0.535953125 0.6531874999999999 0.91909375
0 0.6051041666666668 0.489859375 0.32133333333333336 0.5585625000000001
0 0.8039270833333333 0.39780468750000003 0.10239583333333332 0.10582812500000001
0 0.9065729166666666 0.61521875 0.18685416666666665 0.66615625
0 0.07460416666666667 0.4119453125 0.10275 0.174921875
0 0.8826458333333334 0.47313281250000006 0.08312499999999999 0.119296875
0 0.1976770833333333 0.2458515625 0.0244375 0.020359375
0 0.7889791666666666 0.30495312500000005 0.08499999999999999 0.0915625
0 0.9703020833333333 0.29428906250000003 0.059395833333333335 0.079578125
0 0.7310833333333332 0.38377343750000004 0.07141666666666667 0.077796875
0 0.07254166666666667 0.2728125 0.047625 0.060937500000000006
0 0.7818020833333333 0.35965625 0.04747916666666666 0.033625
0 0.7542604166666665 0.281015625 0.021729166666666667 0.02009375
0 0.5 0.3609375 0.9958333333333333 0.325
