0 0.4002265625 0.8333333333333334 0.48767187500000003 0.3094166666666667
0 0.3406328125 0.40069791666666665 0.16467187500000002 0.4184791666666667
0 0.143671875 0.4262083333333333 0.2018125 0.40279166666666666
0 0.7198359375000001 0.4484895833333333 0.132328125 0.6419791666666667
0 0.9456875 0.44303125 0.108625 0.7076458333333333
0 0.08133593750000001 0.7176979166666667 0.16267187500000002 0.5646041666666667
0 0.7388593750000001 0.29651041666666667 0.078625 0.43864583333333335
0 0.0398125 0.30740625 0.079625 0.4123541666666667
0 0.8320625 0.2756458333333333 0.081125 0.5005416666666667
0 0.87940625 0.40077083333333335 0.08290625000000001 0.3910416666666666
