0 0.5243984375 0.6317625 0.066953125 0.12842499999999998
0 0.6831406250000001 0.6866749999999999 0.044000000000000004 0.09195
0 0.7173359375 0.6857 0.029703125000000004 0.0929
0 0.743015625 0.6781999999999999 0.02796875 0.09824999999999999
0 0.7650703125 0.6965625 0.024203125000000002 0.058324999999999995
0 0.7724140625 0.6747 0.018171875 0.06634999999999999
0 0.792734375 0.6770375 0.02978125 0.092075
0 0.8188906250000001 0.6683374999999999 0.0370625 0.060075
0 0.665640625 0.6835749999999999 0.0205625 0.043250000000000004
0 0.6747265625000001 0.6683875 0.019703125000000002 0.035025
0 0.7039375 0.6614625 0.02075 0.066375
0 0.630484375 0.681825 0.05425 0.09230000000000001
0 0.5989375 0.6612 0.0129375 0.03835
0 0.6578125 0.6575 0.215625 0.075
