0 0.12059375000000001 0.5101061320754716 0.13993750000000002 0.3954952830188679
0 0.39928906250000007 0.5578655660377358 0.19710937500000003 0.4528066037735849
0 0.8004609375 0.5531485849056603 0.087484375 0.39516509433962266
0 0.27468750000000003 0.6394693396226414 0.04706250000000001 0.2109198113207547
0 0.23271875 0.6907429245283019 0.055031250000000004 0.25375
0 0.9670781250000001 0.6776061320754717 0.05462500000000001 0.3157311320754717
0 0.7509609375 0.7264386792452829 0.065734375 0.3953301886792453
0 0.7143046875000001 0.5858844339622641 0.031984375 0.04275943396226415
0 0.47849218750000005 0.5917099056603773 0.042234375000000005 0.1094575471698113
0 0.5544765625 0.538691037735849 0.131296875 0.509127358490566
0 0.14089843750000003 0.6832075471698114 0.20770312500000002 0.1488679245283019
0 0.6664062500000001 0.6195872641509435 0.0233125 0.16846698113207548
0 0.9871796875000002 0.7667452830188679 0.025640625 0.42599056603773583
0 0.54296875 0.6933962264150944 0.6671875 0.3773584905660377
