0 0.6001250000000001 0.7602395833333333 0.07628125000000001 0.20735416666666667
0 0.6920703125000001 0.7756041666666667 0.09026562500000002 0.2540833333333333
0 0.6949296875000001 0.6025208333333333 0.08101562500000001 0.18029166666666668
0 0.8211640625 0.5566770833333333 0.102609375 0.21239583333333334
0 0.6187968750000001 0.5608020833333334 0.05721875 0.2376875
0 0.5203125000000001 0.26502083333333337 0.045062500000000005 0.20725000000000002
0 0.0691015625 0.196625 0.077515625 0.191
0 0.39775000000000005 0.43594791666666666 0.06740625 0.21572916666666667
0 0.248375 0.25563541666666667 0.05721875 0.19564583333333332
0 0.29100000000000004 0.30028125 0.0696875 0.2044375
0 0.3212734375 0.23847916666666666 0.065359375 0.19175
0 0.162296875 0.19332291666666668 0.05146875 0.18485416666666668
0 0.4811875 0.25071875 0.052000000000000005 0.20802083333333332
0 0.33906250000000004 0.203125 0.309375 0.3645833333333333
