0 0.20237179487179488 0.42174218750000003 0.183974358974359 0.6121093750000001
0 0.856474358974359 0.18790625 0.07727106227106227 0.1879375
0 0.7970970695970695 0.280953125 0.14335164835164835 0.30925
0 0.07574175824175824 0.3120625 0.10844322344322345 0.40203125000000006
0 0.5572344322344323 0.5248203125 0.5742857142857143 0.9149843750000001
0 0.9258791208791209 0.2606796875 0.11853479853479854 0.310109375
0 0.12781135531135532 0.179546875 0.11723443223443224 0.21171875
0 0.9792948717948716 0.18676562500000002 0.04141025641025641 0.18209375000000003
0 0.20012820512820514 0.09540625 0.05985347985347985 0.0746875
0 0.26681318681318683 0.093890625 0.05245421245421245 0.035875000000000004
0 0.02433150183150183 0.2758984375 0.04866300366300366 0.29895312500000004
0 0.9688644688644689 0.32337499999999997 0.06227106227106227 0.26753125
