2 0.8303203125 0.45243750000000005 0.050328125 0.08120833333333333
2 0.8492421875 0.48046875 0.271203125 0.09293749999999999
0 0.08364062500000001 0.5391041666666666 0.12715625 0.3413333333333333
0 0.19034375000000003 0.46639583333333334 0.05609375 0.1925
0 0.1267109375 0.47 0.065234375 0.20129166666666667
0 0.3952265625 0.39887500000000004 0.042140625 0.13708333333333333
0 0.7825390625 0.3980625 0.054953125000000005 0.24179166666666665
0 0.90625 0.6689166666666667 0.08615625 0.123875
0 0.682015625 0.33917708333333335 0.027062500000000003 0.09393750000000001
0 0.32098437500000004 0.39747916666666666 0.025687500000000002 0.11833333333333333
0 0.29150000000000004 0.4006354166666667 0.029843750000000002 0.11027083333333333
0 0.43389062500000003 0.3465625 0.0281875 0.051041666666666666
0 0.71046875 0.35065625 0.030125000000000002 0.12456249999999999
0 0.8610234375000001 0.28641666666666665 0.010078125 0.016958333333333336
0 0.8462500000000001 0.30986458333333333 0.01584375 0.058854166666666666
0 0.47421875 0.5520833333333334 0.9484375 0.5916666666666667
