0 0.5458906250000001 0.5482903981264637 0.10478125 0.18618266978922718
0 0.595015625 0.21065573770491805 0.059750000000000004 0.1600936768149883
0 0.7814062500000001 0.06782201405152224 0.041031250000000005 0.1318032786885246
0 0.307359375 0.0569320843091335 0.056968750000000005 0.11011709601873537
0 0.544875 0.06388758782201405 0.028000000000000004 0.10843091334894613
0 0.5795 0.06666276346604215 0.03603125 0.12779859484777517
0 0.2479140625 0.06218969555035129 0.035296875 0.11552693208430913
0 0.8400468750000001 0.06675644028103045 0.053593749999999996 0.1335128805620609
0 0.2127421875 0.0630327868852459 0.034671875000000005 0.10348946135831381
0 0.5151953125000001 0.06414519906323184 0.038640625000000005 0.12683840749414518
0 0.6786093750000001 0.025187353629976584 0.040875 0.050046838407494146
