0 0.33832031250000005 0.5895327102803738 0.577109375 0.8209345794392523
0 0.11171093750000001 0.40254672897196264 0.15867187500000002 0.5686915887850467
0 0.543765625 0.42314252336448593 0.1755 0.7872663551401868
0 0.6271484375 0.4823948598130841 0.10670312500000001 0.46516355140186916
0 0.081671875 0.5225350467289719 0.14015625 0.6026869158878504
0 0.1979609375 0.3543808411214953 0.133890625 0.3779205607476635
0 0.33475781250000003 0.23005841121495327 0.08742187500000001 0.1511915887850467
0 0.289390625 0.24452102803738315 0.061406249999999996 0.16918224299065418
0 0.04658593750000001 0.586518691588785 0.09317187500000002 0.8044859813084111
0 0.5542890625 0.3536682242990654 0.062734375 0.28308411214953266
