0 0.3972823529411765 0.7479843750000001 0.13051764705882352 0.21771875000000002
0 0.4508 0.6880000000000001 0.012282352941176468 0.019468750000000003
0 0.6020117647058822 0.7432421875 0.13225882352941176 0.22973437500000002
0 0.7270823529411765 0.6729140625000001 0.008705882352941176 0.013265625000000001
0 0.8258117647058824 0.6761953125 0.010447058823529412 0.018234375
0 0.9469058823529412 0.66634375 0.008211764705882352 0.014656250000000003
0 0.12585882352941175 0.6775234375000001 0.01204705882352941 0.007578125
0 0.47674117647058817 0.707171875 0.027835294117647055 0.05121875000000001
0 0.8717882352941175 0.6731328125 0.023576470588235292 0.014671875000000001
0 0.5438 0.677234375 0.009811764705882351 0.01384375
0 0.5741176470588235 0.6671875 0.8235294117647058 0.05625
