0 0.5035362997658079 0.5449453125 0.9262295081967213 0.9101093750000001
0 0.8119906323185012 0.34236718750000006 0.16449648711943793 0.102890625
0 0.7915925058548009 0.29614843750000003 0.05306791569086651 0.061578125
0 0.953255269320843 0.348671875 0.09348946135831382 0.1045
0 0.06459016393442624 0.4266875 0.12796252927400467 0.3539375
0 0.9586533957845433 0.48131250000000003 0.08269320843091335 0.3433125
0 0.8312997658079626 0.32799218750000003 0.052060889929742386 0.086953125
0 0.984824355971897 0.6476718750000001 0.030351288056206092 0.09815625
0 0.7589344262295082 0.5993203125000001 0.11866510538641686 0.10192187500000001
0 0.8641100702576111 0.34582812500000004 0.04807962529274005 0.054000000000000006
0 0.7144847775175645 0.32106250000000003 0.05875878220140515 0.03515625
