0 0.0691015625 0.4970104166666667 0.040984375 0.17122916666666665
0 0.601703125 0.44046875 0.039343750000000004 0.03222916666666667
0 0.18959375 0.5516875 0.05556250000000001 0.240625
0 0.7111953125000001 0.44240624999999995 0.042890625 0.044145833333333336
0 0.7638671875 0.43926041666666665 0.019484375 0.026145833333333333
0 0.8753124999999999 0.43397916666666664 0.011000000000000001 0.011416666666666667
0 0.776140625 0.4428229166666666 0.0136875 0.02022916666666667
0 0.8050000000000002 0.43634375000000003 0.0104375 0.011020833333333334
0 0.6723828125000001 0.44242708333333336 0.021796875 0.026312500000000003
0 0.7210624999999999 0.43960416666666663 0.017843750000000002 0.024541666666666666
0 0.8933125000000001 0.4304583333333333 0.012750000000000001 0.023625
0 0.59765625 0.70625 0.6640625 0.5583333333333333
