0 0.05003125 0.6523899371069182 0.038000000000000006 0.21037735849056607
0 0.0262265625 0.6312106918238994 0.052453125 0.13544025157232706
0 0.1035390625 0.6005817610062892 0.025359375000000003 0.07336477987421383
0 0.0823984375 0.6002830188679246 0.019421875 0.07540880503144655
0 0.027171875 0.6784905660377358 0.023375000000000003 0.2147169811320755
0 0.9790468750000001 0.5597641509433963 0.0119375 0.053742138364779875
0 0.9831562500000001 0.5595440251572328 0.00515625 0.042421383647798745
0 0.06321875 0.5788993710691824 0.010750000000000001 0.050566037735849056
0 0.0305234375 0.5747327044025157 0.014109375 0.04839622641509434
0 0.12040624999999999 0.6017767295597485 0.01246875 0.04380503144654088
0 0.9925781250000001 0.5920125786163523 0.014031250000000002 0.025345911949685537
0 0.5296875 0.5864779874213837 0.9375 0.1289308176100629
