0 0.44396875 0.2794158878504673 0.21190625000000002 0.2921495327102804
0 0.40110156250000006 0.6802570093457943 0.22204687500000003 0.5211682242990654
0 0.6364921875 0.37364485981308404 0.057390625 0.08518691588785046
0 0.7013750000000001 0.4208878504672897 0.09212500000000001 0.15387850467289718
0 0.72428125 0.35624999999999996 0.059812500000000005 0.1366588785046729
0 0.741046875 0.7004439252336447 0.1988125 0.4909813084112149
0 0.9462109375 0.6228621495327104 0.107578125 0.3436214953271028
0 0.6843593750000001 0.6092640186915887 0.131625 0.33796728971962614
0 0.22387500000000002 0.6759228971962615 0.15390625000000002 0.47007009345794387
0 0.5152734375 0.6981191588785045 0.19420312500000003 0.51053738317757
0 0.2932578125 0.7008995327102804 0.17439062500000002 0.4277803738317757
0 0.24790625 0.4272663551401869 0.060250000000000005 0.13514018691588786
0 0.6225390625 0.43633177570093457 0.08276562500000001 0.1507943925233645
0 0.49921875000000004 0.6507009345794392 0.9984375000000001 0.6939252336448598
