0 0.57215625 0.6833690476190476 0.09803125000000001 0.4986904761904762
0 0.29002343750000004 0.7065952380952382 0.20464062500000002 0.48819047619047623
0 0.17898437500000003 0.7216309523809525 0.21503125 0.5455476190476191
0 0.7154843750000001 0.6723571428571429 0.1498125 0.4469047619047619
0 0.485859375 0.6708214285714287 0.078875 0.49659523809523815
0 0.399 0.667702380952381 0.1134375 0.4968809523809524
0 0.6444765625000001 0.6908095238095239 0.082390625 0.4506666666666667
0 0.9315312499999999 0.5942738095238096 0.13525 0.6553095238095239
0 0.230734375 0.6541428571428572 0.05225 0.17690476190476193
0 0.8151875000000001 0.6718809523809525 0.19825 0.36719047619047623
