0 0.55475 0.5918384074941452 0.48240625000000004 0.8163231850117096
0 0.7159140625 0.22471896955503512 0.184421875 0.3190866510538642
0 0.8358984375 0.4627985948477752 0.15460937500000002 0.3933255269320843
0 0.443765625 0.08252927400468385 0.19521875 0.14768149882903983
0 0.96028125 0.1644847775175644 0.07943750000000001 0.32133489461358317
0 0.9539140625 0.48734192037470725 0.09095312500000001 0.34569086651053865
0 0.8430859375000002 0.17045667447306792 0.16376562500000003 0.3181967213114754
0 0.1416796875 0.4962529274004684 0.223390625 0.2786416861826698
0 0.30657812500000003 0.5150585480093677 0.11903125000000002 0.2527400468384075
0 0.247859375 0.1364519906323185 0.13 0.272903981264637
