0 0.5910130718954248 0.5837091503267975 0.2606862745098039 0.5865032679738562
0 0.8091993464052287 0.6123937908496732 0.09441176470588236 0.18468954248366015
0 0.9063398692810457 0.6556699346405229 0.1250653594771242 0.2526143790849673
0 0.5595669934640523 0.3848447712418301 0.024722222222222225 0.06011437908496732
0 0.10131535947712418 0.27466503267973863 0.024395424836601308 0.04988562091503268
0 0.22169117647058825 0.2958496732026144 0.022630718954248365 0.03509803921568628
0 0.5389869281045752 0.3935702614379085 0.02774509803921569 0.04001633986928104
0 0.2690277777777778 0.30420751633986925 0.008872549019607844 0.015147058823529411
0 0.1738970588235294 0.2906862745098039 0.029101307189542482 0.06274509803921569
0 0.12125816993464054 0.27776960784313726 0.026339869281045755 0.053284313725490196
0 0.8851470588235295 0.6217565359477124 0.1418627450980392 0.24501633986928104
