0 0.6667401960784314 0.5958496732026144 0.053970588235294124 0.10957516339869282
0 0.8276879084967321 0.5843300653594772 0.012271241830065359 0.020620915032679737
0 0.5036683006535948 0.6345343137254903 0.03223856209150327 0.15370915032679738
0 0.3445669934640523 0.5762908496732027 0.04341503267973856 0.04598039215686275
0 0.3688970588235294 0.5844035947712419 0.022990196078431373 0.0378921568627451
0 0.8531209150326796 0.6041830065359477 0.023856209150326796 0.06235294117647058
0 0.9403758169934641 0.6135866013071896 0.03519607843137255 0.0955392156862745
0 0.9181944444444444 0.6152042483660131 0.022957516339869283 0.06606209150326797
0 0.8706127450980391 0.614452614379085 0.016486928104575162 0.039330065359477126
0 0.967892156862745 0.6961437908496731 0.0630392156862745 0.269640522875817
0 0.40284313725490195 0.5599428104575164 0.036960784313725493 0.09122549019607844
0 0.7979901960784314 0.5728349673202614 0.023725490196078433 0.06272875816993465
0 0.7773366013071895 0.5560866013071896 0.015980392156862745 0.06625816993464052
