0 0.49609375 0.43395833333333333 0.1904375 0.23133333333333334
0 0.6265078125000001 0.463625 0.082578125 0.32166666666666666
0 0.959921875 0.5595520833333333 0.08015625 0.5146458333333334
0 0.7766171875000001 0.35991666666666666 0.012453125 0.041291666666666664
0 0.21595312500000002 0.45488541666666665 0.11068750000000001 0.4278958333333333
0 0.085109375 0.5501041666666667 0.16415625 0.6099166666666667
0 0.725171875 0.4713854166666666 0.06421875 0.36343749999999997
0 0.4805546875 0.6641979166666666 0.246296875 0.6419791666666667
0 0.9075000000000002 0.3384166666666667 0.00846875 0.009833333333333333
0 0.48565625 0.33403125 0.021687500000000002 0.0483125
0 0.16653125000000002 0.35239583333333335 0.049125 0.147625
0 0.9251015625 0.36207291666666663 0.04070312500000001 0.07347916666666668
0 0.2639765625 0.4571354166666667 0.056265625 0.40210416666666665
0 0.59921875 0.4395833333333333 0.6515625 0.37916666666666665
