0 0.7024296875 0.552936320754717 0.590609375 0.894127358490566
0 0.8106328125 0.5063679245283019 0.367734375 0.7752830188679246
0 0.3401796875 0.5651768867924528 0.561265625 0.847193396226415
0 0.7846640625000001 0.13477594339622642 0.16217187500000002 0.26955188679245284
0 0.42876562500000004 0.15692216981132076 0.10421875000000001 0.3101179245283019
0 0.3573671875 0.12162735849056604 0.08795312500000001 0.24070754716981133
0 0.2701328125 0.1009316037735849 0.05901562500000001 0.2018632075471698
0 0.213046875 0.08472877358490567 0.059937500000000005 0.16346698113207547
0 0.5329765624999999 0.06629716981132075 0.10123437500000002 0.1325943396226415
0 0.9001406250000001 0.08846698113207546 0.0768125 0.17693396226415092
0 0.6403671875 0.20791273584905656 0.13282812500000002 0.40841981132075467
0 0.9602187500000001 0.5441155660377358 0.07956250000000001 0.2789858490566038
