0 0.38109375 0.4883916083916084 0.31331250000000005 0.6854079254079255
0 0.5381406249999999 0.6726107226107226 0.477125 0.4896037296037296
0 0.8595156249999999 0.3465734265734266 0.07665625000000001 0.15594405594405597
0 0.620171875 0.2934032634032634 0.08737500000000001 0.10648018648018648
0 0.5221718750000001 0.30289044289044287 0.0325625 0.08745920745920746
0 0.4928046875 0.2734615384615385 0.042390625 0.0838927738927739
0 0.42192968750000004 0.26269230769230767 0.046640625000000005 0.05466200466200466
0 0.15776562500000002 0.26244755244755247 0.037750000000000006 0.1027039627039627
0 0.21450000000000002 0.24554778554778556 0.0334375 0.15846153846153846
0 0.5274375 0.30449883449883447 0.037375000000000005 0.024615384615384615
0 0.535390625 0.3111421911421911 0.11465625 0.1296969696969697
