0 0.760578125 0.7483020833333334 0.1775625 0.5033958333333333
0 0.4001015625 0.7942083333333334 0.144296875 0.409875
0 0.08725000000000001 0.7653125000000001 0.17450000000000002 0.44295833333333334
0 0.5299765625 0.6617708333333334 0.080828125 0.15616666666666665
0 0.656375 0.65384375 0.07600000000000001 0.14356249999999998
0 0.4652890625000001 0.6228333333333332 0.049203125 0.11958333333333333
0 0.43032812500000006 0.6299062499999999 0.03809375 0.09331249999999999
0 0.26990625 0.6195416666666667 0.030937500000000003 0.09829166666666667
0 0.30515625 0.606125 0.022875000000000003 0.083625
0 0.22220312500000003 0.6196770833333333 0.028000000000000004 0.0975625
0 0.03834375 0.6140729166666666 0.07625 0.11914583333333333
0 0.017687500000000002 0.5919791666666667 0.035375000000000004 0.111125
