0 0.77595 0.801776119402985 0.10402 0.37382089552238806
0 0.01751 0.6532238805970149 0.03502 0.18644776119402987
0 0.61969 0.6761194029850747 0.022260000000000002 0.058328358208955225
0 0.57086 0.6574328358208955 0.017320000000000002 0.06549253731343284
0 0.51905 0.6585373134328358 0.02586 0.08608955223880597
0 0.49615 0.6563880597014925 0.0219 0.07743283582089552
0 0.7445300000000001 0.6710597014925374 0.02818 0.059791044776119406
0 0.66542 0.6920447761194031 0.0216 0.11101492537313433
0 0.318 0.611402985074627 0.01428 0.07158208955223881
0 0.3792 0.6218805970149254 0.024480000000000002 0.06985074626865671
0 0.67982 0.7001492537313433 0.02212 0.06077611940298507
0 0.5955200000000002 0.6605223880597015 0.01516 0.06791044776119404
0 0.71226 0.724955223880597 0.03792 0.21946268656716417
0 0.41200000000000003 0.6537313432835821 0.5720000000000001 0.16716417910447762
