0 0.2652109375 0.47724824355971895 0.31195312500000005 0.821288056206089
0 0.6480937500000001 0.3966627634660422 0.047031250000000004 0.15847775175644027
0 0.6105234375 0.43681498829039817 0.042609375000000005 0.09208430913348946
0 0.257625 0.40480093676814993 0.03584375 0.05803278688524591
0 0.8340781250000001 0.38050351288056206 0.0396875 0.07491803278688525
0 0.9266250000000001 0.4093676814988291 0.04478125 0.1387353629976581
0 0.2885546875 0.3829156908665105 0.022609375 0.06775175644028103
0 0.148203125 0.39228337236533956 0.03703125 0.08896955503512881
0 0.8778984375000001 0.4124473067915691 0.03673437500000001 0.12803278688524591
0 0.9667187500000001 0.38667447306791575 0.05034375 0.17133489461358312
0 0.0984296875 0.39777517564402814 0.021953125000000004 0.08777517564402809
0 0.05371875000000001 0.4303395784543326 0.030718750000000003 0.1411943793911007
0 0.02471875 0.43814988290398127 0.048125 0.20833723653395783
0 0.43281250000000004 0.4309133489461358 0.8625 0.1920374707259953
