0 0.9508415032679738 0.6577614379084967 0.031094771241830067 0.05663398692810457
0 0.7980964052287582 0.6299019607843137 0.015604575163398695 0.04411764705882353
0 0.7773774509803921 0.5788071895424837 0.008905228758169936 0.03225490196078431
0 0.8170424836601308 0.561437908496732 0.011633986928104577 0.023267973856209153
0 0.7939379084967321 0.5724183006535948 0.010751633986928105 0.02042483660130719
0 0.7289297385620915 0.5738153594771241 0.006715686274509805 0.0317483660130719
0 0.8880555555555556 0.6415686274509804 0.018202614379084967 0.055392156862745096
0 0.9654901960784313 0.5988480392156863 0.009901960784313725 0.037238562091503266
0 0.7563562091503268 0.5729901960784314 0.0077777777777777776 0.024934640522875817
0 0.6883986928104575 0.5623774509803922 0.01241830065359477 0.03279411764705883
0 0.49050653594771243 0.5541258169934641 0.00977124183006536 0.021062091503267974
0 0.48074346405228763 0.5819771241830065 0.012173202614379085 0.03437908496732026
0 0.558562091503268 0.5602124183006536 0.01 0.02686274509803922
0 0.6854575163398693 0.6004901960784313 0.6258169934640523 0.1519607843137255
