0 0.3958203125 0.7317529411764704 0.011171875000000001 0.04308235294117646
0 0.182453125 0.7434941176470587 0.01703125 0.06289411764705882
0 0.1288359375 0.7795764705882352 0.020421875000000003 0.06451764705882353
0 0.532625 0.6839647058823529 0.01046875 0.017623529411764705
0 0.8647968750000001 0.7254941176470588 0.012 0.03870588235294117
0 0.5903203125 0.6726588235294116 0.009984375 0.02564705882352941
0 0.7603515625 0.700105882352941 0.012859375000000001 0.05098823529411765
0 0.6470859375000001 0.6692117647058822 0.006953125000000001 0.024258823529411763
0 0.38475000000000004 0.7639176470588235 0.01753125 0.07079999999999999
0 0.3584453125 0.7747294117647058 0.017171875 0.04145882352941176
0 0.418015625 0.7006588235294117 0.011000000000000001 0.03651764705882352
0 0.573875 0.6781411764705881 0.0073437500000000005 0.019105882352941174
0 0.4013359375000001 0.7094588235294117 0.008984375000000001 0.036470588235294116
0 0.47500000000000003 0.7258823529411764 0.8250000000000001 0.1952941176470588
