0 0.0493359375 0.5951529411764706 0.015578125000000002 0.0192
0 0.2227734375 0.6059882352941176 0.015265625 0.058094117647058824
0 0.1312734375 0.6072823529411765 0.016265625000000002 0.055647058823529404
0 0.2715546875 0.5853529411764705 0.011828125000000002 0.02816470588235294
0 0.17909375 0.5903411764705883 0.00865625 0.018094117647058823
0 0.20850781250000006 0.5902470588235295 0.014515624999999999 0.01964705882352941
0 0.2619296875 0.5851294117647059 0.0063906250000000005 0.018352941176470586
0 0.251 0.5877764705882352 0.00996875 0.018517647058823528
0 0.2401484375 0.5920823529411764 0.009484375000000001 0.01724705882352941
0 0.1945390625 0.5925882352941175 0.012171875 0.016941176470588234
0 0.156296875 0.5930235294117646 0.0035624999999999997 0.017623529411764705
0 0.18614843749999999 0.5892117647058823 0.011640625000000002 0.021435294117647056
0 0.06242187500000001 0.5876117647058824 0.01715625 0.03376470588235294
0 0.09062500000000001 0.5847058823529411 0.12187500000000001 0.03529411764705882
