0 0.7207395833333333 0.6132578125000001 0.0563125 0.10910937500000001
0 0.39558333333333334 0.5501640624999999 0.012166666666666666 0.026609375000000005
0 0.2671354166666666 0.56015625 0.022104166666666664 0.04775
0 0.4321979166666667 0.5500859375 0.012979166666666667 0.022671875
0 0.5747708333333333 0.5577734375000001 0.0135 0.027671875000000002
0 0.47328125000000004 0.5392578125 0.0059791666666666665 0.007015625000000001
0 0.30278125 0.5595390625000001 0.022604166666666665 0.038578125000000005
0 0.40440625 0.54965625 0.008854166666666666 0.026562500000000003
0 0.41584375 0.5508125 0.009604166666666667 0.026000000000000002
0 0.45429166666666665 0.5455390625 0.007333333333333333 0.010234375
