0 0.6774765625 0.511259765625 0.378390625 0.85810546875
0 0.139328125 0.35056640625 0.145625 0.3101171875
0 0.95625 0.167529296875 0.08750000000000001 0.13294921875
0 0.9202734375000001 0.087880859375 0.086734375 0.12068359375
0 0.81921875 0.21583984375 0.08962500000000001 0.083046875
0 0.8913515624999999 0.23348632812499998 0.054078125000000005 0.04958984375
0 0.8615937499999999 0.175009765625 0.06425 0.07482421875
0 0.4041640625 0.17800781249999997 0.127734375 0.125625
0 0.2486875 0.177294921875 0.0765625 0.10603515625
0 0.0485390625 0.1865234375 0.075515625 0.067421875
0 0.18900781249999998 0.171162109375 0.06451562500000001 0.11150390625
0 0.10892968750000001 0.15739257812500002 0.07935937500000001 0.13107421875
0 0.29803906249999995 0.14988281250000002 0.064390625 0.1632421875
0 0.49921875000000004 0.1357421875 0.9984375000000001 0.271484375
