0 0.7856875 0.7207890625000001 0.12529166666666666 0.328453125
0 0.9379270833333333 0.7413125 0.11410416666666667 0.27271875
0 0.4490104166666667 0.77028125 0.10802083333333333 0.25021875
0 0.523125 0.2409296875 0.24183333333333332 0.457453125
0 0.3661979166666667 0.6907734375 0.08514583333333332 0.07542187500000001
0 0.3074895833333333 0.659234375 0.08402083333333332 0.11196875
0 0.9773645833333333 0.6237109375000001 0.0435625 0.047015625000000005
0 0.5679791666666667 0.6820703125 0.07154166666666667 0.07748437500000001
0 0.06876041666666666 0.6761640625 0.08002083333333332 0.108421875
0 0.6462916666666667 0.689625 0.05545833333333333 0.07046875000000001
0 0.41080208333333335 0.6471640625 0.0488125 0.087359375
0 0.6975729166666668 0.656015625 0.057729166666666665 0.12703125
0 0.8078229166666666 0.6337734375 0.025979166666666668 0.025359375000000003
0 0.43645833333333334 0.6671875 0.8729166666666667 0.1375
