0 0.18279434850863424 0.6624489795918368 0.05249607535321821 0.1645839874411303
0 0.09427786499215071 0.6394348508634223 0.0450392464678179 0.13343799058084774
0 0.13597331240188382 0.6300078492935636 0.029403453689167976 0.08331240188383046
0 0.8144583987441132 0.6546546310832025 0.023233908948194666 0.1131397174254317
0 0.9471193092621666 0.663806907378336 0.03800627943485087 0.1257613814756672
0 0.890824175824176 0.6476373626373627 0.05178963893249608 0.12167974882260597
0 0.05061224489795919 0.6477786499215071 0.04417582417582418 0.1325431711145997
0 0.11018053375196234 0.6083437990580848 0.015306122448979593 0.049529042386185246
0 0.14716640502354789 0.5778963893249608 0.013704866562009421 0.027629513343799064
0 0.19987441130298272 0.6029277864992151 0.013751962323390895 0.026860282574568288
