0 0.5140312499999999 0.690981308411215 0.182875 0.36322429906542053
0 0.18008593750000002 0.730502336448598 0.13507812500000002 0.3194626168224299
0 0.3776875 0.5381308411214952 0.06884375000000001 0.12929906542056074
0 0.4602890625 0.15427570093457943 0.026765625 0.07280373831775701
0 0.6465078125 0.5082242990654205 0.067734375 0.17682242990654207
0 0.7307890625 0.5111098130841121 0.06942187500000001 0.1650233644859813
0 0.8973750000000001 0.4670443925233645 0.04984375 0.22530373831775702
0 0.8521875 0.4789135514018691 0.06884375000000001 0.210911214953271
0 0.31629687500000003 0.5470327102803738 0.06571875 0.12757009345794393
0 0.0403125 0.501822429906542 0.080625 0.28098130841121494
0 0.0973046875 0.5262733644859813 0.092890625 0.21726635514018688
0 0.1719453125 0.524252336448598 0.06942187500000001 0.19841121495327102
0 0.2914140625 0.7812383177570092 0.16967187500000003 0.22579439252336447
0 0.49921875000000004 0.44859813084112143 0.9984375000000001 0.8971962616822429
