0 0.39918750000000003 0.5533021077283372 0.23815624999999999 0.46402810304449643
0 0.6528593750000001 0.6694379391100703 0.20203125000000002 0.32950819672131143
0 0.8514999999999999 0.6521311475409836 0.17303125 0.36585480093676814
0 0.32478125 0.15611241217798594 0.056906250000000005 0.20098360655737704
0 0.3678046875 0.18247072599531614 0.09007812500000001 0.21360655737704917
0 0.9241562499999999 0.208231850117096 0.09503125000000001 0.25936768149882905
0 0.6592734375 0.18235362997658078 0.09373437500000001 0.2544028103044496
0 0.8202578125000001 0.10757611241217799 0.040203125000000006 0.061803278688524595
0 0.8570625000000001 0.17860655737704914 0.11221874999999999 0.19688524590163933
0 0.44925 0.17113583138173302 0.07309375 0.23964871194379392
0 0.026234375 0.17758782201405152 0.05246875 0.10721311475409837
0 0.8043671875 0.22679156908665107 0.10407812500000001 0.17372365339578455
0 0.5468203125000001 0.1824473067915691 0.085703125 0.22053864168618267
0 0.41328125000000004 0.18266978922716628 0.7671875 0.27634660421545665
