0 0.23700781250000003 0.7670416666666666 0.185828125 0.2719166666666667
0 0.5858828125 0.35618055555555556 0.056890625 0.23597222222222225
0 0.9283828125000002 0.4683888888888889 0.071703125 0.3796111111111111
0 0.47099218750000005 0.3863888888888889 0.05901562500000001 0.20533333333333334
0 0.5259843750000001 0.3846111111111111 0.05371875000000001 0.1987777777777778
0 0.8140468750000001 0.32359722222222226 0.04296875 0.14830555555555555
0 0.66996875 0.3810555555555556 0.057875 0.18900000000000003
0 0.7167265625 0.42154166666666665 0.077015625 0.20836111111111114
0 0.5434687500000001 0.7431388888888888 0.08253125 0.2513888888888889
0 0.51796875 0.5699305555555555 0.06471875 0.19847222222222224
0 0.44664062499999996 0.5593472222222222 0.0825 0.18458333333333335
0 0.3654843750000001 0.639638888888889 0.03853125 0.11527777777777778
0 0.238578125 0.6250277777777778 0.066625 0.12911111111111112
0 0.5 0.5847222222222223 0.9968750000000001 0.6527777777777778
