0 0.7623906250000001 0.6202224824355972 0.13343750000000001 0.4179625292740047
0 0.9048984375 0.6088173302107729 0.094609375 0.49899297423887584
0 0.2907578125 0.5313348946135831 0.071234375 0.3424824355971897
0 0.21989843750000004 0.5207962529274005 0.067578125 0.34978922716627636
0 0.1690625 0.5677517564402811 0.15640625 0.48796252927400474
0 0.0378515625 0.5822248243559719 0.061578125 0.4407494145199063
0 0.8287109375 0.6244379391100703 0.095390625 0.49407494145199066
0 0.4730234375 0.4910070257611241 0.040484375 0.1775175644028103
0 0.5863515625000001 0.5063583138173302 0.04095312500000001 0.2056440281030445
0 0.5532968749999999 0.48550351288056204 0.035625000000000004 0.15264637002341921
0 0.37015625 0.5029508196721312 0.043062500000000004 0.2044496487119438
0 0.9773359375 0.462903981264637 0.045328125000000004 0.27475409836065573
0 0.33492187500000004 0.4977400468384075 0.0279375 0.21088992974238877
0 0.49921875000000004 0.5925058548009368 0.9984375000000001 0.5433255269320844
