0 0.73471875 0.4566801075268817 0.18971875000000002 0.5536290322580645
0 0.591046875 0.553494623655914 0.29128125 0.6640860215053763
0 0.91759375 0.402244623655914 0.16328125000000002 0.6966397849462366
0 0.5841875 0.20836021505376343 0.07721875 0.24951612903225806
0 0.654625 0.19935483870967743 0.0655 0.27725806451612905
0 0.5081015625 0.3224731182795699 0.067921875 0.49661290322580653
0 0.3281875000000001 0.292741935483871 0.10396875000000001 0.5080645161290323
0 0.12903125000000001 0.272983870967742 0.066625 0.5096236559139786
0 0.804609375 0.18876344086021507 0.0626875 0.2472043010752688
0 0.7306796875000001 0.22448924731182796 0.09601562500000001 0.3546236559139785
0 0.41560937500000006 0.3208736559139785 0.0970625 0.5184139784946237
