0 0.6348671875 0.80321875 0.021515625 0.051229166666666666
0 0.15825 0.7770416666666667 0.03828125 0.12229166666666667
0 0.09983593750000001 0.7714270833333332 0.038078125000000004 0.10760416666666667
0 0.7611640625000001 0.7213645833333333 0.013234375000000001 0.034562499999999996
0 0.9095312500000001 0.7055833333333333 0.014812500000000001 0.028083333333333335
0 0.5289140625000001 0.7022395833333333 0.008390625 0.03047916666666667
0 0.460640625 0.6923645833333333 0.01028125 0.027729166666666666
0 0.44752343749999995 0.6944687500000001 0.018390625 0.030645833333333334
0 0.364328125 0.6871041666666666 0.01025 0.03075
0 0.987140625 0.7081354166666666 0.011437500000000001 0.03239583333333333
0 0.9305390625000002 0.6733750000000001 0.012828125000000003 0.029166666666666667
0 0.6774140625 0.652 0.006609375000000001 0.017625000000000002
0 0.8467031250000002 0.6677083333333333 0.0072499999999999995 0.02266666666666667
0 0.5140625 0.6239583333333333 0.546875 0.13958333333333334
