0 0.16034375 0.6764073226544622 0.3206875 0.45844393592677346
0 0.706546875 0.5404576659038902 0.10640625 0.20379862700228835
0 0.9053046875 0.5505606407322654 0.08592187500000001 0.1483066361556064
0 0.2525390625 0.2446109839816934 0.05326562500000001 0.1399771167048055
0 0.4484921875 0.26667048054919906 0.042234375000000005 0.07901601830663615
0 0.7259921875 0.2388329519450801 0.085609375 0.1214645308924485
0 0.11900781249999999 0.27197940503432494 0.046453125000000005 0.08153318077803204
0 0.5822890625 0.5172311212814644 0.451796875 0.7481922196796338
0 0.76928125 0.516258581235698 0.09575 0.12652173913043477
0 0.8587656250000001 0.25503432494279177 0.054781250000000004 0.08704805491990847
0 0.962734375 0.5343821510297483 0.07453125000000001 0.17471395881006863
0 0.3173984375 0.2571967963386728 0.076015625 0.10194508009153318
0 0.16092968750000003 0.2109382151029748 0.062234375 0.12759725400457667
0 0.5 0.2997711670480549 0.9968750000000001 0.5995423340961098
