0 0.25328906250000005 0.8316874999999999 0.061203125000000004 0.15366666666666667
0 0.90653125 0.8254791666666665 0.05525 0.22766666666666666
0 0.8724296875 0.7976145833333333 0.017015625000000003 0.0699375
0 0.6000234375 0.8551041666666667 0.029140625 0.066625
0 0.6897656250000002 0.8034375 0.0454375 0.141375
0 0.41676562500000003 0.8099270833333334 0.0083125 0.03789583333333334
0 0.5397265625000001 0.7902604166666667 0.010109375 0.03877083333333333
0 0.3720390625 0.8430208333333332 0.053640625 0.09383333333333332
0 0.17922656250000002 0.87471875 0.030359375 0.0723125
0 0.7503125 0.8941979166666666 0.0521875 0.1638541666666667
0 0.6494609375 0.8456979166666666 0.042234375000000005 0.09360416666666667
0 0.9571015625 0.84275 0.044328125 0.19775
0 0.19728125000000002 0.8246979166666667 0.011500000000000002 0.0400625
0 0.39609375 0.8458333333333333 0.7703125000000001 0.15
