0 0.1943828125 0.6487119437939111 0.300359375 0.702576112412178
0 0.4618125 0.5618735362997658 0.2583125 0.536768149882904
0 0.8628281250000001 0.5381967213114754 0.27434375000000005 0.9011241217798595
0 0.07571875 0.44908665105386414 0.10215625 0.44117096018735363
0 0.14221093750000002 0.2401288056206089 0.05417187500000001 0.09585480093676815
0 0.6663203125 0.4449297423887588 0.105859375 0.4310304449648712
0 0.20604687500000002 0.318711943793911 0.22159375 0.43831381733021074
0 0.35040625000000003 0.1908782201405152 0.1285 0.25740046838407493
0 0.7645234375000001 0.342248243559719 0.066828125 0.18510538641686183
0 0.8131953125 0.39319672131147543 0.10092187500000001 0.07276346604215457
