0 0.5344140625 0.7932710280373833 0.064265625 0.30747663551401866
0 0.34489062500000006 0.7846261682242991 0.05778125 0.25742990654205605
0 0.21062500000000003 0.7768808411214952 0.0743125 0.3439485981308411
0 0.3947578125 0.7849883177570094 0.052828125000000004 0.22572429906542055
0 0.7757734375 0.7881425233644859 0.040203125000000006 0.21913551401869158
0 0.6734062500000001 0.7841822429906541 0.0401875 0.18387850467289718
0 0.9297578125000001 0.7836331775700933 0.025296875000000003 0.14661214953271026
0 0.015031250000000003 0.7269626168224298 0.02103125 0.042710280373831774
0 0.845890625 0.7720327102803738 0.04050000000000001 0.1864018691588785
0 0.71678125 0.7803621495327102 0.05246875 0.1960981308411215
0 0.8661015625000001 0.7106892523364485 0.009734375000000002 0.018107476635514017
0 0.9092109375000001 0.7236331775700934 0.022484375 0.030210280373831774
0 0.29833593750000004 0.7566822429906542 0.026109375000000004 0.1294392523364486
0 0.46875 0.7838785046728971 0.884375 0.2827102803738318
