0 0.83828 0.5522346368715083 0.30136 0.8922905027932961
0 0.46641999999999995 0.6216201117318436 0.41908 0.7567597765363129
0 0.14962999999999999 0.5629189944134079 0.29606 0.8471787709497207
0 0.6991 0.330768156424581 0.13032 0.38427374301675976
0 0.96678 0.3561033519553073 0.06644 0.5148882681564246
0 0.9821300000000001 0.09578212290502794 0.03574 0.06715083798882682
0 0.29098 0.5191201117318437 0.1566 0.815391061452514
0 0.92477 0.16442737430167598 0.08946 0.22108938547486034
0 0.57437 0.4020949720670391 0.1871 0.5804469273743017
0 0.7408300000000001 0.14451117318435755 0.05926 0.07829608938547486
0 0.039130000000000005 0.2823603351955308 0.06754 0.1977374301675978
0 0.9495600000000001 0.3494832402234637 0.07916 0.355391061452514
0 0.03534 0.7623463687150839 0.07068 0.21558659217877096
