0 0.7096562500000001 0.6275284738041003 0.24259375 0.6592938496583144
0 0.19446875 0.4383257403189066 0.05225 0.21911161731207288
0 0.775140625 0.4037699316628701 0.0326875 0.09255125284738042
0 0.7851953125000001 0.3810478359908884 0.018265625 0.06660592255125285
0 0.8093515625000001 0.3995558086560364 0.022578125 0.09387243735763098
0 0.109625 0.47872437357630976 0.07856250000000001 0.3022779043280182
0 0.1641640625 0.7561731207289293 0.072453125 0.393257403189066
0 0.7090390625 0.3855694760820046 0.015703125000000002 0.07911161731207288
0 0.743171875 0.3940660592255125 0.033875 0.08940774487471526
0 0.7843125 0.35419134396355356 0.02009375 0.02829157175398633
0 0.8442421874999999 0.43973804100227787 0.061046875 0.22594533029612754
0 0.8902578125 0.39749430523917995 0.018515625 0.09667425968109339
0 0.9411171875 0.5879726651480638 0.066578125 0.4079271070615034
