0 0.49001562500000007 0.733989898989899 0.168875 0.5011111111111112
0 0.681546875 0.7414646464646465 0.1693125 0.5170707070707071
0 0.32860937500000004 0.6984343434343434 0.06871875 0.1987878787878788
0 0.74584375 0.48984848484848487 0.008624999999999999 0.02358585858585859
0 0.5650937500000001 0.4769444444444445 0.009937500000000002 0.019494949494949496
0 0.38493750000000004 0.6964772727272728 0.025937500000000002 0.11204545454545455
0 0.226328125 0.7966161616161617 0.091375 0.40676767676767683
0 0.1748671875 0.7067929292929294 0.030296875 0.225959595959596
0 0.513484375 0.467449494949495 0.008749999999999999 0.033434343434343435
0 0.728921875 0.44517676767676767 0.008687499999999999 0.039646464646464645
0 0.8350234375 0.42534090909090916 0.010984375000000001 0.028308080808080813
0 0.6693359375000001 0.4573106060606061 0.007234375 0.03765151515151516
0 0.601078125 0.44224747474747483 0.008125 0.03590909090909091
