0 0.4709685230024213 0.5925546875000001 0.5196610169491526 0.7154843750000001
0 0.05161016949152542 0.3026796875 0.07498789346246973 0.147578125
0 0.32905569007263924 0.15246875000000001 0.0601452784503632 0.0485
0 0.3826997578692494 0.1483046875 0.11256658595641647 0.049640625
0 0.6361864406779661 0.25521093749999996 0.12564164648910411 0.091921875
0 0.24127118644067796 0.12367187499999999 0.1827360774818402 0.24571874999999999
0 0.3860290556900727 0.088140625 0.06857142857142857 0.06084375
0 0.47185230024213076 0.1491640625 0.12060532687651333 0.056484375
0 0.6613196125907991 0.1425625 0.11610169491525425 0.04021875
0 0.7651089588377724 0.139140625 0.12958837772397097 0.04271875
0 0.7638983050847459 0.0917890625 0.07225181598062955 0.074046875
0 0.5539467312348668 0.12092187500000001 0.06673123486682808 0.05421875000000001
0 0.9296610169491527 0.128421875 0.06707021791767555 0.039281250000000004
0 0.4987893462469734 0.1 0.9975786924939468 0.2
