0 0.58003125 0.5944496487119437 0.30353125000000003 0.4504449648711944
0 0.6604765625 0.4238992974238876 0.247140625 0.5526697892271663
0 0.365828125 0.5217798594847776 0.11093750000000001 0.5191100702576112
0 0.44257812500000004 0.4246838407494145 0.07634375 0.3159250585480094
0 0.169421875 0.5887587822014052 0.1319375 0.5887587822014052
0 0.24822656250000003 0.437423887587822 0.10329687500000001 0.3096487119437939
0 0.79571875 0.6121779859484777 0.13271875 0.34023419203747074
0 0.1789921875 0.49766978922716626 0.037296875 0.23758782201405154
0 0.0661875 0.6074473067915691 0.10484375 0.34988290398126465
0 0.067921875 0.3877868852459016 0.058031250000000006 0.10601873536299766
0 0.8931328125000001 0.616639344262295 0.099046875 0.33192037470725994
0 0.8308437500000001 0.48179156908665105 0.11168750000000001 0.25201405152224826
0 0.31775000000000003 0.393384074941452 0.07125000000000001 0.2922950819672131
0 0.49453125000000003 0.4414519906323185 0.9890625000000001 0.7704918032786885
