0 0.4286041666666667 0.8845625 0.030166666666666668 0.0779375
0 0.1569375 0.9122734375000001 0.20475 0.17545312500000002
0 0.9255104166666667 0.8842578125000001 0.042229166666666665 0.085484375
0 0.5931458333333333 0.8709140625 0.02795833333333333 0.067953125
0 0.9868229166666665 0.8414375000000001 0.022479166666666665 0.027250000000000003
0 0.9766354166666665 0.8786718750000001 0.04672916666666667 0.09340625000000001
0 0.022208333333333333 0.8892578125 0.043250000000000004 0.12157812500000001
0 0.8782291666666665 0.8645859374999999 0.026916666666666665 0.063453125
0 0.8399479166666667 0.8692578124999999 0.020770833333333336 0.053234375
0 0.07001041666666666 0.8737265624999999 0.050104166666666665 0.086796875
0 0.7550000000000001 0.9258125 0.11629166666666667 0.148375
0 0.12920833333333331 0.8554062500000001 0.03666666666666667 0.05278125
0 0.26467708333333334 0.8402343750000001 0.023604166666666666 0.01671875
0 0.9041666666666667 0.8484375000000001 0.016666666666666666 0.028125
