0 0.6304921875 0.5033647058823529 0.183546875 0.8629176470588235
0 0.22147656250000003 0.5185176470588235 0.013640625000000002 0.05952941176470588
0 0.1889765625 0.5154 0.020671875000000003 0.06501176470588234
0 0.1682265625 0.5157176470588234 0.015859375000000002 0.06094117647058823
0 0.288390625 0.5013176470588235 0.00859375 0.03247058823529412
0 0.2764296875 0.4991882352941176 0.007546875000000001 0.030705882352941177
0 0.016859375000000003 0.5107999999999999 0.010843750000000001 0.044658823529411765
0 0.007820312500000001 0.5064470588235294 0.011890625000000002 0.04969411764705882
0 0.002578125 0.5164470588235294 0.00515625 0.03552941176470588
0 0.2699609375 0.497035294117647 0.0074218750000000005 0.03571764705882353
