0 0.2011796875 0.6370774647887324 0.103203125 0.3842488262910798
0 0.3943359375 0.6182746478873239 0.078015625 0.3622300469483568
0 0.4707421875000001 0.5909389671361502 0.09235937500000001 0.3988732394366197
0 0.69925 0.6445774647887325 0.05903125000000001 0.276150234741784
0 0.8031328125 0.6093192488262911 0.08876562500000001 0.3269953051643193
0 0.074453125 0.7323122065727701 0.0611875 0.19204225352112678
0 0.7458281250000001 0.6541901408450704 0.028812500000000005 0.06791079812206573
0 0.30303125000000003 0.6683685446009389 0.03325 0.08814553990610328
0 0.8713671875 0.6564671361502347 0.018328125 0.03814553990610329
0 0.8534453124999999 0.7114201877934272 0.041546875000000004 0.10800469483568075
0 0.6413984375 0.6402699530516432 0.022078125000000004 0.05753521126760564
0 0.836234375 0.6453873239436619 0.021562500000000002 0.046737089201877934
