0 0.09300469483568076 0.52825 0.0503755868544601 0.06921875
0 0.16889671361502348 0.5908749999999999 0.05413145539906103 0.193
0 0.6485093896713615 0.579265625 0.07636150234741784 0.17675000000000002
0 0.9117136150234741 0.6445078125000001 0.17657276995305166 0.5145468750000001
0 0.4200704225352113 0.594609375 0.12070422535211268 0.20375000000000001
0 0.47907276995305165 0.5904765625 0.06438967136150235 0.188078125
0 0.5364788732394367 0.5986250000000001 0.11704225352112677 0.24625
0 0.7136854460093897 0.5735390625 0.07197183098591549 0.184796875
0 0.3826643192488263 0.5447031250000001 0.034577464788732394 0.08218750000000001
0 0.32227699530516435 0.5797421875000001 0.06807511737089202 0.143109375
0 0.28320422535211265 0.5388515625 0.04349765258215963 0.049296875000000004
0 0.11140845070422535 0.6473515625 0.10690140845070423 0.249078125
0 0.8155633802816902 0.645453125 0.15610328638497653 0.4181875
0 0.465962441314554 0.57265625 0.9272300469483569 0.1921875
