0 0.5723125 0.5001041666666666 0.8535 0.9997916666666666
0 0.4690546875 0.3583645833333333 0.16548437500000002 0.22889583333333333
0 0.3824765625 0.3073854166666667 0.10885937500000001 0.16047916666666667
0 0.32491406250000004 0.3315624999999999 0.144109375 0.305625
0 0.0914609375 0.3045625 0.122046875 0.25133333333333335
0 0.8502500000000002 0.2517395833333333 0.031468750000000004 0.05614583333333333
0 0.8888828125 0.30889583333333337 0.119140625 0.16983333333333334
0 0.2216328125 0.43483333333333335 0.21742187500000001 0.5595416666666666
0 0.11882031250000001 0.5824583333333334 0.23764062500000002 0.7977500000000001
0 0.4334609375 0.30141666666666667 0.06451562500000001 0.10866666666666666
0 0.4766953125000001 0.31175 0.055390625000000006 0.132375
0 0.46597656249999997 0.27334375 0.017421875 0.0648125
0 0.9516953125 0.28853125 0.068140625 0.1000625
