0 0.408328125 0.93684375 0.060375000000000005 0.1263125
0 0.598734375 0.9006458333333334 0.0209375 0.05225
0 0.6325078125000001 0.9514583333333333 0.022796875 0.08995833333333333
0 0.2110546875 0.9318333333333334 0.052046875000000006 0.13279166666666667
0 0.06088281250000001 0.9033854166666666 0.020328125000000002 0.05614583333333333
0 0.8829296875000001 0.9493645833333333 0.098796875 0.10127083333333332
0 0.9614062500000001 0.9691979166666668 0.050625 0.06160416666666667
0 0.922234375 0.954125 0.025625 0.05279166666666667
0 0.6721171875 0.9504895833333333 0.031015625000000005 0.04785416666666666
0 0.7816171875000001 0.9153958333333333 0.018484375 0.03225
0 0.6056484375000001 0.9379791666666667 0.020765625 0.109875
0 0.49109375000000005 0.9478125 0.02384375 0.05
0 0.24800781250000004 0.93515625 0.08842187500000001 0.1296875
0 0.50703125 0.93125 0.9671875000000001 0.12083333333333333
