0 0.33435156250000003 0.5231381733021078 0.24398437500000003 0.9300234192037471
0 0.6745234375000001 0.6357494145199063 0.13898437500000002 0.46976580796252926
0 0.7032109375000001 0.6426346604215457 0.11901562500000001 0.5250819672131147
0 0.6282890625 0.6053864168618267 0.131640625 0.41704918032786886
0 0.24138281250000004 0.6285245901639344 0.041984375000000004 0.2157377049180328
0 0.41590625000000003 0.5715690866510539 0.06275 0.32894613583138177
0 0.5235390625 0.6208430913348947 0.058046875 0.23302107728337237
0 0.94503125 0.4484777517564403 0.0469375 0.14524590163934428
0 0.60603125 0.5394028103044496 0.0421875 0.18779859484777517
0 0.5732734375 0.6077985948477751 0.052515625 0.320655737704918
0 0.8460078124999999 0.502248243559719 0.045078125000000004 0.08557377049180327
0 0.51153125 0.5615925058548009 0.0610625 0.29644028103044495
0 0.1026171875 0.5686768149882905 0.022828125 0.10288056206088993
0 0.54140625 0.6194379391100703 0.8546875 0.6487119437939111
