2 0.4462265625000001 0.7666631355932203 0.150484375 0.23637711864406777
2 0.624265625 0.7904025423728814 0.19665625 0.23029661016949152
2 0.8198203125 0.6450317796610169 0.055078125000000006 0.1353177966101695
2 0.6419375 0.5970974576271187 0.05178125 0.05711864406779661
0 0.5760859375 0.586896186440678 0.192171875 0.5920550847457627
0 0.7747890625 0.516853813559322 0.101109375 0.3820127118644068
0 0.6037500000000001 0.35976694915254237 0.07634375 0.13915254237288138
0 0.6930000000000001 0.5278283898305085 0.09525 0.3705296610169491
0 0.6453359375000001 0.374375 0.029828125 0.08086864406779662
0 0.6263984375 0.3515572033898305 0.026609375000000005 0.10019067796610169
