0 0.42809375000000005 0.5595520833333333 0.17865625000000002 0.8539374999999999
0 0.5807968750000001 0.5586666666666668 0.2058125 0.5116666666666666
0 0.6559921875000001 0.4512291666666666 0.046640625000000005 0.11620833333333333
0 0.7282812500000001 0.4874583333333333 0.18790625000000002 0.6849583333333332
0 0.0629140625 0.58121875 0.11898437500000002 0.41189583333333335
0 0.31348437500000004 0.501125 0.16515625 0.7190833333333334
0 0.6213203125 0.33340625 0.066765625 0.16727083333333334
0 0.8961796875000001 0.5752916666666666 0.207640625 0.8164583333333333
0 0.1134375 0.37089583333333326 0.049875 0.05254166666666666
0 0.5913203125000001 0.2985416666666667 0.021359375 0.10595833333333333
