0 0.54753125 0.731270588235294 0.12050000000000001 0.45703529411764704
0 0.37229687499999997 0.657235294117647 0.13968750000000002 0.40604705882352937
0 0.6694296875000001 0.7095882352941175 0.126109375 0.5808235294117646
0 0.7777109375 0.700435294117647 0.108453125 0.43399999999999994
0 0.1866640625 0.7264352941176471 0.132421875 0.5028470588235294
0 0.7618125 0.7101411764705882 0.08703125 0.44799999999999995
0 0.10221875000000001 0.6516823529411765 0.0581875 0.22472941176470587
0 0.9753906250000001 0.6390705882352941 0.049218750000000006 0.44294117647058817
0 0.8332812500000002 0.7081647058823529 0.08637500000000001 0.39378823529411766
0 0.26079687500000004 0.6214352941176471 0.041656250000000006 0.09919999999999998
0 0.0552109375 0.6876470588235294 0.110421875 0.48089411764705875
