0 0.30178125 0.44354117647058816 0.20959375 0.6532
0 0.11584375000000001 0.3344235294117647 0.23168750000000002 0.6107294117647059
0 0.474546875 0.3670470588235294 0.18803125 0.649435294117647
0 0.6269296875000001 0.39929411764705874 0.23982812500000003 0.6893176470588234
0 0.8184140625 0.4460588235294117 0.21020312500000002 0.649435294117647
0 0.8937187499999999 0.3742 0.08765625 0.43701176470588227
0 0.0199609375 0.28444705882352933 0.039921875 0.29637647058823524
0 0.24832031250000003 0.27252941176470585 0.04870312500000001 0.10736470588235293
0 0.969953125 0.38619999999999993 0.06009375 0.4431764705882352
0 0.8374062500000001 0.22014117647058823 0.03628125 0.11910588235294116
