0 0.57578125 0.591964656964657 0.253125 0.5499168399168399
0 0.8484140625000001 0.6320582120582121 0.19848437500000002 0.3785446985446986
0 0.4213125 0.2653846153846154 0.07881250000000001 0.16723492723492725
0 0.46990625 0.22948024948024948 0.07403125 0.13779625779625782
0 0.301140625 0.2760914760914761 0.08859375000000001 0.15363825363825365
0 0.25109375 0.2885758835758836 0.1079375 0.13482328482328482
0 0.1569921875 0.29802494802494806 0.091484375 0.1158004158004158
0 0.37155468750000004 0.2853950103950104 0.10132812499999999 0.12584199584199585
0 0.472078125 0.0967879417879418 0.08256250000000001 0.13594594594594595
0 0.5388828125 0.29559251559251565 0.092515625 0.12478170478170479
0 0.420046875 0.1682744282744283 0.0536875 0.1234927234927235
0 0.5503593750000001 0.08832640332640333 0.07287500000000001 0.13873180873180874
0 0.6350390625000001 0.1476611226611227 0.125421875 0.2734927234927235
0 0.49921875000000004 0.498960498960499 0.9984375000000001 0.997920997920998
