0 0.6973689956331877 0.89534375 0.1174890829694323 0.2093125
0 0.5020087336244541 0.8963515625 0.08746724890829695 0.199421875
0 0.4148034934497816 0.907546875 0.11004366812227073 0.18453125
0 0.5387336244541484 0.8873671875 0.07017467248908296 0.19457812500000002
0 0.847183406113537 0.90178125 0.07502183406113537 0.10290625
0 0.1251310043668122 0.8616406250000002 0.05414847161572052 0.09284375
0 0.28379912663755463 0.893765625 0.14580786026200873 0.21203125
0 0.20900655021834058 0.8617968750000001 0.05652838427947598 0.10421875000000001
0 0.1425655021834061 0.8065937500000001 0.036965065502183404 0.07550000000000001
0 0.23634279475982534 0.8428984374999999 0.0309825327510917 0.06148437500000001
0 0.8519323144104803 0.817203125 0.039279475982532744 0.0595
0 0.05169213973799126 0.8978671875 0.08906113537117903 0.17267187500000003
0 0.17085152838427947 0.871453125 0.042751091703056764 0.111625
0 0.4541484716157205 0.85078125 0.9039301310043668 0.22031250000000002
