0 0.5019375 0.832394859813084 0.09353125000000001 0.27927570093457943
0 0.6944453125000001 0.8528855140186916 0.064640625 0.2561448598130841
0 0.6308203125 0.7414953271028037 0.023421875 0.06794392523364486
0 0.901953125 0.7334345794392522 0.01609375 0.03158878504672897
0 0.40440625 0.7402803738317756 0.024125 0.0655607476635514
0 0.5996953125 0.7353271028037381 0.013359375000000001 0.062803738317757
0 0.9390703125000001 0.7201518691588784 0.016796875 0.043948598130841114
0 0.7402734375000001 0.8659813084112149 0.09057812500000001 0.251214953271028
0 0.7758203125 0.8303738317757008 0.051984375000000006 0.24682242990654205
0 0.8442734375000001 0.8246728971962616 0.067203125 0.20943925233644858
0 0.49017968749999996 0.8747429906542057 0.056921875000000004 0.17280373831775697
0 0.9600859374999999 0.7312850467289719 0.015390625 0.03182242990654205
