0 0.49278125 0.5287890624999999 0.4020625 0.8244843749999999
0 0.7143750000000001 0.4677890625 0.1408333333333333 0.17739062500000002
0 0.8516458333333333 0.4571484375 0.13954166666666667 0.18976562500000002
0 0.9204062499999999 0.35887500000000006 0.10872916666666665 0.1371875
0 0.7680416666666666 0.33182812500000003 0.10708333333333332 0.1549375
0 0.819 0.2596015625 0.071 0.089859375
0 0.6072291666666666 0.4745781250000001 0.09454166666666668 0.17540625
0 0.7856145833333333 0.37815625 0.10568749999999999 0.11737500000000001
0 0.6415104166666666 0.33381250000000007 0.1278125 0.106625
0 0.749375 0.2185859375 0.11925000000000001 0.11742187500000001
0 0.9686770833333334 0.3163984375 0.06264583333333333 0.155484375
0 0.8537812499999999 0.21781250000000002 0.05614583333333333 0.07653125
0 0.6389374999999999 0.39303906250000004 0.08091666666666668 0.11410937500000001
0 0.721875 0.28125 0.5520833333333334 0.5625
