0 0.9282265624999999 0.5397811059907833 0.123953125 0.41721198156682027
0 0.2833046875 0.3293087557603687 0.069140625 0.16861751152073734
0 0.249140625 0.28516129032258064 0.01965625 0.09691244239631337
0 0.2934375 0.22246543778801842 0.034625 0.11995391705069125
0 0.8110234375000002 0.23003456221198154 0.017046875 0.0673963133640553
0 0.7361718750000001 0.19588709677419355 0.01515625 0.04721198156682027
0 0.9860703124999999 0.2841705069124424 0.027859375 0.10331797235023042
0 0.6168515625000001 0.21827188940092168 0.025703125 0.09700460829493088
0 0.677359375 0.22108294930875577 0.032 0.10562211981566821
0 0.0811484375 0.359389400921659 0.09067187500000001 0.2030184331797235
0 0.13905468750000002 0.32073732718894016 0.057703125 0.14308755760368663
