0 0.08011718750000002 0.38433060109289613 0.07570312500000001 0.1535792349726776
0 0.6866171875 0.25030054644808747 0.024234375000000002 0.09934426229508196
0 0.9484375 0.40650273224043715 0.04284375000000001 0.13224043715846995
0 0.052000000000000005 0.21699453551912568 0.025750000000000002 0.05890710382513661
0 0.8250078125 0.14012295081967213 0.014015625000000002 0.025437158469945355
0 0.3573203125 0.12527322404371583 0.009953125 0.026448087431693988
0 0.41677343749999995 0.13218579234972677 0.014515624999999999 0.019672131147540985
0 0.7970156250000001 0.5617486338797814 0.17296875 0.20459016393442622
0 0.76878125 0.12636612021857924 0.022875000000000003 0.04415300546448087
0 0.031109375 0.2162704918032787 0.025531250000000002 0.03418032786885246
0 0.41579687500000007 0.1261338797814208 0.01703125 0.03122950819672131
0 0.36352343750000005 0.12815573770491803 0.012203125 0.01937158469945355
0 0.51953125 0.15163934426229508 0.9578125000000001 0.30327868852459017
