0 0.43034037558685445 0.5750937500000001 0.3588028169014085 0.56584375
0 0.5300469483568075 0.40377343749999994 0.15258215962441316 0.171078125
0 0.8378755868544601 0.583640625 0.14725352112676057 0.26740625
0 0.776643192488263 0.44225781250000007 0.0592018779342723 0.083921875
0 0.7940023474178403 0.37339062500000003 0.020680751173708923 0.05562500000000001
0 0.643262910798122 0.37067187500000004 0.06605633802816901 0.08471875000000001
0 0.7203990610328639 0.35752343750000004 0.04 0.051484375000000006
0 0.6897769953051645 0.3487734375 0.03166666666666667 0.064328125
0 0.6100352112676056 0.4340234375 0.08241784037558686 0.12157812500000001
0 0.6120422535211268 0.35190625000000003 0.052018779342723004 0.07203125
0 0.5546596244131455 0.312640625 0.05063380281690141 0.0716875
0 0.8554342723004695 0.37617187500000004 0.027582159624413145 0.0429375
0 0.5341549295774648 0.2970703125 0.04812206572769953 0.05226562500000001
0 0.5762910798122066 0.46640625 0.5751173708920188 0.5953125
