0 0.44225000000000003 0.5837395833333333 0.007625 0.013770833333333335
0 0.6061093750000001 0.6106770833333334 0.01359375 0.03864583333333334
0 0.35938281250000004 0.6060104166666667 0.005046875 0.01952083333333333
0 0.306515625 0.6534374999999999 0.013781250000000002 0.03154166666666667
0 0.5034609375 0.60359375 0.006515625000000001 0.020979166666666667
0 0.29475781250000005 0.5891041666666668 0.0064218750000000005 0.018666666666666668
0 0.4798203125 0.6022916666666666 0.004296875 0.017041666666666667
0 0.38103125000000004 0.5493958333333333 0.0080625 0.015666666666666666
0 0.3455546875 0.5525937499999999 0.005328125 0.015479166666666665
0 0.67321875 0.6066458333333333 0.010625 0.01608333333333333
0 0.39403906250000004 0.642 0.028140625000000002 0.03983333333333333
0 0.401484375 0.53515625 0.0033750000000000004 0.010187499999999999
