0 0.65346875 0.6474375 0.04346875 0.17579166666666665
0 0.49998437500000004 0.6224687499999999 0.01671875 0.030229166666666665
0 0.6055078125000001 0.6226666666666667 0.047203125000000005 0.12754166666666666
0 0.6364375 0.6249583333333334 0.026500000000000003 0.15933333333333333
0 0.0528828125 0.6738645833333333 0.034296875 0.1371875
0 0.7291250000000001 0.6406979166666666 0.02471875 0.15585416666666668
0 0.20375000000000001 0.7059687499999999 0.07459375 0.2271875
0 0.23928906250000004 0.6813541666666667 0.049390625 0.21041666666666667
0 0.2796796875 0.6700520833333333 0.040984375 0.16689583333333333
0 0.5139296875 0.62515625 0.010546875 0.0289375
0 0.08659375000000001 0.6344999999999998 0.0316875 0.11966666666666666
0 0.7061796875000002 0.6404479166666667 0.047203125000000005 0.17527083333333332
0 0.108328125 0.64521875 0.031375 0.09302083333333333
0 0.3296875 0.6354166666666666 0.61875 0.1625
