0 0.55275 0.350125 0.03053125 0.0495
0 0.49205468750000003 0.3283020833333333 0.06701562500000001 0.06402083333333333
0 0.5862734374999999 0.35902083333333334 0.031078125 0.05533333333333333
0 0.7073828125000001 0.40388541666666666 0.034484375000000005 0.050229166666666665
0 0.7708359375000001 0.42646874999999995 0.036859375 0.0480625
0 0.2528515625 0.3500625 0.024421875000000003 0.027916666666666666
0 0.353421875 0.27297916666666666 0.08096875 0.14783333333333332
0 0.7397578125000001 0.41502083333333334 0.018640625 0.043708333333333335
0 0.6203437500000001 0.360875 0.02003125 0.04504166666666667
0 0.675546875 0.3935208333333334 0.0303125 0.05333333333333334
0 0.8061796875000001 0.43543750000000003 0.026515625 0.05229166666666667
0 0.6462265625 0.3804166666666666 0.06801562500000001 0.06575
