0 0.350625 0.6471250000000001 0.31445833333333334 0.28475
0 0.6726875000000001 0.6045138888888889 0.06916666666666667 0.10975
0 0.5266041666666667 0.4530416666666667 0.14150000000000001 0.18736111111111112
0 0.7068437499999999 0.5225416666666667 0.0440625 0.09036111111111111
0 0.7335416666666668 0.597 0.043416666666666666 0.07472222222222222
0 0.7545104166666667 0.5120138888888889 0.0321875 0.05663888888888889
0 0.8687291666666667 0.7735416666666668 0.12920833333333334 0.06791666666666667
0 0.6106250000000001 0.5418194444444445 0.08041666666666666 0.18880555555555556
0 0.8662916666666668 0.5455277777777777 0.07095833333333333 0.04416666666666667
0 0.90975 0.5739305555555556 0.07308333333333333 0.04775000000000001
0 0.8903020833333334 0.6358194444444445 0.06893750000000001 0.04597222222222223
0 0.8828229166666667 0.6724444444444444 0.06127083333333333 0.06622222222222222
