0 0.14140625 0.8432242990654204 0.01715625 0.09350467289719626
0 0.46099218750000004 0.9397663551401869 0.08957812500000001 0.12046728971962617
0 0.5779375 0.8624649532710279 0.014156250000000002 0.051612149532710275
0 0.9134765625000001 0.9194275700934579 0.044453125 0.11100467289719625
0 0.273390625 0.8992640186915887 0.07550000000000001 0.20147196261682243
0 0.5585703125 0.9408644859813083 0.063359375 0.11827102803738317
0 0.18817968750000003 0.8576168224299064 0.025484375 0.10985981308411215
0 0.8066875 0.8916588785046728 0.01540625 0.06574766355140187
0 0.820921875 0.9033411214953272 0.020625 0.10471962616822429
0 0.85240625 0.9125233644859811 0.02459375 0.11551401869158877
0 0.787953125 0.8739018691588784 0.02053125 0.07163551401869159
0 0.6270078125 0.945771028037383 0.08476562500000001 0.10845794392523364
0 0.0996640625 0.8963200934579438 0.056328125 0.20679906542056076
0 0.48671875000000003 0.8691588785046729 0.9703125 0.2570093457943925
