0 0.832203125 0.3293064182194617 0.14471875 0.2841614906832298
0 0.22810156250000002 0.5258385093167702 0.313734375 0.6516770186335404
0 0.372984375 0.6105797101449276 0.21371875 0.36472049689440994
0 0.531671875 0.4809006211180124 0.17128125000000002 0.4854037267080745
0 0.32070312500000003 0.3382608695652174 0.07928125000000001 0.3694409937888199
0 0.8577500000000001 0.7276915113871637 0.28450000000000003 0.5282194616977226
0 0.7189921875 0.4538302277432713 0.220953125 0.2432298136645963
0 0.27220312500000005 0.2606728778467909 0.10684375 0.4854037267080745
0 0.2060546875 0.7539337474120082 0.40532812500000004 0.4382194616977226
0 0.16373437500000002 0.8489440993788819 0.32746875000000003 0.302111801242236
0 0.6736562500000001 0.3920186335403727 0.17553125000000003 0.2768737060041408
0 0.5584140625 0.42689440993788824 0.08479687500000001 0.27122153209109734
0 0.8813671875000001 0.5783850931677019 0.236984375 0.12380952380952381
