0 0.34466406250000003 0.6411979166666666 0.527515625 0.6988958333333334
0 0.6521953125 0.61765625 0.029546875 0.1467291666666667
0 0.6915 0.6015729166666667 0.0286875 0.1169375
0 0.611234375 0.6316979166666666 0.05131250000000001 0.21872916666666664
0 0.798828125 0.6340104166666667 0.058687500000000004 0.15747916666666667
0 0.8413593750000001 0.53796875 0.01121875 0.018520833333333334
0 0.10365625 0.5430416666666668 0.01396875 0.04083333333333333
0 0.727203125 0.6154895833333334 0.029375000000000002 0.10989583333333333
0 0.7783125000000001 0.5725104166666667 0.023375000000000003 0.0799375
0 0.950015625 0.6193437500000001 0.0163125 0.051812500000000004
0 0.9036406250000001 0.6531666666666667 0.079625 0.2765416666666667
0 0.8318671875000002 0.6045937499999999 0.033453125 0.15443749999999998
0 0.0295234375 0.6671041666666667 0.044265625 0.2725
0 0.49921875000000004 0.6364583333333333 0.9984375000000001 0.24375
