0 0.5050390625000001 0.48933333333333334 0.08876562500000001 0.2924583333333333
0 0.4037421875 0.46071874999999995 0.047328125 0.1596875
0 0.6476328125 0.45697916666666666 0.037671875 0.11495833333333333
0 0.61203125 0.42918750000000006 0.013093750000000001 0.049833333333333334
0 0.08171093750000001 0.6176770833333334 0.088859375 0.1645625
0 0.1193203125 0.5609375 0.20039062500000002 0.43683333333333335
0 0.589 0.4285625 0.014937500000000001 0.05470833333333334
0 0.5542109375000001 0.43422916666666667 0.022140625 0.06741666666666667
0 0.6245703125000001 0.4226145833333333 0.012890625000000001 0.043229166666666666
0 0.21140625000000002 0.46698958333333335 0.036687500000000005 0.06847916666666666
