0 0.40808593750000005 0.603171206225681 0.070703125 0.10182879377431907
0 0.16903125 0.6005836575875486 0.02384375 0.03680933852140078
0 0.9584296875 0.64931906614786 0.024734375000000003 0.10128404669260702
0 0.9811874999999999 0.6440758754863813 0.02040625 0.08749027237354086
0 0.9765156250000001 0.8278210116731518 0.046968750000000004 0.33470817120622565
0 0.1522265625 0.5936381322957198 0.021578125000000004 0.04151750972762646
0 0.259234375 0.616215953307393 0.017656250000000002 0.07885214007782101
0 0.372828125 0.36017509727626457 0.05059375000000001 0.06272373540856031
0 0.42138281250000004 0.3516926070038911 0.05304687500000001 0.06844357976653696
0 0.6665078125 0.643443579766537 0.028765625000000003 0.043813229571984434
0 0.23440625000000004 0.6145525291828794 0.01940625 0.08396887159533073
0 0.533828125 0.3408852140077821 0.068375 0.07974708171206227
