0 0.15859375 0.9139695550351288 0.10684375 0.1720608899297424
0 0.280671875 0.9247072599531615 0.10125 0.1505854800936768
0 0.48854687500000005 0.9560772833723653 0.08031250000000001 0.08784543325526932
0 0.68334375 0.9555269320843092 0.026250000000000002 0.08894613583138172
0 0.8407421875000001 0.9624473067915692 0.050640624999999995 0.07510538641686183
0 0.9327421875000002 0.950784543325527 0.067953125 0.09843091334894614
0 0.38522656250000004 0.9315222482435597 0.046265625000000005 0.13662763466042155
0 0.70534375 0.9536768149882904 0.039468750000000004 0.09049180327868853
0 0.7405937499999999 0.9580796252927399 0.0315 0.0653864168618267
0 0.7712109375 0.937248243559719 0.063671875 0.12550351288056208
0 0.11803906250000001 0.8794847775175643 0.007859375 0.030210772833723653
0 0.14445312500000002 0.8827751756440281 0.00603125 0.014262295081967212
0 0.6711953125000001 0.956615925058548 0.037234375 0.08676814988290397
