0 0.4112265625 0.3505341880341881 0.11589062500000001 0.17602564102564103
0 0.11736718750000003 0.44255341880341886 0.025265625000000003 0.12014957264957266
0 0.1412578125 0.43931623931623937 0.025015625000000003 0.10388888888888889
0 0.93228125 0.3810790598290599 0.026750000000000003 0.05181623931623932
0 0.1718828125 0.37894230769230774 0.021828125000000004 0.037158119658119666
0 0.22789062500000004 0.36069444444444443 0.015187500000000001 0.046388888888888896
0 0.24493750000000003 0.38602564102564113 0.030625000000000003 0.037991452991453
0 0.32662500000000005 0.3580982905982906 0.02115625 0.040897435897435906
0 0.34910937500000006 0.360491452991453 0.013875000000000002 0.03393162393162394
0 0.3099921875 0.3389423076923077 0.020859375 0.02544871794871795
0 0.047453125000000006 0.3980448717948718 0.023781250000000004 0.05446581196581197
0 0.2085078125 0.40639957264957266 0.023921875000000002 0.035833333333333335
0 0.5686015624999999 0.3491666666666667 0.021703125000000004 0.03794871794871796
0 0.49921875000000004 0.3632478632478633 0.9984375000000001 0.17521367521367523
