0 0.602109375 0.5930491803278688 0.343 0.7511475409836066
0 0.2708359375 0.6490491803278688 0.073609375 0.1665573770491803
0 0.9699140625 0.7485409836065574 0.060171875 0.3762295081967213
0 0.0687109375 0.549639344262295 0.135109375 0.7414426229508196
0 0.8567421875 0.36067213114754104 0.068546875 0.13255737704918033
0 0.35268750000000004 0.24662295081967212 0.08965625 0.21154098360655738
0 0.432046875 0.251655737704918 0.0711875 0.19131147540983606
0 0.6400859375 0.2790163934426229 0.068640625 0.16157377049180327
0 0.42676562500000004 0.679672131147541 0.09265625 0.11547540983606557
0 0.91878125 0.23649180327868852 0.0558125 0.3265573770491803
0 0.21927343750000003 0.6992131147540984 0.037765625000000004 0.06098360655737706
0 0.17640625000000001 0.17140983606557378 0.08115625 0.3405901639344262
0 0.7564140625 0.24763934426229509 0.06410937500000001 0.1777704918032787
0 0.49921875000000004 0.47704918032786886 0.9984375000000001 0.9540983606557377
