0 0.6317265625 0.6483045977011495 0.290828125 0.4427011494252874
0 0.553984375 0.44537356321839083 0.13409374999999998 0.2306896551724138
0 0.9200624999999999 0.8868247126436781 0.159875 0.22635057471264367
0 0.7032109375000001 0.8187212643678161 0.284703125 0.3393390804597701
0 0.517109375 0.41044540229885057 0.08803125 0.264683908045977
0 0.43240625000000005 0.4175431034482759 0.08665625 0.2860057471264368
0 0.37283593750000005 0.560617816091954 0.15692187500000002 0.32439655172413795
0 0.2828671875 0.54058908045977 0.079421875 0.5865229885057471
0 0.035437500000000004 0.7471982758620689 0.07087500000000001 0.3842816091954023
0 0.8669140624999999 0.8647413793103448 0.164609375 0.2678735632183908
