0 0.6019453125 0.6447083333333333 0.345796875 0.7105833333333333
0 0.285765625 0.6862916666666665 0.08934375 0.6163333333333333
0 0.9672656250000001 0.67346875 0.06546875 0.6530625000000001
0 0.4415859375 0.40298958333333335 0.039640625000000006 0.1143125
0 0.56459375 0.44281249999999994 0.032218750000000004 0.07933333333333333
0 0.1488828125 0.50878125 0.047890625 0.09206249999999999
0 0.4546875 0.6563229166666666 0.08078125000000001 0.26197916666666665
0 0.5140546875 0.5641979166666666 0.080296875 0.27418750000000003
0 0.3194765625 0.6303854166666667 0.257140625 0.7116875
0 0.08628906250000001 0.6232604166666667 0.129515625 0.5738958333333334
