0 0.4294 0.9132 0.13063999999999998 0.152
0 0.48877 0.49888 0.6045 0.66516
0 0.09629 0.74726 0.14442 0.16412000000000002
0 0.09011999999999999 0.58159 0.15775999999999998 0.15242
0 0.09498000000000001 0.41607 0.14752 0.1635
0 0.10561 0.09326 0.13034 0.15503999999999998
0 0.5848300000000001 0.08889 0.15134 0.16234
0 0.7453699999999999 0.08985000000000001 0.15414 0.15630000000000002
0 0.91604 0.9110800000000001 0.12832 0.15647999999999998
0 0.2595 0.09024 0.14872 0.15632
0 0.91169 0.75284 0.1551 0.15412
0 0.4175 0.09342 0.16004 0.15272
0 0.26081 0.91022 0.12498000000000001 0.15568
0 0.5 0.508 0.996 0.98
