0 0.9365625 0.17691135734072022 0.029843750000000002 0.04518005540166205
0 0.91796875 0.1573545706371191 0.01134375 0.054709141274238225
0 0.9067421875000001 0.16671745152354572 0.009984375 0.04263157894736842
0 0.8245078124999999 0.15867036011080332 0.014984375000000001 0.055567867036011076
0 0.8817812500000001 0.15897506925207758 0.01153125 0.055401662049861494
0 0.8395390625 0.16290858725761773 0.014078125 0.05545706371191136
0 0.8033125000000001 0.15991689750692523 0.017906250000000002 0.06260387811634349
0 0.7836953125 0.15797783933518006 0.015046875000000001 0.05767313019390582
0 0.7400000000000001 0.1722299168975069 0.016125 0.04351800554016621
0 0.7117109375 0.1813573407202216 0.023609375000000002 0.039889196675900275
0 0.6754140625000001 0.16457063711911357 0.014359375 0.05091412742382271
0 0.267953125 0.1298060941828255 0.01228125 0.03185595567867036
0 0.77115625 0.16869806094182827 0.01334375 0.06016620498614958
0 0.628125 0.15096952908587258 0.728125 0.14127423822714683
