0 0.8732578125 0.5842630597014926 0.037640625000000004 0.14382462686567166
0 0.5881328124999999 0.3325839552238806 0.622953125 0.5752798507462686
0 0.9751953125 0.5731996268656716 0.033953125 0.1396455223880597
0 0.8192343750000002 0.5860074626865672 0.03159375 0.10444029850746268
0 0.440328125 0.6113339552238806 0.026031250000000002 0.08598880597014925
0 0.5633359375 0.6015671641791046 0.048328125 0.12324626865671642
0 0.0842265625 0.6193563432835821 0.016046875 0.04897388059701492
0 0.069875 0.6240391791044775 0.013156250000000001 0.03972014925373134
0 0.36475 0.6183208955223881 0.012375 0.027761194029850746
0 0.5053515625 0.6193376865671641 0.018796875 0.033675373134328355
0 0.6077890625 0.6021268656716416 0.052015625 0.12485074626865672
0 0.46996875000000005 0.6104570895522388 0.023000000000000003 0.0741231343283582
0 0.02434375 0.6269776119402986 0.00709375 0.04067164179104478
0 0.515625 0.605410447761194 0.84375 0.11007462686567164
