1 0.5001796875000001 0.4017307692307692 0.21051562499999998 0.26551282051282055
1 0.8326796875 0.824871794871795 0.309796875 0.329017094017094
1 0.7186171875 0.5491346153846155 0.176890625 0.1619871794871795
1 0.17917968750000002 0.5573076923076924 0.33757812500000006 0.23846153846153847
1 0.154109375 0.7462286324786326 0.30821875 0.28386752136752136
1 0.1579375 0.9119871794871796 0.24953124999999998 0.15764957264957266
1 0.1368125 0.36129273504273507 0.273625 0.30967948717948723
0 0.7505937500000001 0.35168803418803424 0.49881250000000005 0.689871794871795
1 0.35097656250000003 0.3942094017094018 0.15926562500000002 0.15517094017094019
1 0.27843750000000006 0.40788461538461546 0.15378125 0.13350427350427352
