0 0.4722109375 0.7504440154440155 0.531484375 0.49911196911196914
0 0.4503828125 0.6433687258687258 0.236515625 0.7132625482625483
0 0.83221875 0.5138320463320463 0.0656875 0.2377027027027027
0 0.7723984375000001 0.509488416988417 0.074171875 0.236003861003861
0 0.665375 0.503957528957529 0.08040625000000001 0.22988416988416988
0 0.21820312499999997 0.5092760617760618 0.1045 0.18194980694980695
0 0.3355078125 0.48805984555984555 0.046265625000000005 0.14252895752895753
0 0.2774453125 0.6112741312741312 0.050421875000000005 0.09482625482625483
0 0.21664062500000003 0.6280694980694982 0.0925625 0.12706563706563706
0 0.706390625 0.5040637065637066 0.04559375 0.24681467181467182
0 0.10117187500000001 0.5165733590733591 0.09321875 0.18256756756756756
0 0.610671875 0.5031467181467182 0.07437500000000001 0.23895752895752898
0 0.8818671875 0.5546332046332046 0.079578125 0.13231660231660233
0 0.48281250000000003 0.5357142857142857 0.95625 0.34942084942084944
