0 0.10585156250000001 0.2378337236533958 0.21170312500000002 0.4747306791569087
0 0.40496875000000004 0.4740983606557377 0.21487500000000004 0.2657611241217799
0 0.75175 0.4524121779859485 0.16540625 0.4317564402810305
0 0.315328125 0.290152224824356 0.15109375000000003 0.3890632318501171
0 0.4243593750000001 0.29242388758782206 0.09290625000000001 0.3677985948477752
0 0.24105468750000003 0.5607845433255269 0.159703125 0.2684543325526932
0 0.8981796875000001 0.4238992974238876 0.046046875 0.0997423887587822
0 0.47776562499999997 0.209672131147541 0.07931250000000001 0.31695550351288054
0 0.9524921875000001 0.38499999999999995 0.05304687500000001 0.12110070257611241
0 0.1889140625 0.7146018735362998 0.377828125 0.5707962529274004
0 0.4204375000000001 0.08714285714285715 0.0921875 0.1410304449648712
0 0.8513515625000001 0.5306088992974238 0.109453125 0.314192037470726
0 0.8684062500000002 0.4254918032786885 0.051000000000000004 0.1071896955503513
0 0.5671875000000001 0.49882903981264637 0.8625 0.9976580796252927
