0 0.25078125 0.665503512880562 0.1046875 0.40046838407494145
0 0.8897812500000001 0.7084543325526932 0.06740625 0.3871662763466042
0 0.8447109375 0.6843091334894613 0.061640625000000004 0.40941451990632316
0 0.682921875 0.6647189695550352 0.110375 0.33707259953161595
0 0.7256015625000001 0.647224824355972 0.097921875 0.3888290398126464
0 0.6810625 0.514976580796253 0.0335625 0.0864871194379391
0 0.6577109375000001 0.5713817330210773 0.051234375 0.15747072599531614
0 0.78128125 0.5825878220140515 0.13246875 0.258056206088993
0 0.5337734375000001 0.6334660421545668 0.055015625000000005 0.26585480093676817
0 0.6265703125000001 0.6662529274004684 0.059359375000000006 0.29245901639344263
0 0.5824765625 0.49562060889929743 0.018734375 0.056159250585480096
0 0.8821328125000001 0.4981615925058548 0.039453125000000006 0.055058548009367686
