0 0.4039453125 0.7906698564593301 0.080046875 0.26263157894736844
0 0.406375 0.9508971291866029 0.08346875000000001 0.07849282296650718
0 0.28973437500000004 0.699066985645933 0.0715625 0.2190909090909091
0 0.37243750000000003 0.5332177033492822 0.03709375 0.18198564593301433
0 0.4112265625 0.519366028708134 0.036453124999999996 0.20308612440191387
0 0.23406249999999998 0.7494019138755981 0.06203125000000001 0.273444976076555
0 0.48007031250000004 0.937535885167464 0.085984375 0.12392344497607655
0 0.2988203125 0.9048923444976076 0.08817187500000001 0.1902153110047847
0 0.33184375 0.6059808612440191 0.06103125000000001 0.22880382775119618
0 0.343359375 0.8557177033492822 0.10003125 0.2862200956937799
0 0.07953125000000001 0.6425956937799043 0.06343750000000001 0.2018421052631579
0 0.34404687500000003 0.4423564593301435 0.0511875 0.11418660287081339
