0 0.20906 0.7571043771043771 0.02652 0.11158249158249157
0 0.15966999999999998 0.6903198653198652 0.02258 0.10171717171717172
0 0.13457 0.7043939393939394 0.023100000000000002 0.1075084175084175
0 0.69657 0.7397138047138047 0.01622 0.08037037037037037
0 0.09094 0.7148148148148147 0.02596 0.08861952861952861
0 0.32531 0.7765319865319865 0.0449 0.16020202020202018
0 0.95263 0.7714983164983165 0.03406 0.16185185185185186
0 0.43401 0.7804882154882155 0.024100000000000003 0.13377104377104376
0 0.29384 0.777121212121212 0.03492 0.14589225589225588
0 0.66581 0.7372558922558923 0.020300000000000002 0.07013468013468012
0 0.71175 0.7041077441077441 0.01738 0.07925925925925925
0 0.42053 0.7168013468013468 0.0187 0.0653198653198653
0 0.86876 0.7152356902356902 0.02084 0.08582491582491582
0 0.48 0.7154882154882155 0.928 0.1919191919191919
