2 0.2771796875 0.47695198329853855 0.223546875 0.3013361169102296
0 0.5104531250000001 0.438643006263048 0.3010625 0.7483089770354905
0 0.7568515625000001 0.23933194154488516 0.040359375 0.1865135699373695
0 0.8164453125 0.23697286012526095 0.041640625 0.138705636743215
0 0.733640625 0.24537578288100206 0.02740625 0.16064718162839248
0 0.6607890625000001 0.20599164926931104 0.024390625 0.11373695198329851
0 0.35292968750000003 0.22723382045929016 0.043921875 0.11830897703549059
0 0.24522656250000005 0.22117954070981208 0.024171875000000002 0.09551148225469727
0 0.055484375 0.21991649269311064 0.021 0.07110647181628392
0 0.896546875 0.23360125260960335 0.043500000000000004 0.1691231732776618
0 0.8478046875 0.2362108559498956 0.040203125000000006 0.16782881002087682
0 0.39639843750000003 0.22226513569937367 0.020515625000000003 0.10152400835073068
0 0.37596875 0.2084342379958246 0.021562500000000002 0.07252609603340292
