0 0.4675409836065573 0.6745468750000001 0.40173302107728337 0.46396875000000004
0 0.48281030444964873 0.45505468749999994 0.1074473067915691 0.090109375
0 0.21530444964871195 0.2176328125 0.06892271662763466 0.07960937500000001
0 0.28666276346604214 0.24384375000000003 0.08222482435597189 0.13384375
0 0.446440281030445 0.21037499999999998 0.09194379391100702 0.09634375
0 0.5287119437939111 0.2118203125 0.08220140515222482 0.085828125
0 0.4420023419203747 0.1053515625 0.0835831381733021 0.068546875
0 0.7400585480093677 0.35059375000000004 0.13894613583138174 0.14490625
0 0.1900351288056206 0.35152343750000004 0.09552693208430914 0.140234375
0 0.1386065573770492 0.17796093750000003 0.09079625292740047 0.12292187500000001
0 0.2689695550351288 0.366921875 0.10632318501170959 0.11596875000000001
0 0.5284309133489462 0.15714062500000003 0.08004683840749414 0.077625
0 0.6770140515222483 0.16975 0.08723653395784543 0.11571875000000001
0 0.5 0.2109375 0.9953161592505855 0.41875
