0 0.6128515625 0.8046690307328604 0.145171875 0.39066193853427894
0 0.4376796875 0.7652009456264776 0.053765625 0.23990543735224587
0 0.540515625 0.753274231678487 0.06596875 0.28541371158392437
0 0.29556250000000006 0.7483096926713948 0.05346875 0.20673758865248226
0 0.23199218750000006 0.8120094562647754 0.10482812500000001 0.3090307328605201
0 0.36159375000000005 0.8086997635933806 0.04265625000000001 0.15749408983451538
0 0.7351015625000001 0.7667021276595745 0.074953125 0.23491725768321514
0 0.8040000000000002 0.7491843971631206 0.057468750000000006 0.2890543735224586
0 0.681734375 0.7638888888888888 0.05234375 0.2195981087470449
0 0.0237734375 0.7646453900709219 0.037765625000000004 0.16810874704491724
0 0.32943750000000005 0.809739952718676 0.022906250000000003 0.07073286052009456
0 0.724875 0.7474940898345154 0.04781250000000001 0.27158392434988177
