0 0.71266 0.6694277108433735 0.29148 0.4182530120481928
0 0.30813 0.5752861445783133 0.29694 0.7370783132530121
0 0.53338 0.12620481927710844 0.11712 0.2524096385542169
0 0.89392 0.5966265060240964 0.21216 0.6224698795180723
0 0.79778 0.14055722891566266 0.13584000000000002 0.2811144578313253
0 0.9185400000000001 0.15828313253012047 0.1212 0.31421686746987953
0 0.5750599999999999 0.06951807228915663 0.07904000000000001 0.13903614457831326
0 0.67594 0.1348343373493976 0.13428 0.26515060240963856
0 0.46926999999999996 0.12022590361445784 0.09102 0.24045180722891568
0 0.25085 0.11605421686746989 0.06886 0.2024698795180723
