0 0.5964609375 0.6247110332749563 0.214515625 0.7280910683012259
0 0.42225781250000005 0.6230210157618213 0.142578125 0.32681260945709284
0 0.38193750000000004 0.7265849387040281 0.21453125000000003 0.528091068301226
0 0.09724218750000001 0.5569264448336252 0.19448437500000001 0.14831873905429072
0 0.9093203124999999 0.5792644483362521 0.181359375 0.15852889667250436
0 0.44658593750000003 0.41801225919439583 0.09067187500000001 0.2790367775831874
0 0.7087421875000001 0.4873467600700525 0.063828125 0.1340630472854641
0 0.5318203125000001 0.3123467600700526 0.071890625 0.15800350262697022
0 0.6678671875000001 0.3298861646234676 0.031703125 0.12387040280210158
0 0.49138281250000004 0.3169439579684764 0.027296874999999998 0.07458844133099826
0 0.7315468750000002 0.9122241681260945 0.10400000000000001 0.15544658493870403
