0 0.3913828125 0.6386737089201878 0.253828125 0.3013380281690141
0 0.8481093749999999 0.05056338028169014 0.07778125000000001 0.0831455399061033
0 0.7745234375000001 0.04192488262910798 0.09076562500000002 0.08342723004694835
0 0.9270703125000002 0.06615023474178404 0.08114062500000001 0.1284037558685446
0 0.42409375000000005 0.1403286384976526 0.13440625 0.2806572769953052
0 0.516890625 0.06456572769953052 0.0536875 0.1257981220657277
0 0.6775703125 0.04890845070422536 0.072046875 0.09781690140845072
0 0.7391406250000001 0.04746478873239436 0.050218750000000006 0.09450704225352112
0 0.5715625000000001 0.06046948356807512 0.06678125 0.12093896713615024
0 0.6197734375000001 0.019401408450704226 0.06576562500000001 0.03880281690140845
