0 0.24296875 0.6065807962529274 0.02146875 0.04243559718969555
0 0.49094531250000006 0.5112177985948478 0.026109375000000004 0.057470725995316156
0 0.62503125 0.513231850117096 0.4700625 0.13423887587822014
0 0.9337890625 0.535175644028103 0.032921875 0.05381733021077283
0 0.7317109375 0.6777985948477752 0.028421875000000003 0.04903981264637003
0 0.0191875 0.5575644028103045 0.02503125 0.03887587822014052
0 0.099484375 0.6151990632318501 0.02146875 0.0214519906323185
0 0.07196875000000001 0.5654098360655737 0.022750000000000003 0.024355971896955503
0 0.756984375 0.6762997658079625 0.022281250000000002 0.04163934426229508
0 0.06678125 0.4803864168618267 0.051500000000000004 0.025269320843091334
