0 0.37423 0.3970727848101266 0.23434000000000002 0.7011075949367089
0 0.60157 0.46854430379746836 0.08946 0.1540506329113924
0 0.61135 0.6924208860759494 0.15086000000000002 0.2564873417721519
0 0.90256 0.706376582278481 0.12924000000000002 0.3528164556962025
0 0.48112 0.6891930379746836 0.11956 0.2432594936708861
0 0.49031 0.5062658227848101 0.06834 0.17620253164556962
0 0.7536999999999999 0.7792879746835443 0.13808 0.4166772151898734
0 0.82201 0.7074050632911392 0.0497 0.17132911392405062
0 0.69834 0.6697943037974683 0.06531999999999999 0.20243670886075948
0 0.50459 0.5842088607594936 0.10590000000000001 0.11968354430379746
0 0.10083 0.7089873417721518 0.09373999999999999 0.12360759493670886
0 0.9724700000000001 0.6084810126582278 0.055060000000000005 0.35360759493670885
