0 0.547765625 0.38072599531615925 0.04621875 0.2118969555035129
0 0.6479765625 0.39847775175644023 0.048046875 0.19531615925058549
0 0.5730468750000001 0.3865807962529274 0.0281875 0.17227166276346606
0 0.4361562500000001 0.4008313817330211 0.02609375 0.12227166276346604
0 0.24979687500000003 0.4007494145199063 0.02346875 0.06477751756440281
0 0.11710156249999999 0.40659250585480095 0.011546875 0.0535128805620609
0 0.13325781250000002 0.4101405152224824 0.009015625 0.04337236533957845
0 0.23609375000000005 0.4098360655737705 0.0156875 0.04936768149882904
0 0.10882812500000001 0.4095550351288056 0.01071875 0.0488056206088993
0 0.06759375 0.4081615925058548 0.014624999999999999 0.036510538641686185
0 0.5150625 0.4013583138173302 0.01628125 0.10646370023419204
0 0.1507109375 0.40402810304449643 0.015890625000000002 0.05798594847775176
0 0.16418750000000001 0.3919555035128805 0.01371875 0.021288056206088993
0 0.38984375000000004 0.4812646370023419 0.6421875 0.27400468384074944
