0 0.13633333333333333 0.6696640625000001 0.27266666666666667 0.6292031250000001
0 0.18290625 0.5951875 0.24827083333333333 0.522875
0 0.392875 0.374546875 0.11279166666666667 0.10640625
0 0.2686666666666666 0.3936875 0.18495833333333334 0.20059375000000002
0 0.5354166666666667 0.5740468750000001 0.587625 0.8255000000000001
0 0.8835104166666667 0.7196171875 0.23297916666666665 0.560765625
0 0.9065833333333333 0.41278125000000004 0.18683333333333335 0.32375
0 0.6333229166666666 0.35674218750000003 0.09960416666666667 0.099609375
0 0.7981041666666666 0.29210937500000006 0.06775 0.033875
0 0.7708854166666667 0.43 0.18264583333333334 0.2775625
0 0.6559270833333333 0.349921875 0.06356250000000001 0.08715625
