0 0.5462109375 0.4473004694835681 0.08073437500000001 0.24258215962441315
0 0.8593281250000001 0.482018779342723 0.1121875 0.26291079812206575
0 0.1767265625 0.5102699530516432 0.012609375 0.04607981220657277
0 0.1417578125 0.482981220657277 0.015453125000000002 0.030845070422535214
0 0.07804687500000002 0.513180751173709 0.051437500000000004 0.11542253521126761
0 0.649609375 0.5115140845070422 0.00990625 0.028239436619718308
0 0.7092890625 0.4545070422535211 0.012453125 0.02967136150234742
0 0.40075781250000003 0.4706572769953052 0.067984375 0.20577464788732394
0 0.2551875 0.5756572769953051 0.043000000000000003 0.17507042253521127
0 0.23616406250000002 0.43701877934272304 0.021359375 0.05924882629107981
0 0.9789296875 0.7463967136150235 0.042140625 0.07664319248826292
0 0.32839843750000003 0.4369835680751174 0.010921875000000001 0.06255868544600938
0 0.9474296875000001 0.9249765258215963 0.104734375 0.1484037558685446
0 0.49921875000000004 0.5516431924882629 0.9984375000000001 0.3051643192488263
