0 0.29525 0.45675644028103046 0.15331250000000002 0.4077049180327869
0 0.4995859375 0.3471077283372365 0.127453125 0.17632318501170963
0 0.745890625 0.458056206088993 0.11256250000000001 0.27522248243559716
0 0.6702578125 0.492728337236534 0.030953124999999998 0.14826697892271662
0 0.6177656250000001 0.46001170960187354 0.0326875 0.1805854800936768
0 0.7069218749999999 0.42706088992974245 0.05556250000000001 0.062459016393442625
0 0.7167421875 0.49957845433255266 0.039859375 0.15227166276346604
0 0.6635312500000001 0.427576112412178 0.031218750000000003 0.092903981264637
0 0.5905781250000001 0.4559250585480094 0.03315625 0.17166276346604215
0 0.6949375000000001 0.4729391100702576 0.03703125 0.20133489461358314
0 0.6328671875 0.45588992974238873 0.048015625000000006 0.2017096018735363
0 0.9405078125000002 0.48987119437939114 0.034234375000000004 0.3015222482435597
0 0.9597578125 0.5048594847775176 0.063234375 0.29988290398126466
0 0.5515625000000001 0.5105386416861827 0.8343750000000001 0.3044496487119438
