0 0.8334609375000002 0.8279791666666666 0.069734375 0.2050833333333333
0 0.583421875 0.8334375 0.06640625 0.260125
0 0.57053125 0.7146770833333332 0.03465625 0.08314583333333332
0 0.32509375 0.49264583333333334 0.0511875 0.07404166666666666
0 0.65625 0.7578854166666668 0.052375000000000005 0.1981875
0 0.439359375 0.7853541666666666 0.059625 0.23108333333333334
0 0.47780468750000005 0.7775312499999999 0.042140625 0.21572916666666667
0 0.52928125 0.7676875 0.05078125 0.20124999999999998
0 0.6109921875 0.7817708333333333 0.051453125 0.21158333333333335
0 0.48495312500000004 0.5016979166666666 0.05078125 0.07022916666666666
