2 0.7879140625000001 0.7483617021276596 0.17176562500000003 0.102
0 0.18014062500000003 0.49267021276595746 0.27353125 0.6630425531914894
0 0.4437890625 0.5625531914893617 0.056296875 0.15238297872340426
0 0.308234375 0.6034468085106384 0.047593750000000004 0.21872340425531914
0 0.27021875 0.5849148936170213 0.032375 0.23851063829787233
0 0.23823437500000005 0.5856595744680851 0.05912500000000001 0.261063829787234
0 0.5340703124999999 0.5275425531914895 0.066296875 0.24210638297872342
0 0.6301796875000001 0.5973510638297872 0.044484375 0.2232127659574468
0 0.7526796875 0.5635744680851064 0.054359375 0.2794042553191489
0 0.34241406250000006 0.5917127659574468 0.030234375000000004 0.22253191489361704
0 0.191234375 0.6066595744680852 0.036687500000000005 0.2157872340425532
0 0.49253125 0.557968085106383 0.03446875 0.1741063829787234
0 0.4077421875 0.5672446808510638 0.037703125000000004 0.22031914893617022
0 0.6607578125 0.617 0.06901562500000001 0.17306382978723406
0 0.49921875000000004 0.573404255319149 0.9953125 0.2914893617021277
