0 0.6804765625 0.8925 0.11139062500000002 0.21499999999999997
0 0.54096875 0.9158060747663551 0.11375 0.16838785046728968
0 0.4765312500000001 0.8309345794392522 0.0305 0.13925233644859814
0 0.4463125 0.838644859813084 0.028531250000000005 0.12742990654205608
0 0.4170078125 0.8489369158878505 0.033171875 0.11086448598130841
0 0.196375 0.8501051401869159 0.023156250000000003 0.13450934579439253
0 0.11585937500000001 0.8640654205607475 0.022750000000000003 0.12266355140186914
0 0.7996015625 0.8908060747663551 0.15932812500000001 0.2183878504672897
0 0.5085390625 0.8379322429906542 0.027109375000000005 0.11572429906542056
0 0.035382812500000006 0.8203971962616822 0.018609375 0.08294392523364486
0 0.5357109375000001 0.7876168224299064 0.016015625000000002 0.058177570093457934
0 0.16250781250000002 0.8169392523364486 0.026421875 0.0642056074766355
