0 0.58921875 0.46066744730679154 0.14093750000000002 0.269672131147541
0 0.6828828124999999 0.5303747072599531 0.154984375 0.282576112412178
0 0.8823203125 0.6067447306791569 0.235359375 0.39550351288056207
0 0.5186796875 0.372728337236534 0.11273437500000001 0.22114754098360656
0 0.45946093749999994 0.3512763466042155 0.076640625 0.13618266978922716
0 0.319734375 0.32448477751756444 0.132625 0.17430913348946137
0 0.20511718750000002 0.36857142857142855 0.10898437500000001 0.2181264637002342
0 0.25709375 0.6575526932084309 0.2225625 0.35580796252927405
0 0.2138203125 0.5590866510538642 0.19367187500000002 0.32266978922716627
0 0.9012578125000001 0.8753161592505855 0.19748437500000002 0.24936768149882904
