0 0.6003828125 0.5637470725995315 0.258171875 0.6776112412177986
0 0.7236796875 0.31474238875878224 0.114703125 0.30962529274004685
0 0.83209375 0.49437939110070256 0.3358125 0.9887587822014051
0 0.4460390625000001 0.4550585480093677 0.238390625 0.8292271662763465
0 0.254703125 0.4954918032786885 0.1788125 0.8265807962529274
0 0.10795312499999998 0.5262763466042154 0.21290625 0.9056206088992974
0 0.4250546875 0.11348946135831382 0.109453125 0.21798594847775174
0 0.179875 0.3777049180327869 0.057031250000000006 0.1409367681498829
0 0.34192968749999997 0.4522599531615925 0.057640625 0.24662763466042156
0 0.17365625 0.5529625292740047 0.1506875 0.2226463700234192
0 0.37255468750000004 0.47448477751756446 0.049171875000000004 0.36564402810304447
0 0.6531796875 0.3105620608899297 0.043046875000000005 0.14824355971896955
