0 0.532109375 0.2348829039812646 0.10453125000000002 0.4564168618266979
0 0.7614921875 0.13761124121779858 0.06185937500000001 0.2151288056206089
0 0.6395 0.157248243559719 0.02740625 0.08021077283372366
0 0.15778906250000002 0.3356674473067916 0.042984375000000005 0.10257611241217798
0 0.12589843750000002 0.3302459016393443 0.038328125000000005 0.09473067915690866
0 0.06014843750000001 0.37093676814988286 0.068640625 0.12651053864168618
0 0.38836718750000004 0.5081967213114754 0.219015625 0.9836065573770492
0 0.110515625 0.35032786885245903 0.06878125 0.12201405152224824
0 0.16288281250000003 0.3156908665105387 0.031828125000000006 0.07110070257611241
0 0.08290625000000001 0.354847775175644 0.0779375 0.12843091334894616
0 0.47527343750000006 0.15214285714285716 0.08995312500000001 0.2381967213114754
0 0.12813281250000003 0.2821311475409836 0.022109375 0.06786885245901639
