0 0.27732812500000004 0.5256145833333333 0.32356250000000003 0.9487708333333333
0 0.5915781250000001 0.57415625 0.20225 0.8247291666666666
0 0.699953125 0.5559270833333334 0.17290625 0.7257708333333334
0 0.8073046875000002 0.49213541666666666 0.38089062500000004 0.9752708333333333
0 0.8306953125000001 0.36944791666666665 0.073359375 0.2540625
0 0.7548125 0.28620833333333334 0.01259375 0.05616666666666667
0 0.7789765625 0.295375 0.024828125000000003 0.09245833333333334
0 0.47057031250000003 0.5436562500000001 0.20032812500000002 0.7179375
0 0.8079843750000001 0.29296875 0.02559375 0.08027083333333333
0 0.11206250000000001 0.4036875 0.08231250000000001 0.30495833333333333
0 0.79725 0.28075 0.0129375 0.04629166666666666
0 0.7635390625 0.28672916666666665 0.010046875 0.05325
