0 0.3449140625 0.5416705607476635 0.201828125 0.7680140186915887
0 0.4389921875 0.4333177570093457 0.11198437500000001 0.5365887850467289
0 0.8144921875 0.3699532710280374 0.065984375 0.23023364485981307
0 0.710828125 0.4314602803738318 0.14125000000000001 0.5303504672897196
0 0.956265625 0.36105140186915885 0.05221875000000001 0.17247663551401865
0 0.093921875 0.39213785046728966 0.09768750000000001 0.2629205607476635
0 0.247765625 0.2905490654205607 0.028625 0.09684579439252336
0 0.9018984374999999 0.36315420560747663 0.036453124999999996 0.2039252336448598
0 0.8632890625 0.4008878504672897 0.07092187500000001 0.2322897196261682
0 0.9251640625 0.37148364485981306 0.033609375000000004 0.135303738317757
0 0.9910859375000002 0.3847546728971963 0.017828125 0.14203271028037381
0 0.12819531250000002 0.2744626168224299 0.027296874999999998 0.08009345794392524
0 0.5100312499999999 0.403107476635514 0.05378125 0.21827102803738316
0 0.54921875 0.2932242990654205 0.8296875 0.1425233644859813
