0 0.652675 0.7388300000000001 0.01065 0.02174
0 0.7577250000000001 0.73288 0.029849999999999998 0.056159999999999995
0 0.188375 0.74438 0.03265 0.05224
0 0.1059 0.73019 0.0085 0.01686
0 0.0715125 0.7335200000000001 0.019275 0.016399999999999998
0 0.6631874999999999 0.7291799999999999 0.014525 0.04136
0 0.4529 0.73206 0.021400000000000002 0.03596
0 0.5424875 0.7476800000000001 0.016375 0.0154
0 0.494875 0.7313 0.00815 0.00828
0 0.3239875 0.72854 0.022574999999999998 0.038520000000000006
0 0.202425 0.73692 0.01635 0.0436
0 0.21766250000000004 0.7374799999999999 0.020675 0.03984000000000001
0 0.98265 0.73018 0.0263 0.0374
0 0.47625 0.734 0.8275 0.048
