0 0.4466171875 0.32568749999999996 0.093609375 0.27208333333333334
0 0.6766953125 0.42540625 0.211515625 0.17747916666666666
0 0.6661953125000001 0.2923125 0.05907812500000001 0.27708333333333335
0 0.8663046875000001 0.3385625 0.094421875 0.16179166666666667
0 0.7642109375000001 0.36798958333333337 0.073765625 0.1273125
0 0.5162109375 0.29236458333333337 0.010078125 0.04035416666666667
0 0.25029687500000003 0.26077083333333334 0.0284375 0.058416666666666665
0 0.2858515625 0.29378125 0.017890625 0.050145833333333334
0 0.6202109375 0.27360416666666665 0.012484375 0.021875
0 0.36996874999999996 0.34561458333333334 0.06606250000000001 0.25714583333333335
