0 0.28371875 0.9418618266978923 0.07146875000000001 0.11627634660421546
0 0.16790625000000003 0.9292388758782201 0.0665 0.14152224824355972
0 0.0232421875 0.9247189695550352 0.046484375 0.12358313817330212
0 0.0494765625 0.9197892271662763 0.026765625 0.08576112412177986
0 0.8529140625 0.9421077283372364 0.06048437500000001 0.11578454332552693
0 0.9129999999999999 0.9464988290398128 0.03875000000000001 0.10391100702576112
0 0.6926171875000001 0.9439461358313818 0.053859375 0.08072599531615925
0 0.9526406249999999 0.9509718969555035 0.027062500000000003 0.09805620608899297
0 0.96465625 0.9343911007025761 0.02771875 0.08756440281030445
0 0.9834687500000001 0.954566744730679 0.0330625 0.09086651053864168
0 0.4661953125 0.9453981264637003 0.024015625 0.10920374707259954
0 0.5037421875 0.9443091334894614 0.024828125000000003 0.11138173302107729
0 0.1246171875 0.9502693208430913 0.045796875 0.09946135831381733
0 0.47265625 0.5046838407494145 0.7703125000000001 0.9859484777517564
