0 0.643203125 0.38875878220140514 0.33584375 0.6202341920374707
0 0.9159375 0.5475409836065575 0.009562500000000002 0.05334894613583138
0 0.8345781250000001 0.5501405152224825 0.02128125 0.0718032786885246
0 0.8102109375 0.5709250585480093 0.007859375 0.024192037470725996
0 0.531 0.5694730679156909 0.0160625 0.07023419203747072
0 0.41875 0.5755854800936767 0.015343750000000001 0.06812646370023419
0 0.44383593750000006 0.5603629976580796 0.013921875 0.038243559718969554
0 0.39979687500000005 0.5780210772833724 0.02109375 0.06873536299765809
0 0.6641171875 0.5711241217798595 0.009078125 0.05110070257611241
0 0.43509375000000006 0.5763700234192037 0.01596875 0.0638407494145199
0 0.8729453125 0.5674355971896955 0.004859375 0.019929742388758782
0 0.9622109375 0.508559718969555 0.031671875 0.1345433255269321
0 0.9872578125000001 0.5242857142857142 0.011671875 0.04416861826697892
