0 0.30255468750000003 0.2882604166666667 0.026546874999999998 0.06572916666666667
0 0.20270312499999998 0.3399270833333334 0.09578125 0.13547916666666668
0 0.41079687499999995 0.24836458333333333 0.0415 0.07472916666666667
0 0.7048281250000001 0.38745833333333335 0.13096875 0.13770833333333332
0 0.8721953125000002 0.15955208333333334 0.058984375000000006 0.08089583333333333
0 0.317453125 0.25169791666666663 0.054906250000000004 0.11489583333333332
0 0.07062500000000001 0.35703125 0.1085625 0.11989583333333333
0 0.441515625 0.3281458333333333 0.23518750000000002 0.27125
0 0.7685468750000001 0.21145833333333333 0.05034375 0.087125
0 0.0356328125 0.31934375 0.069703125 0.1519375
0 0.11761718750000001 0.35772916666666665 0.11351562500000001 0.1
0 0.2620625 0.31329166666666663 0.06353125 0.129125
0 0.4586953125 0.23583333333333334 0.033734375000000004 0.07091666666666667
0 0.54453125 0.253125 0.9078125 0.26875
