0 0.8090703125000002 0.6707665094339622 0.117609375 0.31356132075471693
0 0.8809296875000001 0.6456014150943397 0.092890625 0.3852122641509434
0 0.7840859375 0.564504716981132 0.030703124999999998 0.17363207547169812
0 0.6858593750000002 0.5243042452830189 0.03175 0.05087264150943396
0 0.6524921875 0.5333018867924528 0.058546875 0.13410377358490566
0 0.7744921875 0.491875 0.024265625 0.05747641509433962
0 0.7230625 0.5407783018867924 0.0474375 0.1134433962264151
0 0.8044062500000001 0.5476061320754717 0.04384375 0.15483490566037736
0 0.698359375 0.4850825471698113 0.023250000000000003 0.03134433962264151
0 0.7654609375 0.5860966981132075 0.033640625 0.16775943396226414
0 0.6951406250000001 0.5836556603773585 0.027750000000000004 0.09061320754716981
