0 0.6226250000000001 0.5283645833333334 0.03868750000000001 0.0500625
0 0.40534375000000006 0.5096354166666667 0.02134375 0.029895833333333333
0 0.389234375 0.6125833333333333 0.03053125 0.07979166666666666
0 0.23768750000000002 0.4869270833333333 0.010375 0.041562499999999995
0 0.567921875 0.89328125 0.049156250000000005 0.07702083333333333
0 0.744609375 0.89946875 0.0373125 0.1096875
0 0.9779062500000001 0.9781458333333333 0.04225 0.04054166666666667
0 0.1411171875 0.9066666666666666 0.073015625 0.08104166666666666
0 0.09621093750000001 0.88678125 0.043015625 0.0638125
0 0.3687734375 0.9462499999999999 0.080203125 0.1075
0 0.28781249999999997 0.9239479166666666 0.07415625 0.09752083333333333
0 0.33032031250000005 0.63296875 0.042421875 0.07035416666666668
0 0.8377890625000002 0.7783854166666666 0.054546874999999995 0.050812500000000003
0 0.496875 0.7041666666666666 0.8500000000000001 0.5833333333333334
