0 0.3106328125 0.24134375 0.427453125 0.38664583333333336
0 0.4799921875 0.3910208333333333 0.043140625 0.162
0 0.7424140625 0.4171458333333334 0.044015625 0.07237500000000001
0 0.42803125000000003 0.38387499999999997 0.05365625000000001 0.15779166666666666
0 0.525765625 0.419125 0.040375 0.11833333333333333
0 0.5472968750000001 0.43004166666666666 0.04153125 0.10366666666666666
0 0.7815234375000001 0.36583333333333334 0.030859375 0.08266666666666667
0 0.6072500000000001 0.38225 0.05721875 0.11645833333333333
0 0.8492343750000002 0.40299999999999997 0.05178125 0.122625
0 0.4032265625 0.3866875 0.049171875000000004 0.16766666666666669
0 0.38886718750000004 0.38305208333333335 0.031390625 0.14656249999999998
0 0.8762421874999999 0.4286875 0.018390625 0.07145833333333333
0 0.5827109375 0.40872916666666664 0.042546875000000005 0.06266666666666666
0 0.6296875000000001 0.40520833333333334 0.68125 0.13125
