0 0.77253125 0.751679292929293 0.45493750000000005 0.47416666666666674
0 0.7442968750000001 0.40558080808080815 0.20274999999999999 0.4147474747474748
0 0.7284140625000001 0.26053030303030306 0.10470312500000001 0.32181818181818184
0 0.62871875 0.3898737373737374 0.09646875 0.34575757575757576
0 0.8786562500000001 0.36589646464646464 0.12109375 0.36174242424242425
0 0.440078125 0.43933080808080816 0.1905 0.7707828282828284
0 0.15103125 0.4603535353535354 0.19337500000000002 0.8914141414141414
0 0.05552343750000001 0.4339520202020202 0.04845312500000001 0.18058080808080812
0 0.6675312500000001 0.30746212121212124 0.05290625 0.20724747474747474
0 0.912953125 0.3755934343434344 0.1739375 0.47861111111111115
0 0.889890625 0.4730429292929293 0.17518750000000002 0.3707828282828283
