2 0.439890625 0.6531113537117904 0.32109375 0.601593886462882
0 0.6379765625 0.5002183406113536 0.337796875 0.9776419213973798
0 0.8749765625000001 0.27328602620087333 0.177015625 0.28731441048034934
0 0.784953125 0.11448689956331877 0.16659375 0.22897379912663754
0 0.3253984375 0.18334061135371177 0.23592187500000003 0.36563318777292575
0 0.96390625 0.16038209606986897 0.0721875 0.32076419213973795
0 0.9414296875 0.1673580786026201 0.098234375 0.33235807860262007
0 0.46199218750000004 0.17798034934497817 0.149078125 0.35596069868995633
0 0.7385781250000001 0.04794759825327511 0.057875 0.09589519650655022
0 0.1679296875 0.24177947598253274 0.206890625 0.4106768558951965
