2 0.8152343750000001 0.9832201405152224 0.066625 0.03337236533957846
0 0.7150390625 0.8419672131147541 0.019484375 0.034379391100702573
0 0.9874453124999999 0.943665105386417 0.025109375000000003 0.05430913348946136
0 0.8660859375 0.8718501170960188 0.024765625 0.06018735362997658
0 0.8996406250000002 0.8956908665105386 0.017781250000000002 0.02819672131147541
0 0.5589296875 0.9048946135831382 0.028234375000000003 0.09873536299765807
0 0.5350312500000001 0.9041100702576113 0.027562500000000004 0.10067915690866511
0 0.6791484375 0.7858782201405152 0.009796875 0.03981264637002342
0 0.6536875000000001 0.8097306791569087 0.01190625 0.04423887587822014
0 0.618328125 0.8061007025761123 0.00925 0.05412177985948478
0 0.7426250000000001 0.8501639344262295 0.0093125 0.016814988290398125
0 0.9605546875000001 0.966112412177986 0.025234375 0.0677751756440281
0 0.6712734375 0.7884777517564403 0.009171875000000001 0.041217798594847775
0 0.48046875 0.8126463700234192 0.9609375 0.34660421545667447
