2 0.5761328125 0.5386267605633802 0.274796875 0.17922535211267604
0 0.287578125 0.36307511737089204 0.06315625000000001 0.13732394366197184
0 0.47192187500000005 0.3936267605633803 0.1280625 0.1381924882629108
0 0.8135781249999999 0.22307511737089203 0.05421875000000001 0.25464788732394367
0 0.923125 0.2501291079812207 0.05756250000000001 0.25683098591549297
0 0.4550468750000001 0.36876760563380284 0.06653125 0.17340375586854462
0 0.33725000000000005 0.37158450704225354 0.07687500000000001 0.1732629107981221
0 0.8826718750000002 0.26316901408450705 0.06621875 0.26854460093896715
0 0.022250000000000006 0.32550469483568073 0.025406250000000005 0.07237089201877935
0 0.6615625 0.2761619718309859 0.02890625 0.11537558685446009
0 0.2294453125 0.3740258215962441 0.07042187500000001 0.1677699530516432
2 0.402265625 0.42153755868544607 0.07840625000000001 0.07978873239436621
0 0.8738046875000001 0.10836854460093896 0.057109375 0.1021830985915493
0 0.06048437500000001 0.3167018779342723 0.0390625 0.08312206572769952
