0 0.6124687500000001 0.6887587822014052 0.268375 0.6089929742388759
0 0.838109375 0.6483138173302109 0.20390625 0.6808899297423888
0 0.36208593750000007 0.6651639344262295 0.29535937500000004 0.6471896955503513
0 0.0916640625 0.6193676814988291 0.180328125 0.7364871194379391
0 0.9567343750000001 0.7742740046838408 0.08653125 0.42953161592505856
0 0.16025 0.36576112412177986 0.052062500000000005 0.11789227166276348
0 0.006109375 0.33423887587822015 0.01221875 0.08557377049180327
0 0.016453125 0.3597775175644028 0.01971875 0.06161592505854801
0 0.304640625 0.3817447306791569 0.06734375000000001 0.1440983606557377
0 0.19149218750000002 0.6441451990632319 0.199296875 0.6857142857142857
