0 0.8438125 0.6756860706860707 0.0423125 0.1283783783783784
0 0.24417968750000002 0.6417671517671518 0.006171875 0.02182952182952183
0 0.33186718750000005 0.7047817047817049 0.06651562500000001 0.2134719334719335
0 0.8794765625000001 0.6516528066528067 0.013015625000000001 0.061642411642411646
0 0.8948828125000001 0.758918918918919 0.207296875 0.4821621621621622
0 0.7756328125 0.6723596673596673 0.042640625 0.15257796257796258
0 0.3947890625 0.7343451143451143 0.073140625 0.17704781704781705
0 0.648984375 0.6740644490644492 0.045375 0.08492723492723493
0 0.5671875000000001 0.7501559251559253 0.13028125 0.34733887733887736
0 0.08249218750000001 0.7862162162162162 0.117140625 0.4254885654885655
0 0.688140625 0.6772037422037421 0.02953125 0.10559251559251559
0 0.8053359375000002 0.6482016632016633 0.010359375 0.03611226611226612
0 0.5305625 0.655010395010395 0.04371875 0.0827858627858628
0 0.46484375 0.6444906444906445 0.8796875000000001 0.07068607068607069
