0 0.6556199999999999 0.25055999999999995 0.2764 0.5011199999999999
0 0.9407300000000001 0.6382 0.11854 0.6471733333333333
0 0.45927 0.15617333333333333 0.20394 0.3078666666666667
0 0.8476 0.35930666666666666 0.17792 0.39738666666666667
0 0.41206000000000004 0.2770666666666667 0.24528 0.31765333333333334
0 0.25101 0.23722666666666667 0.13498 0.36624
0 0.04925 0.23461333333333334 0.0985 0.43413333333333337
0 0.6369 0.7244933333333333 0.56292 0.5238133333333334
0 0.88392 0.15612 0.23216 0.31224
0 0.19281 0.15582666666666667 0.38562 0.31165333333333334
