0 0.13684375000000001 0.5718075117370891 0.026437500000000003 0.14985915492957746
0 0.09734375 0.5253169014084507 0.036437500000000005 0.07147887323943662
0 0.0724609375 0.551725352112676 0.018890625 0.09438967136150235
0 0.059421875000000006 0.5402699530516432 0.00859375 0.08847417840375586
0 0.036203124999999996 0.5267488262910798 0.01753125 0.052417840375586854
0 0.4214062500000001 0.5483802816901409 0.014968750000000001 0.026103286384976526
0 0.15602343750000003 0.5435563380281689 0.016359375000000002 0.08279342723004696
0 0.36634375 0.5412206572769953 0.0121875 0.024413145539906103
0 0.0801953125 0.5492488262910799 0.010421875 0.09089201877934272
0 0.05053125000000001 0.535962441314554 0.010781250000000001 0.06107981220657277
0 0.0434140625 0.5496009389671361 0.011984375 0.08849765258215964
0 0.09799218750000001 0.5872652582159624 0.034390625 0.12035211267605635
0 0.11950000000000001 0.5367840375586854 0.017875 0.07178403755868544
