0 0.46416406250000003 0.8852604166666667 0.087609375 0.22947916666666668
0 0.38748437500000005 0.8873020833333334 0.07471875 0.21422916666666666
0 0.6692421875000001 0.7788645833333334 0.040234375 0.13539583333333333
0 0.6113515625 0.7489791666666666 0.019703125000000002 0.10504166666666667
0 0.6349609375 0.7533229166666666 0.028796875 0.09197916666666667
0 0.8165703125000001 0.8797812499999998 0.19382812500000002 0.22247916666666667
0 0.7915390625000001 0.7394791666666667 0.030328125 0.11804166666666666
0 0.94496875 0.88846875 0.11006250000000001 0.22306249999999997
0 0.7698203125 0.7437395833333333 0.023984375000000002 0.1273125
0 0.20859375000000002 0.7122499999999999 0.01609375 0.0195
0 0.7400546875000001 0.78115625 0.043078125 0.12218749999999999
0 0.839515625 0.7231249999999999 0.031656250000000004 0.06279166666666666
0 0.5359375000000001 0.7479166666666667 0.703125 0.10833333333333334
