0 0.7911562500000001 0.5550663716814159 0.4142187500000001 0.8629203539823009
0 0.5005156250000001 0.5984181415929204 0.203125 0.42103982300884957
0 0.3041328125 0.6844137168141593 0.060390625 0.21241150442477877
0 0.277328125 0.5140044247787611 0.044562500000000005 0.0681858407079646
0 0.3501484375 0.4649889380530974 0.036015625 0.06776548672566371
0 0.5157265625 0.40061946902654866 0.051484375000000006 0.10358407079646018
0 0.3785859375 0.6426991150442478 0.128203125 0.3389380530973451
0 0.24484375 0.7063606194690265 0.07775 0.18887168141592922
0 0.8321171875000002 0.3770132743362832 0.095328125 0.28053097345132744
0 0.31862500000000005 0.48852876106194687 0.04175 0.06440265486725663
0 0.18796875000000002 0.5902544247787611 0.06425 0.14108407079646018
