0 0.888078125 0.5022599531615926 0.19062500000000002 0.44217798594847774
0 0.644796875 0.54384074941452 0.274625 0.35793911007025764
0 0.24285937500000002 0.28306791569086653 0.0909375 0.12360655737704919
0 0.2190625 0.24930913348946135 0.10775 0.15229508196721311
0 0.3175 0.29940281030444965 0.04659375 0.09323185011709602
0 0.46403125000000006 0.4757142857142857 0.31334375000000003 0.5213583138173302
0 0.2373671875 0.11640515222482435 0.072765625 0.13388758782201404
0 0.304125 0.12182669789227166 0.063625 0.13114754098360656
0 0.4784531250000001 0.20323185011709602 0.22646875 0.13035128805620608
0 0.8661328125 0.12809133489461358 0.081796875 0.13580796252927402
0 0.8637890625000001 0.17590163934426228 0.06560937500000001 0.13283372365339577
0 0.029984375000000004 0.1887704918032787 0.056968750000000005 0.1393208430913349
0 0.09340625000000001 0.19859484777517564 0.06528125 0.12337236533957846
0 0.5 0.20725995316159251 0.9968750000000001 0.41451990632318503
