0 0.6079062500000001 0.5240515222482435 0.07371875 0.3816393442622951
0 0.25229687500000003 0.42175644028103043 0.08509375000000001 0.17559718969555035
0 0.11970312500000001 0.4246135831381733 0.138875 0.2277751756440281
0 0.058796875 0.11108899297423888 0.10425000000000001 0.22217798594847776
0 0.16485937500000003 0.11501170960187354 0.10878125000000001 0.22899297423887588
0 0.19625 0.44771662763466036 0.06553125 0.13234192037470727
0 0.3119296875 0.09167447306791568 0.070734375 0.181615925058548
0 0.5064062500000001 0.5061943793911007 0.1773125 0.9876112412177985
0 0.1172578125 0.06426229508196722 0.067203125 0.12852459016393444
0 0.22717968750000003 0.085807962529274 0.072203125 0.171615925058548
0 0.0383828125 0.45593676814988293 0.076765625 0.15098360655737705
0 0.05178125 0.35024590163934427 0.07715625000000001 0.16386416861826697
0 0.014164062500000003 0.3832903981264637 0.026828125000000005 0.1240983606557377
