0 0.6421250000000001 0.4601354166666667 0.055531250000000004 0.17639583333333334
0 0.5292890625000001 0.4356458333333333 0.012515625 0.050791666666666666
0 0.23322656250000004 0.43052083333333335 0.012484375 0.040875
0 0.8001875 0.44779166666666664 0.03859375 0.13341666666666668
0 0.36278906250000004 0.4336041666666666 0.006671875 0.035041666666666665
0 0.3759921875000001 0.4296979166666666 0.011109375000000001 0.04535416666666667
0 0.34413281250000005 0.43087499999999995 0.011890625000000002 0.04654166666666667
0 0.174015625 0.43159375 0.009281250000000001 0.034562499999999996
0 0.18363281250000002 0.4299270833333333 0.007859375 0.036229166666666666
0 0.22096875000000005 0.43311458333333336 0.0075 0.03227083333333333
0 0.3086796875 0.43292708333333335 0.013203125 0.043979166666666666
0 0.7606484375 0.45328124999999997 0.029640625 0.12147916666666667
0 0.5715078125 0.4393229166666667 0.017765625 0.07943750000000001
0 0.68359375 0.4614583333333333 0.0421875 0.14791666666666667
