2 0.39998437500000006 0.7147911832946636 0.1680625 0.4035498839907193
0 0.7037031250000001 0.4545011600928074 0.37228125 0.73707656612529
0 0.34577343750000006 0.42488399071925753 0.311046875 0.5941763341067284
0 0.91784375 0.2 0.03784375 0.08988399071925754
0 0.10003125 0.14269141531322505 0.02809375 0.13071925754060326
0 0.12132031250000003 0.1531786542923434 0.016296875 0.10524361948955915
0 0.032625 0.14602088167053365 0.029718750000000002 0.12503480278422274
0 0.0725390625 0.17779582366589325 0.029453125000000004 0.060324825986078884
0 0.40703125 0.18483758700696054 0.029343750000000002 0.12118329466357307
0 0.2947890625 0.305754060324826 0.040859375 0.03744779582366589
0 0.8999609375 0.1995011600928074 0.020484375 0.07023201856148492
0 0.9601875 0.2198955916473318 0.0335 0.057192575406032474
0 0.9664765625 0.1744663573085847 0.007484375000000001 0.02331786542923434
0 0.9246796875 0.17177494199535961 0.005265625 0.013109048723897912
0 0.446875 0.32830626450116007 0.89375 0.4756380510440835
