0 0.5133046875 0.5925312500000001 0.026609375000000005 0.1051875
0 0.470234375 0.6072916666666667 0.04203125 0.125375
0 0.4792265625 0.5975312500000001 0.017453125 0.1048125
0 0.6644375 0.5660416666666667 0.022625000000000003 0.10029166666666667
0 0.7080625 0.5582708333333333 0.03896875 0.10620833333333332
0 0.6868359375000002 0.5669062500000001 0.020609375 0.09797916666666667
0 0.9296250000000001 0.6035208333333333 0.046125 0.15441666666666667
0 0.8419218750000002 0.5766145833333333 0.032718750000000005 0.11910416666666666
0 0.9135234375 0.5974791666666666 0.024296875000000002 0.14425
0 0.6772421875000001 0.5624062500000001 0.011328125000000001 0.09739583333333333
0 0.8967890624999999 0.5661354166666667 0.033328125 0.12260416666666667
0 0.6965156250000001 0.5048020833333333 0.013781250000000002 0.025895833333333333
