0 0.9172734375000001 0.4027395833333333 0.006515625000000001 0.0265625
0 0.8708125000000001 0.40116666666666667 0.00696875 0.023083333333333334
0 0.610375 0.37357291666666664 0.00790625 0.021270833333333336
0 0.8792734375000001 0.3989479166666667 0.007328125000000001 0.025479166666666667
0 0.7400234375000001 0.38845833333333335 0.006984375 0.023
0 0.8652890625 0.40158333333333335 0.006953125000000001 0.0295
0 0.8514609375000002 0.3967083333333334 0.0064531250000000005 0.027708333333333335
0 0.858359375 0.40058333333333335 0.00696875 0.022500000000000003
0 0.3541015625 0.4301979166666667 0.005609375 0.01589583333333333
0 0.3507421875000001 0.43113541666666666 0.0036718750000000002 0.010729166666666668
0 0.33043750000000005 0.4281666666666667 0.00515625 0.009250000000000001
