0 0.25757812500000005 0.4816550116550116 0.30428125000000006 0.7887645687645688
0 0.7878125 0.528088578088578 0.29825 0.773053613053613
0 0.8871093750000001 0.16143356643356646 0.10143750000000001 0.32062937062937064
0 0.027453125000000002 0.05029137529137529 0.054906250000000004 0.10058275058275058
0 0.5171328125 0.022424242424242423 0.061390625000000004 0.04438228438228438
0 0.3703203125 0.03339160839160839 0.08604687500000001 0.06678321678321678
0 0.2869375 0.04015151515151515 0.10896875 0.078997668997669
0 0.17727343750000002 0.04477855477855478 0.08804687500000001 0.08955710955710956
0 0.0910859375 0.04904428904428904 0.068296875 0.09808857808857809
0 0.44803906250000003 0.02702797202797203 0.08235937500000001 0.05405594405594406
0 0.59190625 0.021655011655011654 0.07700000000000001 0.04326340326340326
