0 0.698109375 0.5892156862745097 0.15415625 0.28637254901960785
0 0.6095781250000001 0.6243504901960784 0.10615625000000001 0.16654411764705881
0 0.4933671875 0.6059803921568627 0.090421875 0.23637254901960783
0 0.7770312500000001 0.3134436274509804 0.032031250000000004 0.14090686274509803
0 0.2777265625 0.27625 0.055390625000000006 0.07049019607843138
0 0.5164609375 0.24888480392156861 0.043609375000000006 0.05399509803921569
0 0.46674218750000007 0.25718137254901957 0.056359375 0.05715686274509804
0 0.1526171875 0.23515931372549018 0.07392187500000001 0.1664950980392157
0 0.34668750000000004 0.2033700980392157 0.051562500000000004 0.07865196078431373
0 0.8029999999999999 0.0847794117647059 0.049125 0.06995098039215686
0 0.3304609375 0.26992647058823527 0.042515625 0.05294117647058824
0 0.63996875 0.05743872549019608 0.039093750000000003 0.06629901960784314
0 0.0916328125 0.22926470588235293 0.050890625 0.18799019607843137
0 0.49921875000000004 0.19240196078431374 0.9984375000000001 0.38480392156862747
