0 0.464078125 0.3124 0.0325625 0.08070588235294117
0 0.13036718749999998 0.42324705882352937 0.016765625000000003 0.07171764705882352
0 0.10275 0.41712941176470586 0.01528125 0.06437647058823529
0 0.0816796875 0.4155411764705882 0.009703125 0.05927058823529412
0 0.0658984375 0.41671764705882347 0.014546875 0.059035294117647054
0 0.203609375 0.43287058823529406 0.01721875 0.07152941176470587
0 0.056609374999999997 0.4169058823529411 0.009937500000000002 0.04915294117647059
0 0.1193046875 0.41883529411764703 0.011515625000000002 0.0648235294117647
0 0.19205468750000002 0.4231058823529411 0.012890625000000001 0.07035294117647058
0 0.0199296875 0.41738823529411767 0.007890625 0.04258823529411765
0 0.045328125000000004 0.41321176470588233 0.01215625 0.054941176470588236
0 0.0139140625 0.4117647058823529 0.010453125 0.04969411764705882
