0 0.22067968750000003 0.18063231850117095 0.015109375000000001 0.08084309133489462
0 0.7703906250000001 0.6899180327868853 0.0689375 0.07599531615925059
0 0.23171875000000003 0.18008196721311476 0.019500000000000003 0.08480093676814988
0 0.9020078125 0.6103864168618267 0.030140625 0.06451990632318501
0 0.247375 0.18566744730679158 0.020125000000000004 0.08697892271662763
0 0.872578125 0.5909718969555036 0.01803125 0.05955503512880562
0 0.211875 0.2002693208430913 0.01175 0.05229508196721311
0 0.27313281250000004 0.18396955503512882 0.028671875000000003 0.10644028103044498
0 0.65246875 0.7640983606557377 0.139875 0.06796252927400469
0 0.19427343750000003 0.18831381733021077 0.020640625000000003 0.08669789227166277
