2 0.900796875 0.7098009367681498 0.19840625 0.20461358313817332
2 0.747453125 0.573032786885246 0.09765625 0.092903981264637
2 0.787578125 0.549847775175644 0.0965625 0.10348946135831381
2 0.7144140625 0.5304683840749415 0.050859375 0.05283372365339578
2 0.6682656250000001 0.5262177985948477 0.04546875 0.07304449648711944
2 0.6628828125 0.6333372365339579 0.10904687500000002 0.13117096018735364
0 0.009921875 0.4592037470725995 0.01203125 0.05334894613583138
0 0.33903125 0.42049180327868857 0.012125 0.05311475409836065
0 0.57665625 0.4124590163934426 0.01175 0.045011709601873534
0 0.37245312500000005 0.4145081967213115 0.01175 0.034402810304449645
0 0.45766406249999997 0.4038758782201405 0.009390625 0.016885245901639343
0 0.4700078125 0.41879391100702573 0.010859375000000001 0.03384074941451991
0 0.9346171875000002 0.3922599531615925 0.013515625000000002 0.05032786885245901
0 0.7851484375000001 0.39798594847775176 0.008234375 0.028946135831381732
0 0.8940703125000001 0.39419203747072595 0.011578125000000002 0.04749414519906323
0 0.26409375 0.3862177985948478 0.07500000000000001 0.1831615925058548
0 0.7626250000000001 0.3943793911007026 0.009875000000000002 0.042716627634660415
0 0.41883593750000003 0.4133138173302107 0.006984375 0.033559718969555036
0 0.38439062500000004 0.41829039812646374 0.011875 0.043700234192037474
0 0.9140625 0.3946135831381733 0.037500000000000006 0.06323185011709602
