0 0.07481249999999999 0.39975 0.11553125 0.45387500000000003
0 0.2272109375 0.37967708333333333 0.08123437500000001 0.2858958333333333
0 0.264703125 0.38869791666666664 0.09415625 0.34277083333333336
0 0.5252187500000001 0.3603020833333333 0.12006250000000002 0.38127083333333334
0 0.69859375 0.45998958333333334 0.16684375 0.5707708333333333
0 0.1627109375 0.32628125 0.043359375000000006 0.21072916666666666
0 0.286515625 0.8606770833333334 0.25956250000000003 0.2561875
0 0.440953125 0.35922916666666665 0.056499999999999995 0.21716666666666665
0 0.383921875 0.34795833333333337 0.052062500000000005 0.23004166666666667
0 0.12376562500000002 0.36964583333333334 0.04903125 0.2967083333333333
0 0.538484375 0.26557291666666666 0.025718750000000002 0.04139583333333333
0 0.8258906250000001 0.37609374999999995 0.1059375 0.36322916666666666
0 0.2092421875 0.25979166666666664 0.062296875 0.06933333333333333
