2 0.51271 0.5021988795518207 0.048420000000000005 0.16210084033613445
0 0.26795 0.7898879551820729 0.19894 0.3977591036414566
0 0.52827 0.7792717086834735 0.1399 0.4211764705882353
0 0.5816600000000001 0.8193557422969188 0.20724 0.3399439775910364
0 0.81668 0.760672268907563 0.17008 0.45619047619047626
0 0.93482 0.7887675070028012 0.13036 0.4
0 0.902 0.5204761904761905 0.09212000000000001 0.1523249299719888
0 0.30762 0.2721148459383753 0.04028 0.12047619047619047
0 0.87346 0.2069327731092437 0.03448 0.061932773109243694
0 0.6129200000000001 0.6370728291316526 0.12516 0.23145658263305322
0 0.33924 0.265672268907563 0.03268 0.0772829131652661
0 0.06918 0.20334733893557422 0.040920000000000005 0.12277310924369747
0 0.10884 0.2292997198879552 0.050960000000000005 0.07635854341736695
0 0.06948 0.9363585434173669 0.11040000000000001 0.1272829131652661
2 0.7372799999999999 0.27413165266106443 0.04328 0.06697478991596639
0 0.528 0.20028011204481794 0.916 0.17086834733893558
