0 0.54517 0.6258477011494253 0.11626 0.5891666666666666
0 0.6610199999999999 0.6444683908045977 0.1166 0.5658908045977011
0 0.73489 0.632772988505747 0.07794 0.5063505747126437
0 0.8797 0.6119683908045978 0.23140000000000002 0.5814655172413793
0 0.6210399999999999 0.7307327586206896 0.0868 0.4195114942528736
0 0.81423 0.7104310344827586 0.0877 0.4228160919540229
0 0.21523 0.5337212643678161 0.03162 0.032844827586206896
0 0.60439 0.2772413793103448 0.1115 0.17402298850574713
0 0.60872 0.4279166666666666 0.02804 0.1275574712643678
0 0.17139000000000001 0.5343965517241379 0.03006 0.03477011494252873
