0 0.350671875 0.6244166666666667 0.3050625 0.7511666666666666
0 0.133453125 0.37387499999999996 0.125 0.43016666666666664
0 0.5954609375000001 0.47858333333333325 0.08276562500000001 0.40529166666666666
0 0.72709375 0.4422395833333333 0.0865625 0.3218125
0 0.07078906250000001 0.4382083333333333 0.13482812500000002 0.8719166666666666
0 0.8916875000000002 0.49854166666666666 0.11859375000000001 0.36208333333333337
0 0.6792109375000001 0.4404479166666667 0.08426562500000001 0.2921458333333333
0 0.9724218750000001 0.4952395833333333 0.05178125 0.20085416666666667
0 0.22502343749999998 0.33082291666666663 0.05517187500000001 0.1600625
0 0.8302421875000001 0.47635416666666663 0.079390625 0.2927916666666667
0 0.2681640625 0.33053125 0.041609375000000004 0.15072916666666666
0 0.6388906250000002 0.3291770833333334 0.03665625 0.06727083333333334
0 0.33148437500000005 0.28569791666666666 0.0568125 0.12772916666666667
