0 0.44478124999999996 0.4628705882352941 0.12731250000000002 0.32545882352941174
0 0.5473437499999999 0.4839647058823529 0.12275000000000001 0.28971764705882347
0 0.32958593750000004 0.479835294117647 0.054734375 0.16870588235294118
0 0.631375 0.44837647058823527 0.03290625 0.13002352941176468
0 0.06864843749999999 0.49381176470588234 0.128328125 0.2449411764705882
0 0.9305703125 0.483035294117647 0.041421875000000004 0.1663529411764706
0 0.979578125 0.444035294117647 0.03478125000000001 0.08345882352941175
0 0.1518671875 0.4679529411764705 0.022140625 0.11694117647058823
0 0.24598437500000003 0.4295058823529411 0.04656250000000001 0.12574117647058822
0 0.055328125 0.45414117647058816 0.03471875 0.07632941176470587
0 0.23128125000000002 0.5147411764705881 0.080875 0.1572470588235294
0 0.2197734375 0.5720470588235294 0.045828125 0.04390588235294117
