0 0.7670859375 0.6950819672131148 0.148921875 0.5149882903981264
0 0.8973828125000001 0.6065456674473068 0.08664062500000001 0.31857142857142856
0 0.6701562500000001 0.5470491803278689 0.0405625 0.21423887587822016
0 0.6979453125 0.5257259953161593 0.027234375 0.13960187353629977
0 0.7391093750000001 0.5086416861826698 0.03528125 0.12725995316159253
0 0.8726328125 0.4126346604215457 0.037765625000000004 0.10887587822014053
0 0.9196015625 0.45237704918032784 0.038828125000000005 0.10391100702576112
0 0.873484375 0.49907494145199066 0.0245625 0.10915690866510538
0 0.71821875 0.5105386416861827 0.01025 0.08978922716627635
0 0.7077421875000001 0.5094847775175644 0.015953125000000002 0.09676814988290398
0 0.942390625 0.6780679156908664 0.11521875 0.6271428571428572
0 0.7651718750000001 0.4813114754098361 0.022093750000000002 0.059531615925058554
