1 0.40071875 0.6896456692913385 0.09665625 0.17889763779527557
1 0.8075859375000001 0.7682283464566929 0.044765625 0.2655905511811023
1 0.6008984375 0.6919685039370078 0.065296875 0.1880314960629921
0 0.78859375 0.2885433070866142 0.0121875 0.10527559055118109
0 0.5238828125 0.44633858267716536 0.13717187500000003 0.6244094488188976
0 0.7280468750000001 0.606988188976378 0.083125 0.31531496062992126
0 0.37571093750000006 0.27007874015748035 0.126546875 0.5383464566929134
0 0.16410156250000002 0.22696850393700788 0.148046875 0.44944881889763777
0 0.095875 0.5 0.18996875000000002 1.0
0 0.634734375 0.5546850393700786 0.085625 0.2958267716535433
0 0.7826875000000001 0.4939173228346457 0.054843750000000004 0.24555118110236218
0 0.6805468750000001 0.3905905511811023 0.08078125000000001 0.6375590551181102
0 0.9556718750000001 0.4301574803149606 0.08853125 0.2522834645669291
0 0.9315468750000001 0.20448818897637797 0.12753125 0.3460629921259843
0 0.587640625 0.29708661417322835 0.04246875 0.19826771653543307
0 0.746421875 0.3157874015748031 0.015218750000000001 0.10622047244094489
0 0.5281250000000001 0.22244094488188976 0.25 0.43700787401574803
