0 0.3349765625000001 0.6213472222222223 0.184546875 0.5955277777777778
0 0.5296328124999999 0.46966666666666673 0.136515625 0.3146111111111111
0 0.5864609375 0.38716666666666666 0.106328125 0.2858888888888889
0 0.6578125 0.4046805555555556 0.10896875 0.46930555555555553
0 0.305390625 0.06727777777777778 0.068875 0.1338888888888889
0 0.397125 0.06733333333333333 0.062125 0.13466666666666666
0 0.9082109375 0.058430555555555555 0.07710937500000001 0.11686111111111111
0 0.7660078125 0.04225 0.064359375 0.08411111111111112
0 0.8239921875 0.06170833333333334 0.069703125 0.12341666666666667
0 0.5504453125000001 0.07681944444444445 0.058328125 0.11347222222222222
0 0.49721875000000004 0.07406944444444445 0.05 0.1086388888888889
0 0.6557578125000001 0.08548611111111111 0.042640625 0.08958333333333333
0 0.1336640625 0.06555555555555556 0.062015625 0.13111111111111112
0 0.45937500000000003 0.06666666666666667 0.5593750000000001 0.13333333333333333
