0 0.2820390625 0.9352666666666667 0.023703125000000002 0.07866666666666666
0 0.6724296875000001 0.9153444444444444 0.023453125000000002 0.06762222222222222
0 0.6969296875000001 0.9661555555555557 0.035078125 0.06711111111111111
0 0.1056640625 0.9016333333333334 0.017828125 0.07251111111111112
0 0.47296875 0.8230555555555555 0.0119375 0.049444444444444444
0 0.25822656250000003 0.9483 0.028203125000000002 0.1034
0 0.352921875 0.9151444444444444 0.0209375 0.050555555555555555
0 0.3479609375 0.9241333333333334 0.016203125 0.02613333333333333
0 0.83640625 0.8728888888888889 0.0199375 0.08088888888888889
0 0.39828125000000003 0.9065333333333333 0.02375 0.06533333333333333
0 0.2505625 0.9134333333333333 0.01171875 0.04722222222222222
0 0.345703125 0.8819222222222223 0.0238125 0.07904444444444444
