0 0.83378125 0.8013281250000001 0.10693749999999999 0.19953125000000002
0 0.32231249999999995 0.7823671875 0.04666666666666666 0.124078125
0 0.66609375 0.7659140625 0.06110416666666666 0.12457812500000001
0 0.39753125 0.8073203124999999 0.10914583333333333 0.21282812500000003
0 0.58765625 0.7615625 0.0526875 0.11681250000000001
0 0.44287499999999996 0.7549453125000001 0.059166666666666666 0.098015625
0 0.49174999999999996 0.767140625 0.04116666666666667 0.11603125000000002
0 0.20370833333333332 0.7126953125000001 0.024416666666666666 0.029046875
0 0.5411041666666667 0.755984375 0.03641666666666667 0.09890625
0 0.6296249999999999 0.79078125 0.0435 0.049093750000000005
0 0.7104166666666667 0.7372812500000001 0.026833333333333334 0.05325
