0 0.4950546875 0.3667334905660377 0.045765625000000004 0.31252358490566035
0 0.8325234374999999 0.7641745283018867 0.019546875000000002 0.12419811320754716
0 0.294765625 0.4221344339622642 0.0401875 0.23474056603773585
0 0.880734375 0.7409669811320754 0.0401875 0.19377358490566035
0 0.6651328125 0.32791273584905656 0.046546875 0.33573113207547167
0 0.8513750000000002 0.7597169811320754 0.019343750000000003 0.13339622641509433
0 0.3897109375 0.41647405660377357 0.031171875 0.23058962264150942
0 0.4319453125 0.3897995283018868 0.054484375 0.24823113207547168
0 0.35349218750000005 0.4372051886792453 0.046765625000000005 0.2097877358490566
0 0.5757187500000001 0.4395165094339622 0.050093750000000006 0.10525943396226416
0 0.619328125 0.33707547169811325 0.053593749999999996 0.314622641509434
0 0.31809375 0.43146226415094335 0.029125 0.20688679245283018
0 0.5335859375 0.38349056603773585 0.052859375 0.2742452830188679
0 0.51484375 0.5731132075471698 0.9671875000000001 0.6179245283018868
