0 0.4821015625 0.8631458333333333 0.156578125 0.27370833333333333
0 0.22296875 0.49143749999999997 0.06306250000000001 0.09795833333333334
0 0.20596875 0.47059375 0.056906250000000005 0.0831875
0 0.192609375 0.4535416666666666 0.04528125 0.06266666666666666
0 0.394265625 0.6611770833333334 0.08003125 0.10747916666666667
0 0.34785156250000004 0.58296875 0.046046875 0.07539583333333333
0 0.0874609375 0.35448958333333336 0.087515625 0.12822916666666667
0 0.4320546875 0.6941458333333334 0.052234375 0.07833333333333334
0 0.6223828125 0.9097916666666667 0.046515625000000005 0.079875
0 0.365453125 0.6194062499999999 0.05228125 0.07943750000000001
