0 0.0434765625 0.6898829039812646 0.083953125 0.593255269320843
0 0.0692421875 0.4489812646370023 0.033578125 0.12067915690866511
0 0.23379687500000002 0.44593676814988287 0.0521875 0.14957845433255268
0 0.6022578125 0.4867915690866511 0.07910937500000001 0.2796252927400468
0 0.27661718750000003 0.5074941451990632 0.041296875000000004 0.20725995316159251
0 0.31572656250000003 0.4744496487119438 0.06501562500000001 0.20327868852459016
0 0.1783515625 0.42844262295081964 0.038484375 0.08812646370023419
0 0.36127343749999996 0.4433021077283373 0.028265625000000003 0.06435597189695551
0 0.238421875 0.5491451990632319 0.04315625000000001 0.23285714285714287
0 0.21290625 0.43653395784543325 0.034749999999999996 0.12599531615925058
0 0.5388828125 0.45716627634660423 0.042984375000000005 0.13227166276346602
0 0.144546875 0.4792388758782201 0.056468750000000005 0.15501170960187352
0 0.765234375 0.4214988290398127 0.022406250000000003 0.04046838407494145
0 0.39375000000000004 0.4812646370023419 0.6062500000000001 0.25526932084309134
