0 0.22634375000000004 0.5824683544303798 0.30290625000000004 0.591012658227848
0 0.207671875 0.7961708860759493 0.28190624999999997 0.3783755274261603
0 0.6499218750000001 0.556181434599156 0.23134375000000001 0.4022362869198312
0 0.5633750000000001 0.7479430379746834 0.36781250000000004 0.4809071729957805
0 0.8885000000000001 0.6129430379746834 0.223 0.7726793248945147
0 0.614640625 0.13189873417721518 0.07671875 0.25839662447257383
0 0.5389765625 0.13623417721518988 0.069109375 0.2695569620253164
0 0.26878124999999997 0.1235970464135021 0.05159375000000001 0.2471940928270042
0 0.32425000000000004 0.12408227848101266 0.06865625 0.2460970464135021
0 0.20562500000000006 0.12529535864978902 0.0685 0.25059071729957805
0 0.0243984375 0.11751054852320675 0.047984375 0.23426160337552743
0 0.41032031250000006 0.1336181434599156 0.100984375 0.2672362869198312
0 0.09353125000000001 0.07812236286919831 0.0679375 0.15535864978902952
