0 0.871592505854801 0.324109375 0.024168618266978924 0.0499375
0 0.7044028103044497 0.3314296875 0.02918032786885246 0.023421875
0 0.9580210772833724 0.32178125 0.01693208430913349 0.0231875
0 0.7596370023419204 0.33353125000000006 0.019929742388758782 0.020625
0 0.712447306791569 0.33228906250000007 0.01323185011709602 0.014234375
0 0.8191686182669788 0.31850781250000004 0.017681498829039813 0.014609375
0 0.5181498829039812 0.3060390625 0.03634660421545667 0.040203125000000006
0 0.49405152224824356 0.5678984375 0.6254332552693208 0.558015625
0 0.891112412177986 0.32153125000000005 0.013372365339578455 0.0188125
0 0.9204098360655737 0.31343750000000004 0.011405152224824357 0.00815625
0 0.6242974238875878 0.30953125000000004 0.012435597189695549 0.00796875
