0 0.2471328125 0.5716354166666666 0.045234375 0.11610416666666666
0 0.6218125 0.5849583333333334 0.03678125 0.11616666666666665
0 0.7784453125 0.5654895833333333 0.027921875000000002 0.10147916666666666
0 0.18103906250000001 0.5743125 0.037140625000000003 0.14100000000000001
0 0.10025781250000002 0.5593333333333333 0.038703125000000005 0.08820833333333333
0 0.03753125 0.5390833333333334 0.014968750000000001 0.037375000000000005
0 0.0180234375 0.5570833333333333 0.032359375 0.07745833333333334
0 0.6753515625000001 0.61846875 0.086109375 0.24235416666666665
0 0.6848281250000001 0.5459375 0.0161875 0.05316666666666667
0 0.04384375 0.52434375 0.004812500000000001 0.014270833333333332
0 0.7396796875000001 0.57365625 0.033921875000000004 0.13339583333333332
0 0.0838203125 0.5420416666666666 0.013953125 0.03916666666666667
0 0.06012500000000001 0.5815312499999999 0.05146875 0.1491875
