0 0.1733046875 0.6617943107221006 0.15404687500000003 0.6764113785557987
0 0.3665078125000001 0.4408424507658643 0.019390625 0.06304157549234135
0 0.6478046875 0.44357768052516405 0.018015625 0.058052516411378555
0 0.8190390625000001 0.46961706783369805 0.031609375 0.12172866520787747
0 0.896859375 0.4594420131291028 0.01096875 0.032188183807439825
0 0.9187343750000001 0.45904814004376365 0.023156250000000003 0.058577680525164114
0 0.07688281250000001 0.44758205689277897 0.043234375000000005 0.06277899343544859
0 0.43853906249999997 0.42733041575492337 0.012203125 0.030284463894967174
0 0.011515625000000002 0.46091903719912475 0.0140625 0.05164113785557987
0 0.50753125 0.5347592997811815 0.07365625 0.29371991247264767
