0 0.337046875 0.5108732057416268 0.23781249999999998 0.30452153110047847
0 0.978890625 0.44393540669856457 0.026531250000000003 0.046291866028708134
0 0.1704921875 0.22296650717703348 0.0053906250000000005 0.01923444976076555
0 0.221203125 0.22300239234449762 0.0093125 0.025382775119617222
0 0.48577343750000007 0.5207535885167464 0.021828125000000004 0.026961722488038277
0 0.050195312500000006 0.6246291866028707 0.009546875000000002 0.03791866028708134
0 0.21077343750000002 0.22345693779904305 0.006234375 0.0165311004784689
0 0.0045625 0.6508492822966507 0.009125 0.034952153110047846
0 0.9557968750000001 0.4860406698564593 0.02496875 0.12595693779904304
0 0.9918281250000001 0.4863277511961722 0.01634375 0.12456937799043062
0 0.0416171875 0.6203827751196171 0.007171875 0.030239234449760767
0 0.0094453125 0.6558373205741627 0.0031718749999999998 0.02985645933014354
0 0.901140625 0.05600478468899521 0.0039375 0.01665071770334928
0 0.7351562500000001 0.284688995215311 0.5140625 0.5454545454545454
