0 0.6006484375 0.7385948477751756 0.027015625 0.12229508196721312
0 0.55834375 0.6673887587822013 0.02521875 0.10784543325526931
0 0.7667734375 0.869473067915691 0.06035937500000001 0.15740046838407493
0 0.7706406250000001 0.7276580796252928 0.022000000000000002 0.11578454332552693
0 0.78846875 0.8586768149882905 0.027281250000000003 0.14606557377049179
0 0.6252031250000001 0.78307962529274 0.03659375 0.1548711943793911
0 0.672609375 0.8607845433255269 0.041281250000000005 0.14817330210772833
0 0.6046015625000001 0.6788173302107728 0.031359375 0.09721311475409836
0 0.27020312500000004 0.9681733021077282 0.0398125 0.06365339578454332
0 0.54134375 0.6757025761124122 0.012562499999999999 0.057025761124121783
0 0.54075 0.6446955503512881 0.011562500000000002 0.02629976580796253
0 0.5253437500000001 0.6607962529274005 0.023781250000000004 0.11475409836065574
0 0.5493984375000001 0.8242271662763467 0.028328125 0.1392271662763466
