0 0.437328125 0.9691100702576112 0.01071875 0.021639344262295083
0 0.10889843750000001 0.9810889929742389 0.015953125000000002 0.037822014051522246
0 0.6670078125000001 0.9664988290398127 0.018890625 0.06578454332552693
0 0.22710156250000002 0.9859133489461357 0.012828125000000003 0.027892271662763465
0 0.095515625 0.9242857142857144 0.01059375 0.027166276346604214
0 0.157234375 0.9778688524590164 0.0370625 0.04426229508196721
0 0.0903515625 0.9722014051522249 0.020078125000000002 0.04936768149882904
0 0.48845312499999993 0.9091686182669788 0.0045625 0.019133489461358313
0 0.45739062500000005 0.8888290398126465 0.005812500000000001 0.016299765807962528
0 0.28750000000000003 0.984824355971897 0.009125 0.030351288056206092
0 0.4382890625 0.9897189695550351 0.011140625000000001 0.02056206088992974
0 0.1060859375 0.9238875878220141 0.015578125000000002 0.03292740046838408
