0 0.40149999999999997 0.6573046874999999 0.6352083333333333 0.662921875
0 0.861625 0.402546875 0.23720833333333333 0.27725
0 0.67328125 0.36175781250000005 0.2884791666666667 0.211046875
0 0.3824166666666667 0.4739375 0.242125 0.33359375
0 0.37564583333333335 0.35177343750000006 0.178375 0.158078125
0 0.25292708333333336 0.2870859375 0.0963125 0.089296875
0 0.31865625 0.25879687500000004 0.07202083333333334 0.045375
0 0.53221875 0.31827343750000003 0.16960416666666667 0.14776562499999998
0 0.956 0.47092968749999997 0.06987499999999999 0.164921875
0 0.9753020833333333 0.5627734375000001 0.04939583333333333 0.190453125
0 0.67234375 0.3501953125 0.09427083333333333 0.090609375
