0 0.25357812500000004 0.3191121495327102 0.20775000000000002 0.5266822429906541
0 0.07814062500000002 0.4325817757009346 0.15028125000000003 0.36628504672897194
0 0.42358593750000006 0.4565887850467289 0.087703125 0.16939252336448596
0 0.7108671875000001 0.5135163551401869 0.578265625 0.9526869158878504
0 0.894140625 0.30649532710280375 0.12521875000000002 0.07271028037383177
0 0.10589843750000001 0.3713785046728971 0.050828125 0.0844392523364486
0 0.4038828125 0.40903037383177565 0.024109375000000002 0.06740654205607477
0 0.5222734375 0.5647196261682242 0.135796875 0.22429906542056072
0 0.361703125 0.40957943925233636 0.0161875 0.05467289719626167
0 0.12850000000000003 0.4014369158878504 0.045250000000000005 0.11521028037383177
