0 0.284359375 0.4640448113207547 0.20246875000000003 0.9236084905660378
0 0.576703125 0.4831132075471698 0.10296875000000001 0.42792452830188676
0 0.7741562500000001 0.4775235849056604 0.33646875000000004 0.9550471698113208
0 0.3779921875000001 0.5122995283018867 0.063421875 0.24521226415094338
0 0.520328125 0.4932665094339622 0.07890625000000001 0.2898820754716981
0 0.41939062499999996 0.5324056603773585 0.02525 0.11844339622641509
0 0.977484375 0.37463443396226415 0.02284375 0.04044811320754717
0 0.6130937500000001 0.3460141509433962 0.028812500000000005 0.07561320754716981
0 0.4781484375 0.43152122641509433 0.020765625 0.06110849056603773
0 0.42174218750000003 0.4591037735849056 0.009296875000000001 0.025849056603773585
0 0.4428515625 0.4496698113207548 0.008953125000000001 0.026462264150943396
0 0.45146093750000005 0.491933962264151 0.024921875 0.02580188679245283
0 0.6709296875 0.45249999999999996 0.026921875 0.0645754716981132
0 0.57578125 0.43514150943396224 0.8453125 0.2712264150943396
