0 0.6004921875000001 0.4599440298507462 0.32039062500000004 0.6554850746268656
0 0.11608593750000001 0.5 0.23217187500000003 1.0
0 0.38957812500000005 0.7866697761194029 0.024 0.05229477611940299
0 0.77446875 0.6570615671641791 0.0120625 0.03707089552238806
0 0.5082421874999999 0.7598694029850747 0.021109375 0.06335820895522389
0 0.47534374999999995 0.759580223880597 0.026781250000000003 0.07292910447761194
0 0.5254140625 0.7431716417910447 0.023921875000000002 0.08417910447761194
0 0.6040859375000001 0.7662126865671641 0.061734375 0.19630597014925372
0 0.619546875 0.6908768656716417 0.010937500000000001 0.028395522388059702
0 0.882921875 0.6610447761194029 0.027031250000000003 0.05231343283582089
0 0.9373125000000002 0.6219123134328357 0.015437500000000002 0.04061567164179104
0 0.7586796875 0.7069869402985074 0.050390625 0.09610074626865671
0 0.25114062500000006 0.8399813432835821 0.02790625 0.1739179104477612
0 0.5875 0.7024253731343283 0.6843750000000001 0.21455223880597016
