0 0.6781328125 0.48492625368731557 0.137453125 0.26141592920353984
0 0.9177734375000001 0.26735988200589966 0.044109375000000006 0.16091445427728612
0 0.8629765625000001 0.26315634218289086 0.057328125 0.16306784660766963
0 0.6102109375000001 0.2015781710914454 0.029828125 0.08557522123893806
0 0.9831015625000001 0.28799410029498523 0.032640625 0.09292035398230089
0 0.209625 0.27809734513274337 0.028499999999999998 0.046637168141592925
0 0.12087500000000001 0.2999262536873156 0.025500000000000002 0.06628318584070796
0 0.41590625000000003 0.1765339233038348 0.00784375 0.041976401179941
0 0.0617109375 0.1710914454277286 0.024140625 0.05014749262536873
0 0.049375 0.1884513274336283 0.01621875 0.012772861356932154
0 0.5130703124999999 0.17497050147492627 0.006734375 0.0428023598820059
0 0.5710078125 0.2380678466076696 0.07785937500000001 0.25890855457227135
0 0.07921875 0.18386430678466076 0.00965625 0.022772861356932152
