0 0.28738281250000003 0.7394042056074766 0.048390625 0.08731308411214952
0 0.30464843750000004 0.7313434579439252 0.040203125000000006 0.08063084112149532
0 0.211515625 0.750070093457944 0.0319375 0.10065420560747662
0 0.341703125 0.7158528037383177 0.03584375 0.07156542056074766
0 0.3630078125 0.6763084112149532 0.020078125000000002 0.035046728971962614
0 0.3750703125 0.6946728971962616 0.025234375 0.06836448598130841
0 0.39035937500000006 0.6657827102803738 0.0171875 0.05184579439252336
0 0.4038593750000001 0.6767289719626167 0.029125 0.0669626168224299
0 0.9240546875 0.5123831775700933 0.019578125000000002 0.05406542056074766
0 0.32576562500000006 0.7031775700934578 0.023250000000000003 0.06485981308411215
0 0.57678125 0.5713901869158878 0.00825 0.01796728971962617
0 0.5734296875 0.5776401869158878 0.011734375 0.018411214953271027
0 0.6091093750000001 0.5550233644859812 0.009750000000000002 0.021355140186915887
0 0.61640625 0.5677570093457943 0.6046875 0.27102803738317754
