0 0.9070625 0.4986879432624114 0.027625 0.05373522458628842
0 0.7077656250000001 0.48366430260047283 0.0105 0.06955082742316786
0 0.924046875 0.46977541371158393 0.01265625 0.03595744680851064
0 0.913921875 0.4643853427895981 0.01053125 0.027966903073286052
0 0.9471953125000001 0.4901536643026005 0.021484375 0.06186761229314421
0 0.7564453125 0.5529905437352246 0.045640625000000004 0.09293144208037825
0 0.6710625000000001 0.47325059101654837 0.02028125 0.04040189125295508
0 0.9029375000000001 0.4702127659574468 0.008906250000000001 0.02794326241134752
0 0.9508828125 0.4865130023640662 0.009453125 0.03765957446808511
0 0.7730781250000001 0.5079550827423167 0.03003125 0.08602836879432624
