0 0.511265625 0.7449414519906324 0.13493750000000002 0.465152224824356
0 0.6988046875 0.5238875878220141 0.010984375000000001 0.043887587822014046
0 0.2658359375 0.5359601873536299 0.007140625000000001 0.022740046838407496
2 0.8518359375 0.5279156908665106 0.013359375000000001 0.01297423887587822
0 0.4267734375 0.5226814988290398 0.014421875 0.045784543325526936
0 0.5985390625 0.52384074941452 0.009609375000000002 0.04721311475409836
0 0.1636640625 0.527751756440281 0.022296875 0.039391100702576114
0 0.8358671875000001 0.5163700234192038 0.018796875 0.042997658079625294
0 0.2434765625 0.5266042154566745 0.014171875 0.04084309133489462
0 0.584234375 0.5345433255269321 0.0084375 0.029086651053864168
2 0.1478203125 0.5326932084309134 0.017890625 0.02740046838407494
