0 0.7226640625 0.5179859484777518 0.43479687499999997 0.6
0 0.352890625 0.19875878220140517 0.0748125 0.31447306791569085
0 0.27049218750000004 0.17960187353629975 0.056796875000000004 0.07189695550351288
0 0.16609375000000004 0.19756440281030443 0.03996875 0.12824355971896956
0 0.1929765625 0.21523419203747074 0.040328125 0.06386416861826698
0 0.1109921875 0.21022248243559719 0.067296875 0.3500936768149883
0 0.04978125 0.20544496487119437 0.06443750000000001 0.3170725995316159
0 0.802171875 0.2453512880562061 0.08378125 0.10466042154566745
0 0.592359375 0.4530913348946137 0.46315625000000005 0.6691334894613584
0 0.2966171875 0.17065573770491804 0.037921875 0.18992974238875876
0 0.007484375000000001 0.15406323185011708 0.014968750000000001 0.09857142857142857
0 0.6844140625 0.2059367681498829 0.045203125000000004 0.061288056206088994
