0 0.2758108108108108 0.79056 0.2287987987987988 0.36816000000000004
0 0.05599099099099099 0.68091 0.09630630630630631 0.1817
0 0.3398948948948949 0.5986899999999999 0.04705705705705706 0.04858
0 0.3836636636636636 0.6030899999999999 0.02846846846846847 0.07586
0 0.44884384384384385 0.5970899999999999 0.016306306306306306 0.040060000000000005
0 0.622027027027027 0.6174400000000001 0.049519519519519516 0.09972
0 0.5634684684684684 0.5976699999999999 0.025555555555555554 0.043500000000000004
0 0.47474474474474476 0.59911 0.023423423423423424 0.04374
0 0.517912912912913 0.61653 0.04765765765765766 0.09322
0 0.5523423423423423 0.59143 0.01771771771771772 0.02586
0 0.593018018018018 0.59904 0.028318318318318318 0.049479999999999996
0 0.49462462462462464 0.5962999999999999 0.01783783783783784 0.04
