0 0.5606015624999999 0.43258691206543975 0.286734375 0.7932719836400819
0 0.6665546875 0.45763803680981596 0.06310937500000001 0.10259713701431494
0 0.7471953125 0.46691206543967284 0.062109375 0.08658486707566464
0 0.32822656250000004 0.4030674846625767 0.031546875 0.10969325153374235
0 0.9013125000000001 0.4181901840490798 0.020125000000000004 0.0929038854805726
0 0.36042187500000006 0.39675869120654406 0.031406250000000004 0.12329243353783233
0 0.269 0.39711656441717796 0.03390625 0.12445807770961147
0 0.15732812500000004 0.4088752556237219 0.025812500000000002 0.0856032719836401
0 0.30846093750000003 0.5566871165644173 0.18204687500000002 0.19071574642126793
0 0.1803984375 0.40396728016359923 0.027984375000000002 0.11137014314928427
0 0.758453125 0.39079754601226996 0.031125000000000003 0.09284253578732107
0 0.8440703125000001 0.40089979550102256 0.029703125000000004 0.12290388548057261
0 0.77284375 0.4695910020449898 0.08546875000000001 0.10944785276073621
0 0.603125 0.4969325153374234 0.7406250000000001 0.3231083844580777
