0 0.49278999999999995 0.6330325443786983 0.1383 0.6493786982248521
0 0.11539 0.2147041420118343 0.10081999999999999 0.16011834319526627
0 0.38405 0.2343343195266272 0.07678 0.12068047337278107
0 0.32395999999999997 0.23088757396449702 0.06136 0.12621301775147928
0 0.28822000000000003 0.24075443786982248 0.06024 0.11251479289940829
0 0.44284000000000007 0.2343639053254438 0.059840000000000004 0.14316568047337278
0 0.48916000000000004 0.2369526627218935 0.0586 0.12449704142011833
0 0.51803 0.22937869822485207 0.06374 0.13792899408284023
0 0.87594 0.4039940828402367 0.08768000000000001 0.11124260355029586
0 0.57445 0.5672633136094675 0.06366 0.3722189349112426
0 0.17930000000000001 0.16674556213017752 0.056479999999999995 0.1376923076923077
0 0.048799999999999996 0.2114644970414201 0.06936 0.1547041420118343
0 0.45616999999999996 0.503284023668639 0.10466 0.16834319526627217
0 0.14400000000000002 0.17603550295857986 0.28800000000000003 0.1982248520710059
