0 0.5617734375 0.60878125 0.260828125 0.5942708333333333
0 0.6909296875000001 0.73540625 0.24529687500000003 0.4736875
0 0.40346093750000006 0.5004062499999999 0.08714062500000001 0.1208125
0 0.24495312500000002 0.2456875 0.050687499999999996 0.08941666666666667
0 0.24729687499999997 0.08172916666666667 0.08628125 0.094875
0 0.21088281250000002 0.3351770833333333 0.07232812500000001 0.18722916666666667
0 0.563828125 0.21991666666666668 0.062125 0.16149999999999998
0 0.7516875000000001 0.4521145833333333 0.08090625000000001 0.11460416666666666
0 0.1002734375 0.48539583333333336 0.062359374999999995 0.13033333333333333
0 0.318546875 0.25264583333333335 0.12325 0.17508333333333334
0 0.632984375 0.3285416666666666 0.0713125 0.14645833333333333
0 0.8961015625000001 0.44899999999999995 0.039296875 0.07858333333333332
0 0.4610937500000001 0.34960416666666666 0.060906249999999995 0.12204166666666666
0 0.36640625000000004 0.3364583333333333 0.2671875 0.4895833333333333
