0 0.3043844492440605 0.6879609375 0.12518358531317494 0.10420312500000001
0 0.1907991360691145 0.6858203125000001 0.12656587473002162 0.082609375
0 0.5928077753779698 0.7337265625000001 0.11706263498920087 0.074953125
0 0.2593736501079914 0.28695312500000003 0.2578401727861771 0.1483125
0 0.8159179265658747 0.7696953125 0.12963282937365012 0.093796875
0 0.7442116630669546 0.7430000000000001 0.12362850971922247 0.08531250000000001
0 0.12429805615550756 0.6729921875 0.08673866090712742 0.092765625
0 0.05732181425485961 0.6652031250000001 0.10004319654427646 0.084125
0 0.8906911447084234 0.7687578125000001 0.05049676025917927 0.066796875
0 0.4626673866090713 0.732875 0.18943844492440604 0.16153125000000002
0 0.3695032397408208 0.6887109375000001 0.059481641468682504 0.07432812500000001
0 0.9433909287257021 0.7855625 0.09334773218142549 0.047406250000000004
0 0.02799136069114471 0.6344921875 0.05598272138228942 0.084453125
