0 0.6766406250000001 0.25762230919765167 0.05081250000000001 0.10201565557729941
0 0.08912500000000001 0.6158610567514677 0.06859375 0.2251859099804305
0 0.621828125 0.23818003913894323 0.11862500000000001 0.15025440313111546
0 0.6788046875 0.24545988258317022 0.019796875000000002 0.03671232876712329
0 0.2978828125 0.6221624266144814 0.050609375000000005 0.17512720156555772
0 0.3895 0.6095890410958904 0.03209375 0.11291585127201566
0 0.056523437499999996 0.6465362035225048 0.047859375 0.126105675146771
0 0.8958671875 0.4886203522504892 0.048359375 0.11164383561643834
0 0.5656796875000001 0.26152641878669275 0.176890625 0.2283757338551859
0 0.5756249999999999 0.2531800391389432 0.07859375 0.13183953033268103
0 0.34939843750000005 0.6040606653620351 0.054453125000000005 0.14221135029354207
0 0.14958593750000002 0.6549119373776907 0.05248437500000001 0.11800391389432484
0 0.509375 0.5 0.9656250000000001 0.6360078277886496
