0 0.2228125 0.49108899297423886 0.27459375 0.3801170960187354
0 0.50865625 0.44368852459016395 0.2389375 0.4346838407494146
0 0.8426015625000001 0.45727166276346604 0.313234375 0.5281733021077284
0 0.322875 0.2603161592505855 0.0829375 0.25388758782201404
0 0.23805468750000003 0.19482435597189696 0.08145312500000002 0.11592505854800937
0 0.751390625 0.11652224824355971 0.09225 0.16859484777517564
0 0.8531015625 0.0978337236533958 0.05951562500000001 0.11716627634660422
0 0.9338281250000002 0.21333723653395784 0.08228125 0.1381967213114754
0 0.2384921875 0.10634660421545666 0.049953125 0.1446838407494145
0 0.9530078125 0.2666627634660421 0.090609375 0.32592505854800935
0 0.4384765625 0.22864168618266978 0.07151562500000001 0.3762529274004684
0 0.09232812500000001 0.22083138173302108 0.08709375000000001 0.15562060889929744
0 0.66825 0.2862646370023419 0.11603125000000002 0.2861592505854801
0 0.49921875000000004 0.49882903981264637 0.9984375000000001 0.9976580796252927
