0 0.43250781250000003 0.5595454545454546 0.42995312500000005 0.880909090909091
0 0.8106875000000001 0.5040185950413223 0.12059375000000001 0.3497314049586777
0 0.9496562500000002 0.4433264462809917 0.07287500000000001 0.3202479338842975
0 0.6226406250000001 0.43388429752066116 0.032968750000000005 0.1902892561983471
0 0.857671875 0.41043388429752065 0.045812500000000006 0.13123966942148763
0 0.711359375 0.4312293388429752 0.04050000000000001 0.1927892561983471
0 0.74403125 0.44990702479338845 0.026437500000000003 0.15923553719008263
0 0.8993515624999999 0.4387913223140496 0.056359375 0.23274793388429754
0 0.687953125 0.36119834710743803 0.019125000000000003 0.048305785123966945
0 0.9875703124999999 0.435599173553719 0.024671875 0.2175619834710744
0 0.757796875 0.38183884297520665 0.03665625 0.10359504132231405
0 0.76875 0.44421487603305787 0.421875 0.243801652892562
