0 0.3214921875 0.4673858921161826 0.084984375 0.30767634854771786
0 0.18606250000000002 0.5441182572614107 0.1559375 0.45176348547717843
0 0.0497265625 0.5441182572614107 0.099453125 0.40620331950207467
0 0.6658437500000001 0.6042323651452283 0.14290624999999998 0.4098340248962655
0 0.7407187500000001 0.7464730290456432 0.2764375 0.32941908713692947
0 0.09907031250000001 0.5078734439834025 0.076578125 0.3854149377593361
0 0.38458593750000003 0.46042531120331953 0.079421875 0.23367219917012447
0 0.5243437500000001 0.41524896265560163 0.04678125 0.18302904564315353
0 0.4676171875000001 0.4148340248962656 0.047390625 0.20419087136929462
0 0.9812265625000001 0.3453008298755187 0.03754687500000001 0.07993775933609959
0 0.40418750000000003 0.3316390041493776 0.053593749999999996 0.07701244813278008
0 0.498921875 0.42340248962655597 0.03865625 0.17473029045643154
0 0.7537109375000001 0.5632883817427385 0.149046875 0.2700622406639004
0 0.49531250000000004 0.4387966804979253 0.8968750000000001 0.3008298755186722
