0 0.41385156250000005 0.5608124999999999 0.405390625 0.7882916666666666
0 0.5517578125 0.32598958333333333 0.067140625 0.16089583333333335
0 0.847953125 0.3068854166666667 0.024625 0.06247916666666666
0 0.614453125 0.21802083333333333 0.026812500000000003 0.08004166666666666
0 0.20545312500000001 0.35541666666666666 0.03059375 0.11279166666666667
0 0.1020078125 0.36390625 0.041765625 0.13243749999999999
0 0.8610546875000001 0.30250000000000005 0.025015625000000003 0.07041666666666666
0 0.62571875 0.31652083333333336 0.0289375 0.0575
0 0.6856953125 0.2421875 0.025609375000000004 0.03804166666666667
0 0.6677968750000001 0.24442708333333332 0.01659375 0.034770833333333334
0 0.6659687500000001 0.20321875 0.0083125 0.018895833333333334
0 0.8054609375 0.2281041666666667 0.012171875 0.06495833333333333
0 0.7109609375000001 0.32737499999999997 0.016703125 0.049916666666666665
0 0.6140625000000001 0.2520833333333333 0.68125 0.25
