0 0.5927109375 0.15670312500000003 0.079140625 0.16546875000000003
0 0.35240625000000003 0.336859375 0.15271875000000001 0.49518750000000006
0 0.874984375 0.08617187500000001 0.032031250000000004 0.10225000000000001
0 0.7287734375 0.0975703125 0.019578125000000002 0.045140625000000004
0 0.6472578125 0.09996875000000001 0.043703125 0.07428125000000001
0 0.50703125 0.104015625 0.0310625 0.04528125
0 0.49834375000000003 0.08386718750000001 0.02659375 0.035640625
0 0.46922656250000006 0.09662500000000002 0.017703125 0.056468750000000005
0 0.9829296875000001 0.06871875000000001 0.016765625000000003 0.025156250000000005
0 0.7136718750000001 0.476171875 0.18515625000000002 0.68515625
