0 0.12630718954248366 0.8049754901960784 0.14741830065359476 0.12838235294117648
0 0.3348202614379085 0.6980065359477124 0.06294117647058824 0.075359477124183
0 0.8117647058823529 0.7096486928104575 0.09555555555555556 0.19112745098039216
0 0.6046323529411766 0.7850081699346406 0.14642156862745098 0.1805392156862745
0 0.28077614379084964 0.8884640522875817 0.16923202614379085 0.17692810457516342
0 0.503562091503268 0.8902859477124183 0.12826797385620917 0.1413235294117647
0 0.3619852941176471 0.8229248366013072 0.1906045751633987 0.27725490196078434
0 0.7460130718954249 0.6257271241830066 0.05333333333333334 0.15998366013071896
0 0.6980637254901961 0.742483660130719 0.12661764705882353 0.23398692810457516
0 0.686062091503268 0.6180228758169936 0.03339869281045752 0.03238562091503268
0 0.9409232026143791 0.608063725490196 0.044330065359477124 0.14197712418300654
0 0.7646568627450981 0.5685212418300654 0.022189542483660132 0.056388888888888884
0 0.7820751633986929 0.6009885620915032 0.03620915032679739 0.11609477124183007
