0 0.5886250000000001 0.9587903225806451 0.0339375 0.08112903225806452
0 0.5511796875000001 0.9411693548387097 0.019640625000000002 0.08536290322580646
0 0.5277578125 0.9450403225806452 0.020546875000000003 0.08802419354838709
0 0.45238281250000006 0.7695262096774194 0.017140625000000003 0.04864919354838709
0 0.4126093750000001 0.771491935483871 0.01553125 0.05733870967741936
0 0.38896875000000003 0.7711895161290322 0.02125 0.0639516129032258
0 0.23003125000000005 0.6548084677419354 0.014406250000000002 0.049697580645161284
0 0.213203125 0.6557762096774193 0.01565625 0.05264112903225806
0 0.22283593750000003 0.5924395161290323 0.015203125000000001 0.04576612903225806
0 0.176515625 0.541078629032258 0.01334375 0.03780241935483871
0 0.1673125 0.5301814516129033 0.0073124999999999996 0.03669354838709677
0 0.30796875 0.6901612903225807 0.012625 0.05084677419354838
0 0.18622656250000003 0.6079334677419355 0.015390625 0.05038306451612903
0 0.19071875000000002 0.5439818548387096 0.011500000000000002 0.04582661290322581
0 0.08158593750000001 0.7857258064516128 0.026890625 0.04673387096774193
0 0.040281250000000005 0.5844657258064515 0.010937500000000001 0.03211693548387096
0 0.39335156250000003 0.8681552419354839 0.020046875000000002 0.074375
0 0.43046875 0.6703629032258064 0.8515625 0.655241935483871
