0 0.5964843750000001 0.344929906542056 0.0363125 0.045046728971962616
0 0.3234296875 0.33130841121495325 0.032046875 0.06490654205607477
0 0.24700781250000003 0.29348130841121495 0.028109375 0.06985981308411214
0 0.24570312500000002 0.17725467289719626 0.027625 0.041285046728971965
0 0.4602421875 0.39372663551401865 0.16160937500000003 0.4928271028037383
0 0.2471875 0.2069626168224299 0.01953125 0.03892523364485981
0 0.8227890625000001 0.3752803738317757 0.05560937500000001 0.13934579439252334
0 0.6384296875000001 0.33267523364485985 0.028484375000000003 0.06053738317757009
0 0.5749921875 0.33774532710280375 0.018828125 0.06128504672897196
0 0.5456484375 0.33091121495327097 0.04245312500000001 0.06929906542056075
0 0.7378750000000001 0.3238434579439253 0.037125000000000005 0.07857476635514019
0 0.7278593750000001 0.28478971962616817 0.02590625 0.05873831775700934
0 0.764984375 0.28143691588785047 0.02921875 0.048761682242990656
0 0.5 0.4731308411214953 0.9968750000000001 0.9462616822429906
