0 0.9096328124999999 0.5608020833333334 0.177359375 0.3986458333333333
0 0.14597656250000002 0.4800833333333333 0.090609375 0.17675000000000002
0 0.25427343750000003 0.4993958333333333 0.11251562500000001 0.2935
0 0.28459375 0.4048333333333333 0.048 0.102
0 0.39882031250000005 0.3892083333333333 0.073296875 0.249
0 0.6763671875 0.3215416666666666 0.034328125 0.08508333333333334
0 0.7147968750000001 0.41190625 0.055968750000000005 0.11302083333333333
0 0.7687109375000001 0.4061458333333334 0.10582812500000001 0.1915
0 0.6797890625 0.3723958333333333 0.051609375000000006 0.092125
0 0.048984375000000004 0.621625 0.09459375 0.4572083333333333
0 0.558296875 0.41165625 0.074 0.3789375
0 0.8339453125 0.47478125 0.153484375 0.20464583333333333
0 0.6284296875000001 0.3656875 0.046828125 0.19079166666666666
0 0.5 0.38958333333333334 0.9968750000000001 0.20416666666666666
