0 0.2662890625 0.13033333333333333 0.060671875 0.22470833333333332
0 0.6573046874999999 0.21872916666666667 0.08426562500000001 0.42470833333333335
0 0.93584375 0.25704166666666667 0.1281875 0.5140833333333333
0 0.9459375 0.646125 0.10812500000000001 0.5161666666666667
0 0.09147656250000001 0.07165624999999999 0.038234375 0.10389583333333333
0 0.0902890625 0.18766666666666665 0.053859375 0.181
0 0.5191015625000001 0.3895104166666667 0.252796875 0.7752708333333334
0 0.9375 0.41779166666666673 0.125 0.626125
0 0.8606718750000001 0.17875 0.047218750000000004 0.2225
0 0.8297421875 0.11923958333333333 0.027765625000000002 0.10456249999999999
0 0.8093515624999998 0.12263541666666666 0.014640624999999999 0.0634375
0 0.7743515625 0.12944791666666666 0.025078125000000003 0.0676875
0 0.361515625 0.1375 0.07684375 0.19370833333333334
0 0.7117187500000001 0.14583333333333334 0.045312500000000006 0.23333333333333334
