0 0.5741484375000001 0.5239578454332553 0.266546875 0.4877751756440281
0 0.9268281250000001 0.16443793911007026 0.04831250000000001 0.25585480093676816
0 0.7910859375000001 0.07744730679156908 0.056828125 0.15489461358313816
0 0.566296875 0.08837236533957846 0.04046875 0.17674473067915691
0 0.961234375 0.17976580796252925 0.07753125 0.29428571428571426
0 0.8919687500000001 0.14590163934426228 0.05665625 0.28088992974238874
0 0.8579296875000001 0.1358313817330211 0.030453124999999998 0.1686182669789227
0 0.506953125 0.072903981264637 0.04353125 0.1452927400468384
0 0.6837031250000001 0.06155737704918033 0.03440625 0.08255269320843091
0 0.5415078125 0.08250585480093676 0.036265625 0.16501170960187353
0 0.47320312499999995 0.07421545667447306 0.03778125 0.1466510538641686
0 0.8255625000000001 0.14934426229508196 0.047406250000000004 0.21667447306791568
0 0.286671875 0.05420374707259953 0.038187500000000006 0.10704918032786885
0 0.634375 0.10070257611241218 0.6687500000000001 0.20140515222482436
