0 0.422390625 0.5737291666666666 0.27359375 0.5963333333333334
0 0.953296875 0.6648333333333334 0.09340625000000001 0.44616666666666666
0 0.518859375 0.31261458333333336 0.07950000000000002 0.15464583333333334
0 0.8199375 0.7168541666666666 0.22415625000000003 0.4224583333333333
0 0.1585078125 0.21539583333333331 0.11195312500000001 0.24679166666666666
0 0.3546328125 0.29734374999999996 0.091015625 0.15247916666666667
0 0.7272500000000001 0.34268750000000003 0.09943750000000001 0.16854166666666667
0 0.5901796875 0.31907291666666665 0.08351562500000001 0.15985416666666669
0 0.614265625 0.20542708333333334 0.08246875000000001 0.13939583333333333
0 0.41393750000000007 0.29789583333333336 0.04628125 0.124125
0 0.05140625 0.19775 0.09943750000000001 0.26066666666666666
0 0.1117734375 0.11413541666666666 0.032140625 0.06039583333333333
0 0.48639843750000006 0.16908333333333334 0.039578125 0.0485
0 0.52890625 0.51875 0.9390625 0.95
