2 0.21264062499999997 0.6264896073903004 0.0231875 0.029376443418013858
0 0.9925390625000001 0.5896997690531178 0.014921875000000001 0.06900692840646651
0 0.847953125 0.5902309468822171 0.013406250000000001 0.03732101616628176
0 0.8075703125000001 0.5963394919168591 0.007765625 0.020023094688221707
0 0.196671875 0.6094110854503464 0.01915625 0.0627944572748268
0 0.7008984375000001 0.5820438799076213 0.010078125 0.030554272517321016
0 0.7781171875 0.5837413394919169 0.003515625 0.013441108545034643
0 0.32736718750000005 0.5896304849884526 0.003015625 0.013764434180138568
0 0.8225312499999999 0.5889953810623557 0.01721875 0.04598152424942263
0 0.6437187500000001 0.5867321016166281 0.0036875 0.014387990762124712
