0 0.5589375000000001 0.5184453125 0.39825 0.495328125
0 0.8704375 0.41540625000000003 0.259125 0.33015625000000004
0 0.7535520833333333 0.3932578125 0.17677083333333332 0.193265625
0 0.34567708333333336 0.41507812499999996 0.17997916666666666 0.21128125
0 0.19894791666666667 0.4389140625 0.3333125 0.287328125
0 0.07790625 0.37191406250000003 0.11385416666666666 0.141578125
0 0.60078125 0.3898828125 0.03785416666666667 0.095515625
0 0.021374999999999998 0.2991796875 0.042166666666666665 0.095515625
0 0.17528124999999997 0.8060546875000001 0.3445625 0.35954687500000004
0 0.4127604166666667 0.3876328125 0.0985625 0.099046875
0 0.03729166666666666 0.4408046875 0.07458333333333332 0.23229687499999999
