0 0.8892187500000001 0.5687050359712231 0.18559375 0.6753237410071943
0 0.7402109375000001 0.6730395683453239 0.282453125 0.4831294964028777
0 0.7546484375000001 0.3013669064748202 0.045703125000000004 0.27892086330935256
0 0.9531875000000002 0.272931654676259 0.09362500000000001 0.3822661870503597
0 0.4216875 0.5348381294964029 0.25378125 0.6876618705035971
0 0.5930546875 0.3038309352517986 0.08417187500000001 0.47327338129496405
0 0.49480468749999995 0.31856115107913674 0.086609375 0.43597122302158275
0 0.393078125 0.28992805755395684 0.06899999999999999 0.44071942446043166
0 0.31870312500000003 0.16273381294964032 0.07237500000000001 0.15489208633093526
0 0.24310937500000002 0.3056474820143885 0.09037500000000001 0.4587769784172662
0 0.1415390625 0.30449640287769786 0.117140625 0.4696402877697842
0 0.05053125 0.286384892086331 0.0881875 0.41888489208633095
0 0.6490859375 0.08665467625899281 0.068609375 0.13402877697841725
0 0.3328125 0.09532374100719425 0.5750000000000001 0.1474820143884892
