0 0.7505625 0.47770833333333335 0.16643750000000002 0.36069444444444443
0 0.9193750000000002 0.36294444444444446 0.022093750000000002 0.12683333333333333
0 0.936484375 0.3627083333333333 0.025 0.12191666666666667
0 0.9716953125000001 0.5459861111111112 0.056609374999999997 0.51425
0 0.38135937500000006 0.3373888888888889 0.05612500000000001 0.16983333333333334
0 0.7125312500000001 0.30568055555555557 0.01853125 0.058583333333333334
0 0.55071875 0.28965277777777776 0.03603125 0.08275
0 0.4164453125 0.34284722222222225 0.046765625000000005 0.18780555555555556
0 0.29354687500000004 0.2887222222222222 0.021687500000000002 0.1363888888888889
0 0.7939687500000001 0.332 0.017718750000000002 0.10738888888888888
0 0.9040625000000001 0.35581944444444447 0.01596875 0.12002777777777779
0 0.21832812499999998 0.2623888888888889 0.01659375 0.035833333333333335
0 0.1375859375 0.253 0.023171875 0.04933333333333334
0 0.43671875000000004 0.3055555555555556 0.7890625 0.17222222222222222
