0 0.87747 0.9610405405405407 0.02486 0.07791891891891892
0 0.21589000000000003 0.8911621621621623 0.01998 0.07470270270270271
0 0.73804 0.7911891891891892 0.020960000000000003 0.02875675675675676
0 0.23439 0.9102702702702703 0.02234 0.09805405405405407
0 0.20127 0.8911756756756758 0.0155 0.06797297297297297
0 0.17536 0.872418918918919 0.01764 0.08175675675675675
0 0.7829600000000001 0.8672702702702703 0.02272 0.06486486486486487
0 0.26507 0.9187162162162164 0.03046 0.09559459459459459
0 0.19125 0.8671081081081081 0.013900000000000001 0.08010810810810812
0 0.18037 0.7531756756756758 0.012580000000000001 0.04835135135135136
0 0.95948 0.9716621621621622 0.0258 0.05667567567567568
0 0.8892300000000001 0.9319459459459462 0.019780000000000002 0.0805945945945946
0 0.94028 0.9506756756756757 0.02004 0.06627027027027027
0 0.48 0.7310810810810812 0.732 0.4405405405405406
