0 0.6565339578454332 0.5836015625000001 0.4513348946135831 0.479609375
0 0.48272833723653397 0.3173359375 0.13173302107728338 0.087296875
0 0.4786533957845433 0.25467968750000003 0.09660421545667447 0.09345312500000001
0 0.887271662763466 0.257265625 0.12929742388758783 0.12834375
0 0.38188524590163936 0.2455234375 0.10236533957845434 0.113421875
0 0.420152224824356 0.1863359375 0.09955503512880562 0.109234375
0 0.1391686182669789 0.2656640625 0.11566744730679157 0.099109375
0 0.27241217798594847 0.27538281249999996 0.06032786885245902 0.09485937500000001
0 0.5519086651053864 0.1125 0.12414519906323185 0.11015625000000001
0 0.059637002341920375 0.29459375000000004 0.08231850117096018 0.15571875000000002
0 0.8836533957845433 0.3268359375 0.11559718969555036 0.071984375
0 0.33528103044496493 0.31805468750000004 0.07669789227166277 0.069890625
0 0.2293208430913349 0.31210156250000004 0.10177985948477752 0.094046875
0 0.5 0.203125 0.9953161592505855 0.403125
