0 0.5130546875 0.6023943661971831 0.194453125 0.48539906103286384
0 0.86196875 0.15227699530516434 0.03515625 0.08089201877934273
0 0.741140625 0.14246478873239438 0.03028125 0.11737089201877934
0 0.6021406250000001 0.15723004694835682 0.026468750000000003 0.11967136150234742
0 0.47908593750000006 0.14408450704225353 0.029796875 0.13633802816901408
0 0.8300937500000001 0.14981220657276995 0.028625 0.07962441314553992
0 0.813171875 0.14995305164319248 0.0206875 0.08173708920187793
0 0.7811953125 0.1378286384976526 0.020765625 0.10476525821596246
0 0.18043750000000003 0.16278169014084506 0.03375 0.1297887323943662
0 0.7971640625 0.1507042253521127 0.018015625 0.08267605633802817
0 0.6319296875 0.16232394366197184 0.023828125000000002 0.12530516431924885
0 0.4417265625 0.1987676056338028 0.029359375 0.09950704225352112
0 0.770734375 0.1425 0.018843750000000003 0.09565727699530517
0 0.4375 0.16314553990610328 0.31562500000000004 0.16666666666666666
