0 0.44819531250000005 0.6039135802469136 0.046421875 0.2406172839506173
0 0.2810625 0.5995555555555556 0.05978125 0.2346666666666667
0 0.36310156250000003 0.6240493827160494 0.045328125000000004 0.19520987654320987
0 0.5933984375000001 0.6247283950617284 0.042921875 0.19661728395061726
0 0.8386250000000001 0.6356049382716049 0.04384375 0.22893827160493826
0 0.6509687500000001 0.6339259259259259 0.04203125 0.19758024691358023
0 0.7528593750000001 0.6203333333333334 0.050093750000000006 0.22046913580246916
0 0.19525000000000003 0.5905185185185186 0.046906250000000003 0.24019753086419754
0 0.560171875 0.6264074074074074 0.041 0.19967901234567903
0 0.503234375 0.6392098765432098 0.0495625 0.17081481481481484
0 0.026789062500000002 0.581679012345679 0.045953125000000004 0.2905185185185185
0 0.46951562499999994 0.5841234567901235 0.0121875 0.024592592592592593
0 0.6975312499999999 0.6181728395061727 0.06259375 0.22982716049382715
0 0.515625 0.5395061728395062 0.61875 0.41234567901234565
