0 0.5974140625000001 0.5540492957746479 0.316328125 0.8648591549295775
0 0.1276953125 0.38325117370892026 0.031296875 0.13917840375586854
0 0.7480937500000001 0.12528169014084506 0.050937500000000004 0.12225352112676056
0 0.5117734375 0.10068075117370892 0.017578125 0.05408450704225352
0 0.44800781250000005 0.10123239436619719 0.014984375000000001 0.04884976525821596
0 0.3633671875 0.12785211267605634 0.018859375 0.049600938967136146
0 0.34107031250000003 0.18441314553990612 0.028921875000000003 0.06784037558685446
0 0.23337500000000003 0.17752347417840375 0.01890625 0.0954225352112676
0 0.48819531250000003 0.38707746478873245 0.055640625 0.2253755868544601
0 0.263375 0.18629107981220658 0.034875 0.0795305164319249
0 0.4199843750000001 0.10052816901408451 0.017937500000000002 0.05438967136150235
0 0.548390625 0.1055281690140845 0.02115625 0.07772300469483569
0 0.5640000000000001 0.11280516431924882 0.021812500000000002 0.07715962441314554
0 0.6359375 0.10328638497652583 0.7250000000000001 0.15023474178403756
