0 0.3992734375 0.557271662763466 0.21642187499999999 0.5413817330210773
0 0.59284375 0.773559718969555 0.22781250000000003 0.3740983606557377
0 0.467421875 0.1613231850117096 0.06878125 0.28156908665105385
0 0.16284375 0.05092505854800937 0.04303125 0.10185011709601874
0 0.6118046875 0.06853629976580797 0.058953124999999995 0.1164168618266979
0 0.5745859375000001 0.06019906323185011 0.047171875 0.11768149882903982
0 0.6844765625 0.06669789227166277 0.060171875 0.1205152224824356
0 0.7545000000000001 0.7308665105386418 0.2998125 0.49381733021077284
0 0.5202187500000001 0.05857142857142857 0.05271875000000001 0.11714285714285715
0 0.5499140625 0.06210772833723654 0.049578125 0.1152224824355972
0 0.7146718750000001 0.07189695550351288 0.0553125 0.11868852459016394
0 0.4968359375 0.04240046838407494 0.032671875 0.08339578454332552
