0 0.35645312500000004 0.5888084112149532 0.23050000000000004 0.47696261682242985
0 0.5582656250000001 0.4398714953271028 0.018968750000000003 0.0689018691588785
0 0.543828125 0.4419742990654206 0.018562500000000003 0.06390186915887851
0 0.4845546875 0.48225467289719615 0.022109375 0.04665887850467289
0 0.446625 0.46510514018691584 0.025968750000000002 0.046051401869158876
0 0.3151796875 0.44088785046728973 0.011390625000000001 0.0519626168224299
0 0.2416484375 0.4480841121495327 0.007796875000000001 0.038177570093457944
0 0.49875 0.4628504672897196 0.01253125 0.04257009345794392
0 0.8025000000000001 0.4870210280373831 0.23971874999999998 0.6779205607476635
0 0.270328125 0.4419158878504672 0.010062500000000002 0.04280373831775701
0 0.57578125 0.43457943925233644 0.47968750000000004 0.0514018691588785
