0 0.459203125 0.6617957746478874 0.19743750000000002 0.29438967136150235
0 0.2791328125 0.5973239436619718 0.15882812500000001 0.4504225352112676
0 0.220625 0.4179694835680751 0.10021875000000001 0.3101173708920188
0 0.6308046875 0.5668427230046948 0.250203125 0.5209154929577465
0 0.06946875000000001 0.297112676056338 0.06265625000000001 0.07896713615023475
0 0.043960937500000005 0.268462441314554 0.045578125000000004 0.11443661971830986
0 0.0190546875 0.30102112676056336 0.037234375 0.067018779342723
0 0.39328125 0.22465962441314555 0.04046875 0.09443661971830986
0 0.39667968750000004 0.2850821596244132 0.070984375 0.0905868544600939
0 0.44097656250000006 0.2720305164319249 0.059703125 0.11960093896713615
0 0.6248281250000001 0.27573943661971834 0.06509374999999999 0.10091549295774649
0 0.5665625 0.20534037558685445 0.08578125 0.16213615023474176
0 0.4720078125 0.23811032863849765 0.06701562500000001 0.13800469483568076
