0 0.335 0.7899200000000001 0.48381381381381383 0.42016000000000003
0 0.1936036036036036 0.68049 0.3261261261261261 0.33614
0 0.9014264264264265 0.55459 0.10135135135135136 0.07826000000000001
0 0.0754054054054054 0.8188399999999999 0.1508108108108108 0.36232
0 0.6795195195195195 0.5534500000000001 0.17387387387387387 0.13582
0 0.8219219219219219 0.58305 0.1560960960960961 0.15941999999999998
0 0.7128828828828828 0.8026800000000001 0.22324324324324324 0.39464
0 0.49094594594594587 0.7775299999999999 0.25306306306306303 0.41798
0 0.9206456456456455 0.66526 0.09840840840840842 0.14184
0 0.4768318318318318 0.54206 0.10273273273273273 0.08372
0 0.6194444444444445 0.66114 0.14513513513513512 0.2246
0 0.3890690690690691 0.54622 0.08042042042042043 0.06428
0 0.7302402402402401 0.53246 0.06726726726726726 0.06928000000000001
0 0.7267267267267267 0.612 0.5405405405405406 0.32
