0 0.53564 0.7507611940298508 0.11076000000000001 0.49847761194029855
0 0.15101 0.27186567164179104 0.1161 0.25829850746268657
0 0.4911 0.22323880597014925 0.10564 0.11262686567164178
0 0.07101 0.0855820895522388 0.05126 0.14853731343283583
0 0.93597 0.12525373134328358 0.06734000000000001 0.09594029850746269
0 0.63464 0.2504179104477612 0.06852 0.10029850746268658
0 0.57481 0.06462686567164179 0.06770000000000001 0.12925373134328358
0 0.96595 0.19570149253731345 0.0681 0.12555223880597016
0 0.8250799999999999 0.26404477611940297 0.08131999999999999 0.10110447761194029
0 0.8406199999999999 0.10438805970149254 0.06812 0.11982089552238806
0 0.02621 0.09134328358208955 0.05242 0.15349253731343285
0 0.47217000000000003 0.07070149253731343 0.061380000000000004 0.09238805970149254
0 0.37484999999999996 0.16562686567164178 0.05966 0.11776119402985076
0 0.64 0.26417910447761195 0.444 0.20597014925373133
