2 0.329515625 0.5989534883720931 0.199375 0.2540169133192389
2 0.21708593750000002 0.6722515856236787 0.22985937500000003 0.2786257928118393
1 0.42438281250000004 0.6688054968287526 0.072234375 0.12399577167019028
1 0.5189218750000001 0.5963002114164906 0.12250000000000001 0.23276955602536997
0 0.615046875 0.4189217758985201 0.17478125 0.5743340380549684
0 0.3420546875 0.3638477801268499 0.021203125000000003 0.06224101479915434
0 0.2900625 0.36056025369978856 0.0101875 0.07021141649048626
0 0.5423046875 0.37790697674418605 0.034640625 0.17758985200845667
0 0.0920625 0.3575052854122622 0.040906250000000005 0.19767441860465118
0 0.0437421875 0.3607188160676533 0.013609375000000002 0.07065539112050741
