0 0.6951796875 0.4760421545667447 0.22214062499999998 0.4955503512880562
0 0.119515625 0.3871428571428571 0.042 0.13086651053864168
0 0.22428906250000002 0.30790398126463703 0.032109375 0.12901639344262295
0 0.30925781250000006 0.32730679156908665 0.046953125000000005 0.1191569086651054
0 0.449125 0.36747072599531616 0.038500000000000006 0.11250585480093676
0 0.54053125 0.29634660421545667 0.03621875 0.13274004683840748
0 0.18190625000000002 0.16744730679156908 0.03575 0.11873536299765809
0 0.34153906250000005 0.15744730679156907 0.028765625000000003 0.12313817330210772
0 0.4494453125000001 0.15737704918032788 0.027265625 0.07451990632318502
0 0.6996796875000001 0.24690866510538642 0.044765625 0.12234192037470726
0 0.47553125000000007 0.21918032786885247 0.042875 0.12950819672131147
0 0.39105468750000005 0.26343091334894614 0.045171875 0.1294847775175644
0 0.24667968750000002 0.17174473067915688 0.033015625 0.06339578454332553
0 0.39296875000000003 0.28337236533957844 0.7859375000000001 0.5620608899297423
