0 0.2100703125 0.8979999999999999 0.14270312500000001 0.204
0 0.35561718750000004 0.807 0.123140625 0.149375
0 0.5263593750000001 0.7989895833333333 0.11493750000000001 0.23414583333333333
0 0.6759140625 0.7236250000000001 0.095515625 0.19733333333333333
0 0.8887109375 0.9397291666666666 0.11676562500000001 0.12054166666666666
0 0.617703125 0.9303333333333333 0.15000000000000002 0.107875
0 0.6619843750000001 0.8960312500000001 0.1251875 0.2079375
0 0.07296875000000001 0.8631458333333333 0.14593750000000003 0.27370833333333333
0 0.43327343749999997 0.8190833333333334 0.048921875000000004 0.11345833333333333
0 0.7847343750000001 0.89234375 0.14565625000000001 0.2153125
0 0.94465625 0.9102083333333333 0.11068750000000001 0.17895833333333333
0 0.5093203125 0.9028020833333333 0.109453125 0.1718125
0 0.8793906250000001 0.75584375 0.12303125 0.2649375
0 0.17265625 0.6822916666666666 0.1328125 0.23124999999999998
