0 0.0724140625 0.7460416666666667 0.065796875 0.24270833333333333
0 0.235234375 0.7133333333333333 0.040343750000000005 0.179
0 0.27525000000000005 0.7181041666666667 0.036375000000000005 0.15004166666666666
0 0.01825 0.7201354166666667 0.0365 0.1768125
0 0.595109375 0.6449479166666666 0.030968750000000003 0.033979166666666664
0 0.5933437500000001 0.6191875 0.029249999999999998 0.045125
0 0.5751562499999999 0.63653125 0.0213125 0.052520833333333336
0 0.7446171875 0.5560833333333334 0.021984375 0.025291666666666667
0 0.27795312499999997 0.66084375 0.033218750000000005 0.06277083333333333
0 0.4958984375 0.6339270833333334 0.030640625 0.05364583333333333
0 0.84575 0.6781458333333333 0.026250000000000002 0.05
