0 0.7498671875 0.6078588235294117 0.267109375 0.573035294117647
0 0.09400781250000001 0.47716470588235294 0.160796875 0.34214117647058817
0 0.6737734375000001 0.44749411764705876 0.053078125000000004 0.22482352941176467
0 0.5693046875000001 0.4118823529411765 0.18401562500000002 0.26644705882352937
0 0.451 0.4168117647058823 0.11465625 0.22143529411764704
0 0.6219375 0.38308235294117643 0.053093749999999995 0.16202352941176468
0 0.22245312500000003 0.34770588235294114 0.0411875 0.05861176470588235
0 0.1857578125 0.37865882352941177 0.049921875000000004 0.10936470588235292
0 0.681078125 0.5056941176470587 0.05184375 0.1316705882352941
0 0.4116484375000001 0.5025647058823528 0.23914062500000002 0.4064941176470588
0 0.24548437499999998 0.7063764705882352 0.30890625 0.5640470588235293
0 0.25084375000000003 0.3973647058823529 0.09790625 0.11058823529411764
0 0.030109375000000008 0.39224705882352934 0.05756250000000001 0.10727058823529412
