0 0.9357604166666665 0.7873515625 0.04752083333333333 0.09857812500000002
0 0.963625 0.7870390625 0.03966666666666666 0.09676562500000001
0 0.17625 0.7808437500000001 0.07379166666666667 0.16434375
0 0.06385416666666666 0.8041328125 0.042416666666666665 0.112703125
0 0.040531250000000005 0.789421875 0.0333125 0.08975
0 0.4911041666666666 0.7547421875 0.022541666666666668 0.057484375000000004
0 0.705625 0.7373515625000001 0.02395833333333333 0.041328125
0 0.81153125 0.7503125000000002 0.033604166666666664 0.055406250000000004
0 0.028687499999999998 0.78996875 0.022208333333333333 0.08050000000000002
0 0.5221145833333334 0.7518125000000001 0.057937499999999996 0.08078125000000001
0 0.10431249999999999 0.7972578125 0.030583333333333334 0.061578125
0 0.33519791666666665 0.7865546875000001 0.04572916666666667 0.100546875
0 0.4666666666666667 0.7445312500000001 0.9291666666666667 0.1796875
