0 0.8869453125000002 0.5912 0.028765625000000003 0.12997647058823528
0 0.27467187500000007 0.5398470588235293 0.015093750000000001 0.0764
0 0.5941875 0.5025058823529411 0.018 0.06303529411764705
0 0.907171875 0.49435294117647055 0.0138125 0.05778823529411764
0 0.9683124999999999 0.4147647058823529 0.01578125 0.04214117647058823
0 0.6258046875000001 0.46421176470588227 0.011359375 0.05129411764705882
0 0.21284375 0.5077176470588235 0.009343750000000001 0.04409411764705882
0 0.07625781250000001 0.4953058823529412 0.0074218750000000005 0.03743529411764705
0 0.039953125000000006 0.4903529411764705 0.0089375 0.030352941176470586
0 0.49203906249999996 0.4733882352941176 0.010953125000000001 0.04230588235294117
2 0.8968281250000001 0.5068823529411765 0.01634375 0.03494117647058823
0 0.068640625 0.4943647058823529 0.01009375 0.03931764705882353
0 0.8625078125000001 0.5917882352941176 0.031734375 0.12818823529411763
0 0.9238984375 0.4861294117647058 0.014234375 0.07094117647058823
