0 0.3594453125 0.5953541666666666 0.287609375 0.44629166666666664
0 0.357484375 0.29154166666666664 0.05275 0.079375
0 0.881875 0.5869479166666667 0.23625 0.3998125
0 0.7335781250000001 0.30630208333333336 0.08887500000000001 0.09122916666666667
0 0.6746171875 0.2773645833333333 0.08467187500000001 0.12843749999999998
0 0.42410156250000003 0.30782291666666667 0.08295312500000002 0.058687500000000004
0 0.45663281250000004 0.25776041666666666 0.09789062500000001 0.15210416666666668
0 0.1659453125 0.046572916666666665 0.062921875 0.09227083333333333
0 0.664234375 0.6479791666666668 0.23878125 0.3094166666666667
0 0.9861093750000001 0.3465 0.027781250000000004 0.03154166666666667
