0 0.37212500000000004 0.45368596881959905 0.18565625 0.47583518930957686
0 0.6555546875 0.53586859688196 0.223265625 0.31481069042316256
0 0.7540703125000001 0.35100222717149215 0.069265625 0.09420935412026725
0 0.8079843750000001 0.4707795100222717 0.17184375000000002 0.4202227171492205
0 0.776703125 0.15620267260579065 0.10671875 0.26238307349665924
0 0.563921875 0.21359688195991092 0.12290625 0.35868596881959913
0 0.42085937500000004 0.2014142538975501 0.09428125000000001 0.3950334075723831
0 0.320625 0.20591314031180402 0.1155625 0.35200445434298444
0 0.19391406249999998 0.22247216035634743 0.12926562500000002 0.38650334075723825
0 0.0916796875 0.17824053452115812 0.093015625 0.3502449888641425
0 0.8074296875 0.05856347438752784 0.041078125 0.06532293986636971
0 0.7004765625 0.04778396436525612 0.078890625 0.05329621380846325
0 0.9294765625000001 0.21606904231625834 0.10429687500000001 0.38826280623608017
0 0.49921875000000004 0.42427616926503336 0.9984375000000001 0.8485523385300667
