0 0.8627570093457944 0.8110625000000001 0.15271028037383177 0.23759375000000002
0 0.14311915887850465 0.1990234375 0.08492990654205607 0.11679687500000001
0 0.5255607476635513 0.250046875 0.08742990654205607 0.06228125
0 0.20460280373831777 0.5146484375 0.0772429906542056 0.074171875
0 0.498446261682243 0.52028125 0.09474299065420559 0.06428125
0 0.4211448598130841 0.47204687500000003 0.03411214953271028 0.036437500000000005
0 0.40502336448598125 0.5199453125 0.07107476635514018 0.071578125
0 0.6596495327102803 0.24490625 0.05411214953271028 0.042406250000000006
0 0.3372897196261682 0.7505625 0.19233644859813082 0.19453125000000002
0 0.3197780373831775 0.521296875 0.06212616822429906 0.06521875
0 0.5529672897196262 0.4816953125 0.06219626168224299 0.067484375
0 0.6613317757009346 0.45820312500000004 0.06761682242990653 0.040656250000000005
0 0.752056074766355 0.27937500000000004 0.06691588785046729 0.03125
0 0.49883177570093457 0.35781250000000003 0.9976635514018691 0.7156250000000001
