0 0.36740625 0.4949297423887588 0.7348125 0.9898594847775176
0 0.768390625 0.4824590163934426 0.247375 0.4763934426229508
0 0.578296875 0.438384074941452 0.09725 0.17063231850117097
0 0.7025000000000001 0.35427400468384074 0.06028125 0.19346604215456675
0 0.5214296875000001 0.37098360655737705 0.05751562500000001 0.09362997658079625
0 0.47265625 0.2994262295081967 0.047718750000000004 0.08133489461358313
0 0.9324375 0.5474824355971897 0.12384375000000002 0.26765807962529276
0 0.8927343750000001 0.41072599531615933 0.0678125 0.11718969555035129
0 0.6678515625000001 0.3522014051522248 0.049859375000000004 0.2951288056206089
0 0.051890625 0.18765807962529274 0.10378125 0.2666510538641686
0 0.12039843750000001 0.21085480093676814 0.18460937500000002 0.2153864168618267
