0 0.881296875 0.6906674473067916 0.049 0.22901639344262298
0 0.9316328125000001 0.7109953161592506 0.052828125000000004 0.21042154566744728
0 0.8212656250000001 0.7016861826697892 0.047875 0.1928337236533958
0 0.8561015625 0.6764051522248244 0.029984375000000004 0.13482435597189696
0 0.835203125 0.6860538641686182 0.02609375 0.16545667447306792
0 0.197328125 0.6256440281030444 0.00953125 0.05690866510538642
0 0.13678906249999997 0.6246838407494145 0.011984375 0.042997658079625294
0 0.12943749999999998 0.6264988290398126 0.006562500000000001 0.03482435597189695
0 0.9058281249999999 0.6796487119437938 0.025562500000000002 0.16135831381733023
0 0.18253125 0.6245199063231849 0.015343750000000001 0.06557377049180328
0 0.10490625 0.6159016393442623 0.0103125 0.0414519906323185
0 0.6079921875000001 0.5897189695550351 0.046296875 0.07381733021077283
