0 0.11453906250000001 0.8816079812206573 0.055984375 0.20542253521126763
0 0.2423984375 0.8117840375586854 0.051953125 0.21211267605633805
0 0.6691640625 0.7034272300469484 0.097421875 0.07384976525821596
0 0.7165312500000001 0.6927464788732395 0.08103125 0.05046948356807512
0 0.2895546875 0.5353755868544601 0.021546875 0.04943661971830986
0 0.565265625 0.41507042253521126 0.019375000000000003 0.0555868544600939
0 0.955515625 0.4271713615023474 0.0224375 0.04377934272300469
2 0.5608906250000001 0.5758333333333333 0.012625 0.022417840375586858
2 0.402765625 0.534706572769953 0.02034375 0.01528169014084507
0 0.319453125 0.41899061032863855 0.01253125 0.02056338028169014
0 0.21609374999999997 0.39261737089201876 0.01996875 0.02495305164319249
0 0.2569921875 0.3853286384976526 0.017609375 0.052488262910798125
0 0.636046875 0.52981220657277 0.01503125 0.07873239436619718
0 0.4316249999999999 0.43082159624413147 0.0104375 0.02629107981220657
0 0.19864843750000002 0.4068427230046948 0.008640625 0.018192488262910797
0 0.48046875 0.3544600938967136 0.9578125000000001 0.1643192488262911
