0 0.252515625 0.5483125 0.22987500000000002 0.411625
0 0.0210078125 0.44479166666666664 0.042015625 0.1393333333333333
0 0.364984375 0.4705416666666667 0.16446875000000002 0.341125
0 0.2843203125 0.4745729166666667 0.08726562500000001 0.44035416666666666
0 0.45511718749999996 0.40769791666666666 0.14876562499999998 0.34397916666666667
0 0.584828125 0.43033333333333335 0.12809375 0.23145833333333332
0 0.9471640625 0.5697395833333334 0.105671875 0.48539583333333336
0 0.8775468750000001 0.4809583333333334 0.119125 0.23033333333333333
0 0.6643671875000001 0.4198645833333334 0.11689062500000001 0.1121875
0 0.6723515625 0.4079791666666666 0.044046875000000006 0.08808333333333333
0 0.8457187500000001 0.4988333333333333 0.08446875000000001 0.14883333333333332
