0 0.3801171875 0.67653125 0.05404687500000001 0.2741458333333333
0 0.29135937500000003 0.6835729166666666 0.08190625000000001 0.30381250000000004
0 0.71503125 0.5662395833333332 0.01628125 0.026395833333333334
0 0.6539453125 0.6832708333333333 0.06560937500000001 0.26983333333333337
0 0.8208125000000002 0.5863854166666667 0.03225 0.07110416666666668
0 0.56415625 0.6845729166666666 0.0735625 0.24927083333333333
0 0.914859375 0.7913229166666668 0.10340625000000002 0.4017708333333333
0 0.6206953125000001 0.6112916666666667 0.031046875 0.13066666666666665
0 0.7205078125000001 0.7049375 0.058984375000000006 0.26066666666666666
0 0.6803750000000001 0.5961562499999999 0.025656250000000005 0.06777083333333334
0 0.4328203125 0.61871875 0.041828125 0.1571875
0 0.4523515625 0.7211875 0.080296875 0.2949583333333334
0 0.8428828125000001 0.7885520833333333 0.070171875 0.3026875
0 0.66328125 0.6333333333333333 0.46406250000000004 0.3333333333333333
