2 0.4854765625 0.5360937499999999 0.175359375 0.2308125
0 0.38865625 0.2927604166666667 0.031375 0.0356875
0 0.9505546875 0.24944791666666666 0.037078125 0.0494375
0 0.4360390625 0.27026041666666667 0.014609375 0.024729166666666663
0 0.640234375 0.5519895833333333 0.1634375 0.4513125
0 0.1231484375 0.6629583333333334 0.246296875 0.6493749999999999
0 0.4934453125 0.29653125 0.025546875000000004 0.06864583333333334
0 0.599578125 0.24707291666666667 0.034031250000000006 0.05602083333333333
0 0.9053046875 0.31140625 0.034359375 0.12314583333333333
0 0.801390625 0.2883020833333333 0.05421875000000001 0.0675625
0 0.7180546875 0.41465625 0.05354687500000001 0.09935416666666666
0 0.8266015625 0.2550208333333333 0.059796875000000006 0.054625
0 0.5314062500000001 0.30432291666666667 0.03496875 0.04614583333333333
0 0.6912890625000001 0.30530208333333336 0.050515625 0.06664583333333333
