0 0.8545468750000002 0.5114479166666667 0.29021875 0.44297916666666665
0 0.635765625 0.3658854166666667 0.16462500000000002 0.3188125
0 0.9390625 0.2728854166666667 0.06134375 0.19889583333333333
0 0.8877109375000001 0.28017708333333335 0.090890625 0.21035416666666665
0 0.72665625 0.34314583333333326 0.0496875 0.11491666666666665
0 0.40975000000000006 0.2947916666666667 0.041656250000000006 0.10820833333333332
0 0.7767187500000001 0.28079166666666666 0.07671875 0.11266666666666666
0 0.365640625 0.3584791666666666 0.17125 0.19420833333333332
0 0.1460390625 0.6018541666666666 0.292078125 0.7952916666666667
0 0.6819453125 0.2880625 0.040390625000000006 0.05629166666666666
0 0.55709375 0.33358333333333334 0.09631250000000001 0.16004166666666664
0 0.3740234375 0.2604270833333333 0.037109375 0.049479166666666664
0 0.578125 0.37604166666666666 0.80625 0.36041666666666666
