2 0.18176 0.4495030120481928 0.12476000000000001 0.10707831325301205
0 0.16338999999999998 0.2921385542168675 0.0731 0.2966265060240964
0 0.06913 0.3003463855421687 0.06506 0.2944879518072289
0 0.08241 0.1737198795180723 0.033659999999999995 0.12063253012048193
0 0.15503999999999998 0.15956325301204818 0.10676000000000001 0.11033132530120483
0 0.51528 0.09253012048192771 0.05008 0.12234939759036144
0 0.43659000000000003 0.08132530120481928 0.06598000000000001 0.1277710843373494
0 0.91317 0.11816265060240966 0.07294 0.13006024096385543
0 0.49202999999999997 0.2507078313253012 0.0489 0.23141566265060243
0 0.37134999999999996 0.26603915662650607 0.08002 0.36280120481927713
0 0.93949 0.2637048192771085 0.08654 0.2824096385542169
0 0.5780599999999999 0.22013554216867473 0.07012 0.1491867469879518
0 0.03574 0.2783734939759036 0.06232 0.3408433734939759
2 0.6326 0.3671987951807229 0.04316 0.10644578313253014
2 0.9315800000000001 0.37484939759036146 0.04592 0.10018072289156627
2 0.31764 0.4045933734939759 0.0854 0.0616566265060241
0 0.028640000000000002 0.14691265060240966 0.03564 0.10231927710843373
0 0.544 0.2816265060240964 0.908 0.49096385542168675
