0 0.7779453125 0.5611354166666666 0.015421875 0.059479166666666666
0 0.5710390625 0.5548645833333334 0.017703125 0.043770833333333335
0 0.55365625 0.547625 0.010000000000000002 0.037333333333333336
0 0.26727343750000004 0.5591145833333333 0.029296875 0.07389583333333333
0 0.6305546875 0.550875 0.009265625 0.040875
0 0.9442421875000001 0.5520937499999999 0.022203125000000004 0.0463125
0 0.9864375000000001 0.5546041666666666 0.012125 0.028166666666666666
0 0.768703125 0.55003125 0.0105625 0.035520833333333335
0 0.491390625 0.5464374999999999 0.01175 0.04725
0 0.2991328125 0.5691354166666667 0.021515625 0.08010416666666667
0 0.52671875 0.5480729166666667 0.008624999999999999 0.022229166666666668
0 0.9589375000000001 0.5513020833333333 0.010843750000000001 0.029354166666666667
0 0.453234375 0.5458020833333334 0.01128125 0.023604166666666666
0 0.07109375 0.540625 0.0203125 0.04791666666666666
