2 0.27421093750000003 0.3571150592216582 0.35642187500000005 0.2591032148900169
0 0.8464843750000001 0.5416666666666666 0.224625 0.7071912013536379
0 0.73075 0.3734263959390863 0.097375 0.21967851099830796
0 0.680140625 0.34939932318104905 0.09393750000000001 0.26313028764805413
0 0.6246484375 0.2592131979695431 0.068984375 0.13592216582064298
0 0.493375 0.37058375634517765 0.09684375 0.22197969543147206
0 0.496 0.26726734348561754 0.0699375 0.10983079526226733
0 0.5267734375 0.43626903553299495 0.07179687500000001 0.13642978003384093
0 0.45269531249999995 0.48645516074450085 0.08795312500000001 0.08282571912013537
0 0.084234375 0.4953468697123519 0.094875 0.13715736040609136
0 0.25959375 0.3132656514382403 0.084625 0.12700507614213197
0 0.7179921875 0.19663282571912014 0.07470312500000001 0.12358714043993232
0 0.5846015625 0.3408629441624365 0.108015625 0.24710659898477155
0 0.2577109375 0.22453468697123516 0.042265625 0.07072758037225041
0 0.33437500000000003 0.3553299492385787 0.625 0.2808798646362098
