0 0.8738125000000001 0.5878440366972477 0.23168750000000002 0.45270642201834865
0 0.6745390625000001 0.3702408256880734 0.149921875 0.26506880733944954
0 0.70478125 0.28214449541284403 0.018468750000000003 0.04259174311926606
0 0.189765625 0.3055160550458716 0.03684375 0.09915137614678898
0 0.5249140625000001 0.3317545871559633 0.077984375 0.16419724770642202
0 0.44098437500000004 0.32894495412844044 0.07425000000000001 0.11660550458715598
0 0.33740625 0.3312614678899083 0.033 0.08160550458715596
0 0.9501718750000001 0.8975802752293578 0.09965625 0.20309633027522936
0 0.9032890624999999 0.3304816513761468 0.05639062500000001 0.11435779816513762
0 0.774625 0.3063990825688074 0.04571875 0.09995412844036697
0 0.9844296875 0.31908256880733943 0.020046875000000002 0.03889908256880734
0 0.363546875 0.2808142201834863 0.02334375 0.05456422018348624
0 0.30165625 0.3420183486238532 0.018968750000000003 0.05876146788990826
0 0.49921875000000004 0.3291284403669725 0.9859375 0.17660550458715596
