2 0.87152 0.718 0.25695999999999997 0.35237333333333326
2 0.27918000000000004 0.6012799999999999 0.1028 0.2885333333333333
0 0.41124 0.5382 0.1854 0.7887733333333333
0 0.13568000000000002 0.57528 0.20056000000000002 0.80448
0 0.21606999999999998 0.28978666666666664 0.0415 0.18309333333333333
0 0.25560000000000005 0.30066666666666664 0.04404 0.22255999999999998
0 0.68528 0.2563333333333333 0.04728 0.08402666666666667
0 0.82328 0.3433066666666667 0.09904 0.2963733333333333
0 0.72613 0.26792 0.038939999999999995 0.11338666666666668
0 0.51687 0.35744 0.0709 0.24837333333333333
0 0.07736 0.27252 0.040159999999999994 0.11165333333333333
0 0.03176 0.2969333333333333 0.05204 0.19562666666666667
0 0.9361 0.3522533333333333 0.1278 0.44381333333333334
0 0.6373 0.3536933333333333 0.04884 0.27768
0 0.59365 0.4076133333333334 0.07526000000000001 0.38242666666666664
0 0.275 0.29866666666666664 0.466 0.2613333333333333
