0 0.20778906250000004 0.4501424870466321 0.090890625 0.23468911917098448
0 0.7675000000000001 0.393639896373057 0.06340625 0.24779792746113993
0 0.37991406250000004 0.4591450777202073 0.076640625 0.12248704663212436
0 0.5871328125 0.49097150259067357 0.077671875 0.1111139896373057
0 0.6015156250000001 0.4394170984455959 0.10037499999999999 0.13375647668393784
0 0.6629375000000001 0.48746113989637313 0.06656250000000001 0.09383419689119171
0 0.33403906250000004 0.4907124352331606 0.09026562500000002 0.16432642487046634
0 0.4250546875 0.5118264248704664 0.083296875 0.10002590673575129
0 0.512234375 0.5085233160621763 0.0761875 0.08673575129533678
0 0.5363749999999999 0.45362694300518136 0.0859375 0.10756476683937825
