0 0.2934765625 0.6665537383177569 0.196609375 0.645911214953271
0 0.802140625 0.7096378504672897 0.39571875 0.5538084112149533
0 0.46494531250000004 0.7009696261682242 0.117734375 0.4776869158878504
0 0.41121093750000004 0.5411331775700935 0.025953125 0.13385514018691588
0 0.0745625 0.5950817757009346 0.08475 0.27249999999999996
0 0.9725078125 0.5983995327102803 0.054984375 0.29105140186915884
0 0.92634375 0.5087616822429906 0.026531250000000003 0.054158878504672894
0 0.6454609375 0.608983644859813 0.10670312500000001 0.29212616822429904
0 0.0465859375 0.7067406542056075 0.08717187500000001 0.5595560747663552
0 0.19090625000000003 0.5348364485981308 0.025781250000000002 0.07528037383177569
0 0.562734375 0.5651168224299065 0.05296875 0.22266355140186914
0 0.9014687499999999 0.5920210280373831 0.13287500000000002 0.32114485981308405
