0 0.24202343750000002 0.6853930131004367 0.20745312500000002 0.37751091703056766
0 0.1377578125 0.7590502183406113 0.13026562500000002 0.2523362445414847
0 0.044062500000000004 0.5366484716157205 0.050937500000000004 0.11434497816593886
0 0.07277343750000001 0.49245633187772925 0.014453125 0.03596069868995633
0 0.5958203125 0.7682314410480349 0.010734375 0.028427947598253272
0 0.3849921875 0.6627947598253274 0.016109375000000002 0.02803493449781659
0 0.06489062500000001 0.4850218340611353 0.010812500000000001 0.02965065502183406
0 0.3291484375 0.631353711790393 0.006578125000000001 0.019344978165938862
0 0.337453125 0.6351528384279477 0.009500000000000001 0.022882096069868997
0 0.34418750000000004 0.6421179039301309 0.0090625 0.01781659388646288
