0 0.7086145833333333 0.8977578125000001 0.12885416666666666 0.11010937500000001
0 0.2939791666666667 0.8117734375 0.04825 0.050234375
0 0.23235416666666667 0.8771093750000001 0.08204166666666667 0.1718125
0 0.27788541666666666 0.91778125 0.20939583333333334 0.16443750000000001
0 0.35356249999999995 0.861796875 0.07191666666666667 0.1550625
0 0.5263854166666666 0.9068125 0.08527083333333334 0.186375
0 0.4331875 0.8737656250000001 0.06270833333333334 0.1809375
0 0.5682500000000001 0.8162109375000001 0.024125 0.043203125
0 0.9615833333333333 0.9597421875000001 0.07679166666666666 0.080328125
0 0.014947916666666667 0.871078125 0.029895833333333333 0.15471875000000002
0 0.485875 0.8585078125 0.050958333333333335 0.131234375
0 0.5410833333333332 0.8328828125 0.042791666666666665 0.064015625
0 0.5132395833333333 0.7969218750000001 0.010979166666666665 0.0124375
0 0.5895833333333333 0.884375 0.09166666666666666 0.17500000000000002
