0 0.6216953125 0.637793427230047 0.20101562500000003 0.6666666666666666
0 0.44896874999999997 0.5786737089201878 0.175375 0.7743427230046949
0 0.3510390625 0.1467018779342723 0.030390625 0.18265258215962443
0 0.056562499999999995 0.5693661971830987 0.11165625 0.8602816901408451
0 0.406453125 0.1240962441314554 0.03075 0.1386150234741784
0 0.48599218749999995 0.11313380281690141 0.023703125000000002 0.13913145539906105
0 0.5131796875 0.14061032863849765 0.05310937500000001 0.0715962441314554
0 0.6216015625 0.10775821596244133 0.028296875 0.14030516431924883
0 0.5459765625 0.15998826291079812 0.060203125 0.09044600938967137
0 0.19455468750000002 0.1592136150234742 0.046859375 0.20011737089201878
0 0.5857187500000001 0.12818075117370892 0.04515625 0.16561032863849764
0 0.1295 0.17683098591549296 0.0423125 0.172018779342723
0 0.015507812500000002 0.15950704225352114 0.031015625000000005 0.17366197183098592
