0 0.7349218750000001 0.514617067833698 0.49103125000000003 0.8
0 0.6698359375 0.49524070021881833 0.23785937499999998 0.6722757111597374
0 0.9882343750000001 0.45618161925601747 0.0205625 0.22951859956236323
0 0.0360703125 0.3309518599562363 0.06639062500000001 0.3237417943107221
0 0.07740625000000001 0.32190371991247263 0.065375 0.2357549234135667
0 0.12053125 0.34377461706783374 0.046906250000000003 0.2637417943107221
0 0.577875 0.3181728665207877 0.14075000000000001 0.5799343544857767
0 0.314171875 0.3814223194748359 0.08221875000000001 0.41479212253829323
0 0.35716406250000005 0.35057986870897156 0.056703125 0.27704595185995623
0 0.9415234375000001 0.35028446389496715 0.091359375 0.284288840262582
0 0.9037109375000001 0.2714989059080962 0.047140625000000005 0.06663019693654267
0 0.2084921875 0.3684682713347921 0.107015625 0.3436761487964989
0 0.4766875 0.4076805251641138 0.1686875 0.5524288840262582
