0 0.6841640625000001 0.25592505854800934 0.132578125 0.23709601873536298
0 0.80903125 0.21805620608899298 0.10534375000000001 0.13747072599531618
0 0.2241484375 0.2876346604215457 0.148421875 0.22023419203747074
0 0.0648359375 0.2334426229508197 0.129671875 0.31353629976580794
0 0.9690000000000002 0.3422248243559719 0.062 0.15555035128805622
0 0.6077734375000001 0.0820374707259953 0.181015625 0.15864168618266977
0 0.028585937500000005 0.08400468384074941 0.05717187500000001 0.16800936768149882
0 0.373109375 0.2907728337236534 0.09593750000000001 0.10074941451990634
0 0.8984921875 0.16537470725995318 0.104796875 0.23421545667447308
0 0.9206093750000002 0.6852927400468384 0.15878125 0.10557377049180328
0 0.459234375 0.5363700234192037 0.49909375000000006 0.8285714285714286
0 0.9433046875000001 0.2770491803278689 0.07845312500000001 0.19447306791569088
0 0.377640625 0.3158782201405152 0.09718750000000001 0.16107728337236535
0 0.5390625 0.1288056206088993 0.9187500000000001 0.2576112412177986
