0 0.0923359375 0.5421458333333333 0.062109375 0.22233333333333333
0 0.25806250000000003 0.4921875 0.01234375 0.05529166666666666
0 0.35506250000000006 0.4904583333333334 0.01659375 0.065875
0 0.4225703125 0.47885416666666664 0.014046875 0.03683333333333333
0 0.49778125 0.46474999999999994 0.00609375 0.01475
0 0.5959765625000001 0.52821875 0.039984375 0.10939583333333333
0 0.6962343750000001 0.47481249999999997 0.0210625 0.029791666666666668
0 0.718890625 0.49150000000000005 0.017843750000000002 0.04829166666666666
0 0.7750390625000001 0.4941979166666667 0.018859375 0.0523125
0 0.43836718750000003 0.48783333333333334 0.021140625 0.051166666666666666
0 0.384375 0.48715625 0.017656250000000002 0.04764583333333333
0 0.1461171875 0.47141666666666665 0.015890625000000002 0.017833333333333333
0 0.046953125000000005 0.49553125000000003 0.030906250000000003 0.0774375
0 0.5125000000000001 0.490625 0.8 0.09375
