0 0.3021796875 0.541487119437939 0.320140625 0.6434894613583138
0 0.1202109375 0.4389227166276347 0.024109375000000002 0.14454332552693208
0 0.130578125 0.4920374707259953 0.045312500000000006 0.18908665105386416
0 0.44197656250000006 0.4713348946135832 0.032796874999999996 0.17283372365339578
0 0.48894531249999995 0.4553864168618267 0.035046875 0.2015456674473068
0 0.5173671875 0.4549765807962529 0.036078125 0.14901639344262296
0 0.6574375000000001 0.5280796252927401 0.19640625 0.6966276346604215
0 0.7418203125 0.5639812646370024 0.134328125 0.5771896955503513
0 0.817640625 0.42795081967213117 0.0286875 0.11473067915690867
0 0.1742890625 0.34752927400468386 0.030265625000000004 0.04152224824355972
0 0.8270546875000001 0.42180327868852463 0.022859375 0.12510538641686184
0 0.16500781250000002 0.48577283372365343 0.039609375 0.20147540983606557
0 0.8824062500000001 0.4293911007025761 0.02640625 0.12248243559718969
0 0.5 0.4894613583138173 0.9968750000000001 0.4918032786885246
