0 0.209 0.574168618266979 0.11290625000000001 0.3114285714285714
0 0.36224218750000003 0.6253161592505855 0.08857812500000001 0.40070257611241217
0 0.45478125 0.6193208430913348 0.057468750000000006 0.35686182669789224
0 0.551921875 0.5993559718969556 0.047218750000000004 0.35149882903981267
0 0.6265703125000001 0.5836182669789227 0.066984375 0.33360655737704914
0 0.7098359375000001 0.5808430913348946 0.076171875 0.3558313817330211
0 0.8196406249999999 0.5642388758782202 0.0523125 0.2842622950819672
0 0.7693046875 0.5811943793911007 0.05460937500000001 0.2859484777517564
0 0.9480312500000001 0.5705386416861827 0.084375 0.29096018735362994
0 0.5060234375 0.6395550351288057 0.11004687500000002 0.39597189695550356
0 0.844484375 0.5796721311475409 0.050187499999999996 0.23629976580796255
0 0.6683593750000001 0.5768149882903981 0.040843750000000005 0.28224824355971895
