0 0.7079906542056074 0.8745468750000001 0.06523364485981309 0.074625
0 0.2747897196261682 0.8249921875 0.018177570093457943 0.021921875
0 0.09480140186915888 0.8309062500000002 0.014742990654205606 0.01040625
0 0.25072429906542054 0.8248984375000001 0.010841121495327101 0.019046875
0 0.2415070093457944 0.8254140625 0.014509345794392522 0.021515625
0 0.45449766355140186 0.8124062500000001 0.003948598130841121 0.00625
0 0.39622663551401865 0.8227734375 0.007686915887850467 0.005140625
0 0.42754672897196255 0.8150234375000001 0.008364485981308411 0.010703125
0 0.0940303738317757 0.8186171875 0.01072429906542056 0.007015625000000001
0 0.3844626168224299 0.8142578125000001 0.0043457943925233646 0.010296875
