0 0.105546875 0.24959016393442623 0.01615625 0.06606557377049181
0 0.08419531250000001 0.24997658079625293 0.012953125 0.060843091334894614
0 0.0101171875 0.2578220140515223 0.019421875 0.0776112412177986
0 0.0520546875 0.24951990632318502 0.020671875000000003 0.06325526932084309
0 0.21264062499999997 0.24487119437939112 0.0231875 0.059765807962529276
0 0.12125000000000002 0.2534192037470726 0.01615625 0.05742388758782201
0 0.17273437500000002 0.23614754098360655 0.0101875 0.012950819672131148
0 0.17641406250000002 0.2618618266978923 0.0064218750000000005 0.031733021077283374
0 0.073125 0.24865339578454335 0.01171875 0.03903981264637003
0 0.1500390625 0.2459016393442623 0.007390625000000001 0.06697892271662764
