0 0.528828125 0.38357731958762886 0.27203125 0.5521855670103093
0 0.16867187500000003 0.49546391752577323 0.06590625 0.09678350515463917
0 0.8595390625000001 0.4217216494845361 0.135328125 0.22138144329896908
0 0.9612421875000001 0.43396907216494846 0.075734375 0.22323711340206184
0 0.9857968750000001 0.3538762886597938 0.02840625 0.13435051546391752
0 0.8860156250000002 0.49229896907216497 0.07650000000000001 0.08014432989690722
0 0.737984375 0.38767010309278355 0.067 0.14882474226804127
0 0.6432890625000001 0.35722680412371133 0.062359374999999995 0.11144329896907217
0 0.47471093750000004 0.36554639175257736 0.042078125 0.05624742268041238
0 0.092046875 0.49942268041237114 0.11153125 0.09694845360824743
0 0.10939062499999999 0.4294845360824743 0.11365625 0.17571134020618556
0 0.32184375000000004 0.4856494845360825 0.065875 0.11402061855670102
0 0.3106875 0.47235051546391754 0.0159375 0.06762886597938143
0 0.6257812500000001 0.6072164948453609 0.7453125 0.4020618556701031
