0 0.4533125 0.6148645833333333 0.1570625 0.30718749999999995
0 0.2960703125 0.6557604166666667 0.138578125 0.2446875
0 0.749578125 0.4640416666666667 0.07621875 0.12104166666666667
0 0.786171875 0.449 0.0528125 0.150125
0 0.831484375 0.45782291666666663 0.04578125 0.1281875
0 0.891421875 0.45537500000000003 0.06696875000000001 0.12458333333333332
0 0.9173593750000001 0.27461458333333333 0.04925 0.10560416666666667
0 0.18240625 0.6382708333333333 0.1055625 0.288875
0 0.25 0.20503125 0.04271875 0.0655625
0 0.2540390625 0.3379791666666667 0.04120312500000001 0.05725
0 0.21715625 0.33782291666666664 0.043500000000000004 0.0589375
0 0.6932343750000001 0.24751041666666668 0.025937500000000002 0.04697916666666667
0 0.27086718750000005 0.11237499999999999 0.046953125000000005 0.06491666666666666
0 0.49921875000000004 0.29270833333333335 0.9984375000000001 0.5854166666666667
