0 0.42224218750000003 0.29452214452214454 0.068140625 0.18946386946386948
0 0.1940234375 0.7339860139860139 0.243265625 0.403962703962704
0 0.3649453125 0.13715617715617717 0.064453125 0.1275990675990676
0 0.8235546874999999 0.06202797202797203 0.035703125 0.10298368298368299
0 0.9470390624999999 0.12005827505827504 0.081828125 0.1954079254079254
0 0.5380234375 0.10462703962703962 0.04195312500000001 0.17424242424242425
0 0.33758593750000004 0.026934731934731934 0.030578125 0.03662004662004662
0 0.9284687500000001 0.04576923076923077 0.030093750000000002 0.08188811188811189
0 0.8962499999999999 0.05801864801864802 0.040406250000000005 0.11603729603729604
0 0.8546171875000002 0.07036130536130536 0.036359375 0.10375291375291375
0 0.9134375000000001 0.078997668997669 0.026812500000000003 0.11953379953379954
0 0.8724765625 0.07632867132867134 0.024921875 0.11153846153846154
0 0.34921875 0.026806526806526808 0.3296875 0.053613053613053616
