0 0.5010915492957747 0.34875 0.63462441314554 0.496625
0 0.9587676056338028 0.7290078125 0.06232394366197183 0.115390625
0 0.8972417840375587 0.7339687500000001 0.03509389671361502 0.10928125
0 0.8454577464788732 0.7454375 0.05232394366197183 0.07796875
0 0.795774647887324 0.7422578125 0.07436619718309859 0.09207812500000001
0 0.659988262910798 0.7251171875000001 0.036408450704225354 0.059109375
0 0.2949530516431925 0.7111484375 0.05953051643192488 0.09298437500000001
0 0.6334741784037559 0.7439140625 0.04075117370892019 0.10048437500000001
0 0.9215258215962442 0.7110234375 0.02460093896713615 0.059671875
0 0.21464788732394366 0.7110078125000001 0.10046948356807511 0.07795312500000001
0 0.5967253521126761 0.7466250000000001 0.05176056338028169 0.101125
0 0.751643192488263 0.7555859375 0.03483568075117371 0.047046875
0 0.702781690140845 0.7685234375 0.07612676056338029 0.043828125
0 0.45892018779342725 0.71796875 0.9178403755868545 0.1640625
