0 0.71203125 0.50507 0.5759375000000001 0.9898600000000001
0 0.548640625 0.43193000000000004 0.2734375 0.56974
0 0.4423125 0.5001 0.07659375000000002 0.20968
0 0.35795312500000004 0.5367500000000001 0.050375 0.21146
0 0.30196875 0.5466000000000001 0.07075000000000001 0.21132
0 0.19625781250000002 0.52106 0.16142187500000002 0.33444
0 0.036953124999999996 0.51983 0.06903125 0.22302000000000002
0 0.397671875 0.5372899999999999 0.06115625 0.21174
0 0.32099218749999997 0.46782999999999997 0.042328125 0.1021
0 0.281796875 0.49657 0.029281249999999998 0.11058
