0 0.21087500000000003 0.4955295315682281 0.020125000000000004 0.07720977596741342
0 0.13073437499999999 0.4966700610997962 0.02096875 0.06775967413441955
0 0.1731796875 0.4640936863543788 0.018953125 0.065010183299389
0 0.23084375 0.4467413441955193 0.016625 0.06806517311608962
0 0.11228906250000002 0.45116089613034616 0.054078125000000005 0.0270061099796334
0 0.1434375 0.6015376782077393 0.027875 0.05647657841140529
0 0.12642968750000003 0.6319348268839102 0.035546875 0.05731160896130346
0 0.09506250000000001 0.6425865580448065 0.038375 0.05613034623217922
0 0.2129453125 0.4016089613034623 0.030953124999999998 0.017148676171079427
0 0.113421875 0.3897148676171079 0.02009375 0.05539714867617107
0 0.138734375 0.335366598778004 0.01003125 0.045926680244399186
0 0.1499140625 0.3348065173116089 0.012515625 0.03971486761710794
0 0.20949218750000004 0.2816191446028513 0.005640625 0.015091649694501018
0 0.46718750000000003 0.45112016293279017 0.890625 0.6130346232179226
