0 0.46984716157205236 0.631328125 0.017161572052401746 0.02759375
0 0.49367903930131 0.6162890625 0.026921397379912664 0.061328125000000004
0 0.4215502183406113 0.6165546875000001 0.04069868995633188 0.054234375
0 0.3278493449781659 0.72971875 0.12967248908296944 0.33618750000000003
0 0.5108842794759825 0.631046875 0.012467248908296943 0.033625
0 0.5642358078602621 0.6301171875000001 0.022314410480349347 0.035515625
0 0.7931550218340612 0.6962734375 0.03866812227074236 0.045296875
0 0.774650655021834 0.6388515625000001 0.03668122270742358 0.039390625000000005
0 0.8159061135371178 0.6423828125000001 0.017270742358078604 0.018359375
0 0.26365720524017466 0.72740625 0.07281659388646289 0.2726875
0 0.7454475982532751 0.6911875000000001 0.04120087336244541 0.038437500000000006
0 0.8001855895196505 0.6423828125000001 0.014563318777292576 0.013703125
0 0.13816593886462883 0.6838437500000001 0.05122270742358079 0.03665625
0 0.603711790393013 0.61484375 0.7882096069868996 0.0890625
