0 0.8216015624999999 0.766288056206089 0.356796875 0.4404449648711944
0 0.240640625 0.8584309133489462 0.33134375000000005 0.2831381733021077
0 0.9536250000000002 0.40544496487119436 0.0428125 0.07894613583138174
0 0.5794765625 0.4910070257611241 0.106453125 0.16852459016393442
0 0.78515625 0.4427751756440281 0.060125 0.10845433255269321
0 0.7381328125000001 0.4657494145199063 0.056828125 0.11679156908665105
0 0.23464062500000005 0.5752810304449648 0.1574375 0.269672131147541
0 0.08171093750000001 0.6119906323185011 0.16342187500000002 0.2763934426229508
0 0.33537500000000003 0.46577283372365336 0.12771875 0.36372365339578455
0 0.37346093750000003 0.5397658079625293 0.11685937500000002 0.25152224824355973
0 0.6952734375 0.4609367681498829 0.09398437500000001 0.16159250585480095
0 0.9480625 0.7074121779859485 0.10049999999999999 0.29384074941451993
0 0.16696875 0.4269789227166277 0.0269375 0.03494145199063232
0 0.53046875 0.46252927400468385 0.9359375000000001 0.3583138173302108
