0 0.4213046875 0.233711943793911 0.086953125 0.14381733021077284
0 0.07702343750000001 0.7180796252927399 0.079171875 0.12922716627634662
0 0.11778906249999999 0.6593325526932083 0.08351562500000001 0.12002341920374707
0 0.2577109375 0.4763583138173301 0.10067187500000002 0.1486416861826698
0 0.3060625 0.3880913348946136 0.08621875000000001 0.12920374707259955
0 0.3640625 0.3304332552693208 0.0693125 0.11552693208430913
0 0.19113281250000003 0.3727049180327868 0.06526562500000001 0.0948711943793911
0 0.5447421875 0.06402810304449649 0.088484375 0.12805620608899299
0 0.6926171875 0.6023887587822014 0.412890625 0.5291334894613583
0 0.19435156250000002 0.5575292740046839 0.09248437500000001 0.1557142857142857
0 0.5012578125 0.12782201405152224 0.08454687500000001 0.15320843091334896
