0 0.728046875 0.13401639344262295 0.1066875 0.24550351288056205
0 0.24796093750000003 0.03265807962529274 0.043234375000000005 0.06302107728337236
0 0.26279687500000004 0.049918032786885246 0.0214375 0.07599531615925059
0 0.043023437500000004 0.15974238875878222 0.08604687500000001 0.22533957845433256
0 0.1555703125 0.029367681498829037 0.015859375000000002 0.0239344262295082
0 0.9797734375000001 0.28989461358313817 0.040453125000000006 0.5393208430913349
0 0.0433984375 0.3681967213114754 0.086796875 0.6242622950819672
0 0.10853125 0.08194379391100703 0.05921875 0.16388758782201407
0 0.036398437500000005 0.7297072599531615 0.07279687500000001 0.5405854800936768
0 0.13715625 0.05940281030444965 0.025625 0.08587822014051523
0 0.7641718750000001 0.09756440281030444 0.043125000000000004 0.10711943793911008
