0 0.6764800000000001 0.4421453287197232 0.22332 0.5155017301038062
0 0.51459 0.3474567474048443 0.05326 0.09498269896193771
0 0.47402 0.2333391003460208 0.04952 0.11892733564013841
0 0.70239 0.14652249134948098 0.036180000000000004 0.09034602076124568
0 0.86203 0.15472318339100347 0.03282 0.048961937716262977
0 0.89277 0.24455017301038068 0.041299999999999996 0.10785467128027683
0 0.95272 0.32290657439446363 0.07404000000000001 0.1303114186851211
0 0.16105 0.19346020761245677 0.04846 0.15024221453287198
0 0.80933 0.3637889273356401 0.02658 0.04598615916955017
0 0.3339 0.5554671280276817 0.25052 0.31508650519031145
0 0.18639 0.47977508650519035 0.17534 0.4696539792387543
0 0.5689 0.15480968858131489 0.036840000000000005 0.08754325259515572
0 0.34905 0.2987024221453287 0.07658 0.19221453287197232
0 0.501 0.2179930795847751 0.994 0.4359861591695502
