0 0.519328125 0.4234305555555556 0.13259375 0.5826388888888889
0 0.345484375 0.5333749999999999 0.10500000000000001 0.3531944444444445
0 0.40279687500000005 0.2680972222222222 0.044875 0.24480555555555555
0 0.3355703125 0.28573611111111114 0.047046875 0.17969444444444443
0 0.29276562500000003 0.27191666666666664 0.0505625 0.23283333333333334
0 0.6526640625000001 0.24854166666666666 0.041359375000000004 0.23136111111111113
0 0.1499375 0.19993055555555556 0.03078125 0.14552777777777778
0 0.8620078124999999 0.29612499999999997 0.034484375000000005 0.15569444444444444
0 0.760328125 0.2516805555555555 0.0164375 0.07641666666666667
0 0.8922656250000002 0.3081388888888889 0.03309375 0.15033333333333332
0 0.14828125 0.2905 0.056406250000000005 0.10588888888888888
0 0.6182265625 0.2526527777777778 0.014734375000000001 0.07058333333333333
0 0.381859375 0.21095833333333333 0.010750000000000001 0.06391666666666668
