0 0.7601562500000001 0.6818541666666667 0.20775000000000002 0.3665
0 0.6960625 0.8213541666666666 0.42809375000000005 0.3348333333333333
0 0.34971875 0.6539375 0.21068750000000003 0.4
0 0.07535156250000001 0.6396041666666666 0.147828125 0.273625
0 0.19701562500000003 0.5859791666666666 0.12050000000000001 0.320375
0 0.23314843750000003 0.4731145833333334 0.080828125 0.20735416666666667
0 0.3825390625 0.5211354166666666 0.11317187500000002 0.2798541666666667
0 0.7436796875 0.4940729166666666 0.074046875 0.12389583333333333
0 0.6892578125000001 0.4684583333333333 0.109921875 0.16341666666666665
0 0.9067656250000001 0.6756770833333333 0.18515625000000002 0.5362291666666666
0 0.5083671875 0.587375 0.169203125 0.6472916666666666
0 0.813484375 0.4541145833333333 0.08640625 0.12322916666666667
0 0.07889062499999999 0.4626875 0.1290625 0.15633333333333335
0 0.078125 0.9208333333333333 0.15625 0.15416666666666667
