0 0.21404687500000003 0.5662916666666666 0.42809375000000005 0.8449583333333333
0 0.8966250000000001 0.7516875 0.205625 0.4741666666666666
0 0.8397187500000002 0.5919583333333333 0.11896875000000001 0.22091666666666668
0 0.6688359375 0.5641666666666667 0.033390625 0.14925
0 0.59653125 0.559125 0.02915625 0.150125
0 0.35265625 0.5599166666666666 0.04328125 0.17758333333333332
0 0.9780859375000001 0.5875520833333333 0.043828125 0.15360416666666668
0 0.7822968750000001 0.6002708333333333 0.048 0.206125
0 0.7524765625000001 0.796125 0.16432812500000002 0.40775
0 0.395546875 0.5672708333333333 0.0471875 0.17475
