0 0.5062470588235294 0.7809765625 0.2064235294117647 0.22201562500000002
0 0.7359176470588235 0.8354921875000001 0.15630588235294118 0.136765625
0 0.8678470588235294 0.808328125 0.08228235294117646 0.1943125
0 0.814470588235294 0.6968593750000001 0.06799999999999999 0.04731250000000001
0 0.9824705882352941 0.6411015624999999 0.03312941176470588 0.031734375
0 0.7818588235294116 0.6435468750000001 0.049458823529411756 0.0303125
0 0.644235294117647 0.5573828125 0.03087058823529411 0.024109375000000002
0 0.8098235294117646 0.6308281250000001 0.047599999999999996 0.047093750000000004
0 0.8345529411764705 0.5444062500000001 0.03230588235294118 0.02790625
0 0.9409176470588234 0.7260390625 0.08602352941176471 0.078140625
0 0.9204 0.5367578125 0.04447058823529411 0.053421875
0 0.7147764705882353 0.70396875 0.06319999999999999 0.0869375
0 0.9058941176470587 0.6410859375000001 0.05512941176470588 0.029640625
0 0.49882352941176467 0.48515625 0.9976470588235293 0.5359375000000001
