0 0.593390625 0.48588992974238876 0.3584375 0.8464871194379391
0 0.2650703125 0.5626346604215456 0.5180781250000001 0.8058782201405152
0 0.15471875000000002 0.2782552693208431 0.0686875 0.15313817330210772
0 0.4858906250000001 0.1481615925058548 0.08371875000000001 0.13
0 0.8896406250000001 0.14956674473067916 0.06678125 0.07725995316159251
0 0.67371875 0.0477751756440281 0.09493750000000001 0.09503512880562061
0 0.96375 0.1405503512880562 0.07190625 0.08185011709601875
0 0.08504687500000002 0.15033957845433255 0.09690625000000001 0.11800936768149883
0 0.7288515625 0.14320843091334895 0.07685937500000001 0.09189695550351289
0 0.8386328125000001 0.10062060889929741 0.11692187500000001 0.18428571428571427
0 0.9319296875000002 0.10591334894613584 0.065046875 0.16096018735363
0 0.47940625000000003 0.10734192037470726 0.0935625 0.14695550351288056
0 0.5078125 0.11358313817330211 0.9812500000000001 0.22716627634660422
