0 0.41046875 0.6508958333333333 0.37162500000000004 0.6756666666666666
0 0.14097656249999999 0.6243645833333334 0.16407812500000002 0.16681249999999997
0 0.15399218750000002 0.43915625 0.042796875000000005 0.10502083333333333
0 0.199609375 0.47985416666666664 0.0390625 0.06983333333333334
0 0.7276953125000001 0.7482604166666665 0.17657812500000003 0.2024375
0 0.34232031250000006 0.45228124999999997 0.043453125 0.15627083333333333
0 0.40253125 0.42565625 0.03571875 0.0549375
0 0.01540625 0.4606979166666667 0.0308125 0.1399375
0 0.598734375 0.5582708333333334 0.07290624999999999 0.2745416666666667
0 0.36703125000000003 0.44160416666666663 0.03028125 0.08754166666666667
