2 0.42359375000000005 0.5854545454545456 0.17403125 0.13247357293868922
0 0.2394609375 0.1726215644820296 0.031328125000000005 0.11623678646934461
0 0.584234375 0.18306553911205076 0.0136875 0.019830866807610995
0 0.64384375 0.20958773784355178 0.01890625 0.05769556025369979
0 0.7863984375 0.20562367864693445 0.024921875 0.1415644820295983
0 0.5638437500000001 0.17009513742071883 0.048156250000000005 0.1348202959830867
0 0.8561484375000001 0.1933509513742072 0.031453125 0.10670190274841437
0 0.6994765625000001 0.16928118393234676 0.011890625000000002 0.06135306553911205
0 0.6704453125000001 0.15762156448202963 0.008859375000000001 0.03389006342494715
0 0.6473906250000001 0.16375264270613107 0.009281250000000001 0.03731501057082452
0 0.48712500000000003 0.20931289640591966 0.0188125 0.043065539112050744
0 0.80946875 0.18332980972515858 0.01259375 0.04754756871035941
0 0.3054296875 0.1542494714587738 0.014734375000000001 0.02190274841437632
2 0.2180859375 0.19474630021141648 0.016234375000000002 0.02784355179704017
0 0.7782109375 0.1895877378435518 0.018140625 0.09236786469344609
0 0.6125 0.16701902748414377 0.6843750000000001 0.08033826638477802
