0 0.16853906250000003 0.4612395833333333 0.192140625 0.3505625
0 0.37309375 0.47821875 0.16415625 0.21414583333333334
0 0.8772578124999999 0.5861354166666667 0.24548437500000003 0.8277291666666666
0 0.6856562500000001 0.4921979166666666 0.08837500000000001 0.08985416666666667
0 0.7431484375 0.47334374999999995 0.041234375000000004 0.07114583333333332
0 0.7285234375 0.4735625 0.263234375 0.21762499999999999
0 0.850359375 0.5181354166666667 0.29778125000000005 0.47939583333333335
0 0.43183593750000004 0.47685416666666663 0.065921875 0.14429166666666668
0 0.05869531250000001 0.6137916666666666 0.11720312500000002 0.19795833333333332
0 0.46234375 0.44648958333333333 0.017249999999999998 0.03260416666666667
