2 0.24587500000000004 0.5826923076923077 0.32171875000000005 0.7384134615384615
0 0.6566953125000001 0.36663461538461545 0.19332812500000002 0.7313461538461539
0 0.042 0.12888221153846155 0.084 0.2556971153846154
0 0.7303359375 0.3674158653846154 0.128546875 0.7258413461538462
0 0.544828125 0.4382091346153847 0.13146875 0.5797836538461538
0 0.3534843750000001 0.15055288461538463 0.2249375 0.29663461538461544
0 0.446890625 0.33745192307692307 0.14221875 0.6749038461538461
0 0.9239921875000001 0.36457932692307693 0.151578125 0.7264663461538462
0 0.2042421875 0.1634735576923077 0.110578125 0.3269471153846154
0 0.05855468750000001 0.35924278846153845 0.11710937500000002 0.7117067307692307
0 0.9734218750000001 0.36735576923076924 0.05315625000000001 0.7347115384615385
0 0.18363281250000002 0.17290865384615386 0.13117187500000002 0.1614423076923077
