2 0.41724 0.4977733333333333 0.1726 0.13122666666666666
2 0.93319 0.37232 0.11006 0.09594666666666665
2 0.7236800000000001 0.3700133333333333 0.046880000000000005 0.06648
2 0.48766 0.3736266666666667 0.0694 0.0456
0 0.69933 0.28698666666666667 0.03438 0.16650666666666666
0 0.76621 0.3170533333333333 0.03082 0.17757333333333333
0 0.5803900000000001 0.31355999999999995 0.03914 0.18951999999999997
0 0.37146000000000007 0.37148000000000003 0.040560000000000006 0.06727999999999999
0 0.8786 0.32152 0.057159999999999996 0.19354666666666664
0 0.55003 0.31132 0.04678 0.1617333333333333
0 0.74818 0.3064266666666666 0.029320000000000002 0.18549333333333334
0 0.91911 0.31321333333333334 0.04882 0.20418666666666666
0 0.28796000000000005 0.33148 0.0286 0.13890666666666668
0 0.35351 0.3105066666666667 0.01434 0.03546666666666667
0 0.07868000000000001 0.2844666666666667 0.039240000000000004 0.13837333333333332
0 0.8385999999999999 0.33328 0.030600000000000002 0.08725333333333332
2 0.32471 0.36510666666666663 0.04254 0.06749333333333332
0 0.23175 0.30408 0.05086 0.15669333333333332
2 0.28613 0.37556 0.03546 0.042319999999999997
2 0.54551 0.35305333333333333 0.040420000000000005 0.08018666666666667
0 0.28600000000000003 0.27199999999999996 0.392 0.13333333333333333
