0 0.38157812500000005 0.2907547169811321 0.11778125 0.17141509433962265
0 0.5403984375 0.30162735849056604 0.088484375 0.1328301886792453
0 0.6650546875000001 0.2968278301886792 0.088859375 0.16889150943396225
0 0.694484375 0.28385613207547167 0.145625 0.22275943396226414
0 0.1585546875 0.49257075471698114 0.087828125 0.2808962264150943
0 0.2158671875 0.3442570754716981 0.08039062500000001 0.18200471698113208
0 0.246390625 0.3168514150943396 0.06996875000000001 0.20224056603773585
0 0.1113984375 0.26172169811320756 0.056046874999999996 0.08429245283018869
0 0.148515625 0.2734080188679245 0.05656250000000001 0.1047877358490566
0 0.17503125000000003 0.3042570754716981 0.05340625 0.16101415094339622
0 0.2030859375 0.22573113207547169 0.022828125 0.047405660377358494
0 0.32155468750000005 0.24818396226415093 0.052234375 0.0589622641509434
0 0.7840390625000001 0.3736320754716981 0.058203125 0.14212264150943396
0 0.5140625 0.4033018867924528 0.96875 0.5849056603773585
