0 0.6816015625 0.7356770833333334 0.048609375 0.15752083333333333
0 0.2565234375 0.8364895833333333 0.011703125000000002 0.01922916666666667
0 0.172953125 0.8159166666666666 0.015562500000000002 0.026041666666666668
0 0.3675859375 0.7826562499999999 0.005890625 0.015729166666666666
0 0.4408984375 0.7818333333333333 0.004296875 0.015208333333333332
0 0.24390625 0.81884375 0.01159375 0.03152083333333333
0 0.38851562500000003 0.7870416666666666 0.008906250000000001 0.02195833333333333
0 0.385421875 0.7343958333333334 0.00446875 0.013083333333333334
0 0.1954921875 0.8449583333333333 0.022140625 0.025041666666666667
0 0.1791953125 0.8482083333333333 0.012484375 0.021083333333333332
0 0.3355234375 0.8095312499999999 0.012265625 0.026312500000000003
0 0.1981796875 0.8044791666666667 0.013578125 0.011375
0 0.416296875 0.7695416666666667 0.00465625 0.0105
0 0.45859375 0.7395833333333334 0.1046875 0.05416666666666667
