0 0.6323202614379085 0.08145424836601307 0.007516339869281045 0.041078431372549025
0 0.2231127450980392 0.0820343137254902 0.020147058823529414 0.04011437908496732
0 0.8515359477124183 0.07857843137254902 0.01261437908496732 0.037875816993464054
0 0.6243300653594772 0.08137254901960785 0.01241830065359477 0.04294117647058824
0 0.5888316993464052 0.0888562091503268 0.014035947712418301 0.025032679738562092
0 0.6444607843137254 0.0794281045751634 0.012516339869281046 0.04212418300653595
0 0.28056372549019604 0.09036764705882352 0.02168300653594771 0.04883986928104576
0 0.21114379084967322 0.09034313725490196 0.016209150326797386 0.01980392156862745
0 0.08973856209150327 0.07946895424836603 0.015947712418300654 0.0467156862745098
0 0.008660130718954249 0.08659313725490198 0.0169281045751634 0.03151960784313725
0 0.0016911764705882352 0.0952859477124183 0.003088235294117647 0.016323529411764705
