0 0.3275234375 0.6013561320754718 0.252171875 0.7792688679245283
0 0.34110937500000005 0.36879716981132077 0.2145625 0.5198584905660377
0 0.719453125 0.5136084905660376 0.081125 0.4216509433962264
0 0.842640625 0.6045047169811321 0.16375 0.5123584905660378
0 0.8747578125 0.25471698113207547 0.031359375 0.20858490566037735
0 0.41876562500000003 0.21115566037735847 0.02915625 0.05867924528301886
0 0.7729921875000001 0.2575943396226415 0.043265625 0.2148584905660377
0 0.539625 0.169563679245283 0.032375 0.14247641509433961
0 0.5643125 0.12596698113207547 0.02075 0.040188679245283014
0 0.6027734375000001 0.39387971698113206 0.068296875 0.25087264150943395
0 0.8447734375 0.2603066037735849 0.051515625 0.2007547169811321
0 0.6987812500000001 0.2437382075471698 0.02890625 0.10908018867924528
