0 0.49141686182669786 0.4931953125 0.2597423887587822 0.297421875
0 0.2271311475409836 0.05246875 0.09772833723653394 0.08750000000000001
0 0.49384074941451994 0.1171640625 0.12510538641686184 0.12067187500000001
0 0.7928922716627634 0.08318750000000001 0.11060889929742387 0.16315625
0 0.21156908665105387 0.335078125 0.2227166276346604 0.28721875
0 0.07373536299765808 0.522421875 0.14747072599531616 0.21421875
0 0.9236182669789227 0.34296875000000004 0.15276346604215457 0.20903125
0 0.3475526932084309 0.25700781250000004 0.11533957845433256 0.08442187500000001
0 0.09600702576112413 0.26627343750000004 0.15107728337236534 0.09576562500000001
0 0.34378220140515225 0.07209375 0.07913348946135831 0.1025625
0 0.9350234192037471 0.0383359375 0.10826697892271663 0.076671875
0 0.4730093676814988 0.9116875000000001 0.2530444964871194 0.15065625000000002
0 0.5363700234192037 0.27175 0.21428571428571427 0.11299999999999999
0 0.49882903981264637 0.24921875000000002 0.9976580796252927 0.49843750000000003
