0 0.3692265625 0.6290520833333333 0.08135937500000001 0.21239583333333334
0 0.5345546874999999 0.6750625 0.081921875 0.24966666666666668
0 0.6392500000000001 0.63646875 0.058375 0.20085416666666667
0 0.7596640625 0.639625 0.042671875 0.2370833333333333
0 0.787171875 0.6633541666666667 0.06084375 0.255625
0 0.81509375 0.6597708333333333 0.04071875 0.239125
0 0.9572343750000001 0.6648645833333333 0.068375 0.22160416666666669
0 0.6489453125 0.5349791666666666 0.041078125 0.10270833333333333
0 0.9525546875 0.5321874999999999 0.032046875 0.04575
0 0.7993828125 0.5308437500000001 0.023921875000000002 0.06452083333333333
0 0.030632812500000002 0.6253124999999999 0.051609375000000006 0.258
0 0.76 0.5077708333333333 0.03225 0.11274999999999999
0 0.881671875 0.6652604166666667 0.068625 0.24202083333333332
0 0.7953125000000001 0.5583333333333333 0.403125 0.24166666666666667
