0 0.2034375 0.7355516431924883 0.14453125 0.350774647887324
0 0.19607812500000002 0.6461619718309859 0.11268750000000001 0.392793427230047
0 0.28866406250000004 0.5953051643192488 0.08245312500000002 0.25610328638497654
0 0.3996015625 0.7175352112676057 0.12301562500000002 0.31070422535211273
0 0.5146328124999999 0.6455399061032864 0.083484375 0.34122065727699535
0 0.8398828125 0.5528169014084507 0.076296875 0.38201877934272305
0 0.2066953125 0.3065140845070423 0.011515625000000002 0.04007042253521127
0 0.2894375 0.7056103286384977 0.0643125 0.2651643192488263
0 0.3777890625 0.5968427230046949 0.062953125 0.2049530516431925
0 0.35259375000000004 0.5046361502347417 0.04953125 0.10697183098591549
0 0.4559921875000001 0.6364084507042254 0.09601562500000001 0.40539906103286383
0 0.09681250000000001 0.6641901408450704 0.09921875000000001 0.47561032863849767
0 0.007671875000000001 0.6139906103286386 0.015343750000000001 0.10859154929577465
0 0.5007812500000001 0.5657276995305165 0.9796875 0.5821596244131455
