0 0.5417265625 0.6704107981220658 0.159921875 0.6591784037558686
0 0.8517031250000001 0.6789084507042253 0.05228125 0.09011737089201878
0 0.21464062500000003 0.6382042253521127 0.36646875 0.6921361502347418
0 0.7153828125000001 0.5892723004694835 0.077671875 0.3195305164319249
0 0.9718828125000001 0.623368544600939 0.047234375 0.1601643192488263
0 0.98959375 0.6065610328638499 0.01671875 0.12237089201877935
0 0.0380546875 0.7353638497652581 0.07470312500000001 0.5280046948356808
0 0.8769453125000001 0.5851291079812206 0.024953125000000003 0.05227699530516432
0 0.921796875 0.6757394366197184 0.09034375 0.29138497652582157
0 0.6461484375 0.686349765258216 0.094046875 0.23223004694835683
0 0.8993203125 0.6065727699530516 0.029796875 0.12906103286384976
0 0.6592109375000001 0.6023826291079812 0.046796875 0.14706572769953052
0 0.9714062500000001 0.5641784037558686 0.0335 0.051220657276995304
