0 0.9243515625 0.7463176470588233 0.054828125000000005 0.2180941176470588
0 0.9154843750000001 0.7580117647058824 0.16815625 0.27399999999999997
0 0.7346015625 0.3752235294117647 0.054390625000000005 0.08729411764705881
0 0.9474453125000001 0.6546117647058822 0.031671875 0.1344470588235294
0 0.8791015625 0.6667882352941176 0.041578125 0.1601176470588235
0 0.784765625 0.6653294117647058 0.014031250000000002 0.12821176470588236
0 0.7375234375 0.6503529411764705 0.024765625 0.1432941176470588
0 0.9160859375000001 0.718635294117647 0.059609375 0.2060705882352941
0 0.277984375 0.6318823529411765 0.0310625 0.04823529411764706
0 0.6239921875000001 0.3615764705882352 0.031390625 0.08917647058823529
0 0.8185625000000001 0.692764705882353 0.01753125 0.1268
0 0.9948046875000002 0.7979764705882353 0.010390625 0.2260705882352941
0 0.5689921875 0.6502470588235293 0.029046875 0.06863529411764706
0 0.45703125 0.5117647058823529 0.5421875 0.36
