0 0.8749453125000001 0.7263529411764705 0.242296875 0.5225411764705882
0 0.8107578125 0.5127411764705881 0.191484375 0.4497176470588235
0 0.8267734375 0.4399058823529411 0.051859375 0.1419764705882353
0 0.7512500000000001 0.6691529411764705 0.201125 0.5388705882352941
0 0.17726562499999998 0.7074705882352941 0.24971875 0.5850588235294117
0 0.0291171875 0.5817411764705882 0.052078125 0.2329411764705882
0 0.05190625 0.520235294117647 0.053093749999999995 0.19284705882352937
0 0.084125 0.6165882352941177 0.10275000000000001 0.30941176470588233
0 0.12735937500000002 0.47882352941176465 0.063 0.10324705882352941
0 0.0358203125 0.8404470588235293 0.068640625 0.28315294117647055
