0 0.22938281250000003 0.4799895833333333 0.06142187500000001 0.09989583333333334
0 0.1295859375 0.5481979166666666 0.086078125 0.32314583333333335
0 0.7033281250000001 0.285875 0.065375 0.10541666666666667
0 0.8200156249999999 0.38256249999999997 0.08837500000000001 0.17329166666666668
0 0.3623359375 0.4378125 0.044453125 0.077625
0 0.916859375 0.26629166666666665 0.0505625 0.12808333333333333
0 0.18350781250000003 0.4921041666666666 0.052921875 0.07858333333333332
0 0.016804687500000002 0.5796354166666667 0.033609375000000004 0.17802083333333335
0 0.7581328125000001 0.38047916666666665 0.066734375 0.13858333333333334
0 0.3006328125 0.44378124999999996 0.026390625 0.0533125
0 0.9699375 0.24808333333333332 0.060125 0.15925
