0 0.32106250000000003 0.4427400468384075 0.106375 0.3975644028103044
0 0.901953125 0.5703747072599531 0.19609375 0.8592505854800936
0 0.47085156250000004 0.2637002341920375 0.020890625 0.03981264637002342
0 0.4510703125 0.299016393442623 0.026421875 0.10477751756440282
0 0.041046875000000003 0.3107025761124122 0.0245625 0.09016393442622951
0 0.07640625000000001 0.2881967213114754 0.019500000000000003 0.03063231850117096
0 0.10243750000000001 0.3170725995316159 0.01775 0.058735362997658074
0 0.6934375 0.2509953161592506 0.011437500000000001 0.033981264637002344
0 0.5140703125 0.26218969555035126 0.020453125000000003 0.03833723653395785
0 0.53471875 0.2985480093676815 0.019750000000000004 0.11339578454332554
0 0.575125 0.26142857142857145 0.0161875 0.02449648711943794
0 0.1945859375 0.4506791569086651 0.147953125 0.4120843091334895
0 0.37498437500000004 0.27002341920374706 0.0140625 0.037564402810304445
0 0.521875 0.2786885245901639 0.953125 0.20140515222482436
