0 0.7297578125 0.24609375 0.248234375 0.3216041666666667
0 0.27172656250000005 0.5471041666666667 0.10326562500000001 0.5101666666666667
0 0.5228515625 0.5165520833333334 0.145015625 0.32706250000000003
0 0.428734375 0.3953125 0.08075 0.23604166666666665
0 0.44293750000000004 0.7270520833333334 0.28940625000000003 0.5129375
0 0.098171875 0.6028645833333334 0.15778125 0.5098125
0 0.1151875 0.3564583333333333 0.08615625 0.16858333333333334
0 0.024140625 0.37529166666666663 0.0476875 0.19366666666666665
0 0.2671953125 0.3696354166666666 0.149296875 0.21293749999999997
0 0.049484375000000004 0.35446875 0.04228125 0.08472916666666667
