0 0.52775 0.8696516853932585 0.0405625 0.11071910112359552
0 0.764953125 0.9032808988764045 0.08031250000000001 0.18907865168539328
0 0.8280468750000001 0.8244494382022473 0.05828125 0.25604494382022475
0 0.8481796875000001 0.47561797752808993 0.027671875000000002 0.07204494382022474
0 0.8287031250000001 0.4551348314606742 0.01753125 0.031887640449438204
0 0.749140625 0.7926516853932584 0.0305 0.04894382022471911
0 0.7930781250000001 0.8256067415730337 0.08278125 0.19871910112359553
0 0.7215078125000001 0.8939775280898877 0.08195312500000002 0.21204494382022473
0 0.818234375 0.6836067415730337 0.0333125 0.052606741573033716
0 0.8407578124999999 0.630056179775281 0.041984375000000004 0.03552808988764045
0 0.8485781250000001 0.5519101123595506 0.012750000000000001 0.048359550561797755
0 0.48482812500000005 0.7262022471910113 0.06759375 0.18
0 0.52540625 0.9484494382022473 0.0558125 0.10310112359550563
0 0.49921875000000004 0.6741573033707866 0.9984375000000001 0.6471910112359551
