0 0.19335156250000002 0.656967213114754 0.17839062500000002 0.35744730679156905
0 0.440921875 0.6008665105386417 0.15415625 0.44473067915690867
0 0.4946484375000001 0.5324473067915692 0.174328125 0.4749648711943794
0 0.8246171875 0.5337119437939111 0.24589062500000003 0.5370725995316159
0 0.28575 0.4924121779859485 0.047625 0.19639344262295083
0 0.23171875000000003 0.5283489461358314 0.03184375 0.10245901639344263
0 0.1861875 0.5165690866510538 0.02690625 0.13646370023419205
0 0.735859375 0.49903981264637004 0.0410625 0.21985948477751754
0 0.043109375000000005 0.5173770491803279 0.044187500000000005 0.18936768149882904
0 0.15399218750000002 0.4792857142857143 0.029859375 0.06423887587822014
0 0.9048437500000001 0.4967213114754098 0.17065625 0.1611709601873536
0 0.110515625 0.44055035128805614 0.04225 0.06414519906323185
0 0.06999218750000001 0.437576112412178 0.035828125 0.06639344262295083
