2 0.8514609375000002 0.6174895833333333 0.070609375 0.07502083333333333
0 0.8368125000000002 0.5364062500000001 0.03734375 0.11852083333333334
0 0.818046875 0.5471770833333333 0.01384375 0.07089583333333334
0 0.9760937500000001 0.5382291666666665 0.026781250000000003 0.10962499999999999
0 0.8710390625000001 0.5406354166666667 0.034203125 0.13427083333333334
0 0.9902031250000001 0.5367395833333333 0.01959375 0.09897916666666666
0 0.7482500000000001 0.5147604166666667 0.01071875 0.03277083333333333
0 0.7608359375 0.5152916666666667 0.012015625000000002 0.03233333333333333
0 0.7760781250000001 0.5160104166666667 0.01096875 0.036229166666666666
0 0.7951875 0.5136145833333333 0.00615625 0.0275625
0 0.8065078125 0.5315520833333334 0.011703125000000002 0.0618125
0 0.9551718750000001 0.5096666666666667 0.01703125 0.036166666666666666
0 0.687125 0.50646875 0.005843750000000001 0.025020833333333332
0 0.6361328125000001 0.5054583333333333 0.007734375000000001 0.029458333333333333
0 0.66171875 0.4875 0.15156250000000002 0.12083333333333333
