0 0.8239299999999999 0.497012012012012 0.1341 0.29306306306306307
0 0.22385 0.387012012012012 0.08886 0.2030930930930931
0 0.6615 0.4952552552552553 0.18728 0.38936936936936933
0 0.50785 0.501966966966967 0.19418000000000002 0.3054354354354354
0 0.31377 0.42495495495495494 0.13702 0.3386786786786787
0 0.47750000000000004 0.46732732732732735 0.11244 0.26204204204204207
0 0.40862000000000004 0.5030780780780781 0.12840000000000001 0.25318318318318317
0 0.28770999999999997 0.4225225225225225 0.09278 0.2529129129129129
0 0.15734 0.6717267267267267 0.20568 0.6565465465465465
0 0.8419200000000001 0.4821321321321322 0.31616000000000005 0.4669069069069069
0 0.02197 0.4224474474474475 0.04394 0.1433333333333333
0 0.11320000000000001 0.37885885885885884 0.06 0.09039039039039039
0 0.04262 0.4440390390390391 0.08492000000000001 0.1570870870870871
0 0.47700000000000004 0.5630630630630631 0.854 0.5375375375375375
