1 0.2513125 0.7038470319634702 0.12971875 0.21184931506849317
0 0.7812656250000001 0.5033675799086759 0.36909375 0.8404337899543379
0 0.5923125000000001 0.49574200913242006 0.40203125000000006 0.6928082191780821
0 0.3930234375 0.4571118721461187 0.065984375 0.13901826484018265
0 0.3578203125 0.4652168949771689 0.061703125000000004 0.13577625570776256
0 0.3117421875 0.46555936073059356 0.081171875 0.14381278538812786
0 0.40758593750000005 0.36647260273972604 0.026390625 0.03892694063926941
0 0.5291484375 0.378675799086758 0.025421875 0.038219178082191774
0 0.255140625 0.4195547945205479 0.043187500000000004 0.09792237442922375
0 0.1962578125 0.4665753424657534 0.06789062500000001 0.14826484018264838
0 0.23103125000000002 0.4865410958904109 0.065875 0.1167351598173516
1 0.0963203125 0.8386187214611872 0.12157812500000001 0.2684703196347032
