0 0.648875 0.9191041666666667 0.1045 0.1393333333333333
0 0.6985937500000001 0.8359583333333332 0.0926875 0.23370833333333335
0 0.15251562500000002 0.8894166666666666 0.0705625 0.07437500000000001
0 0.9533671875 0.7853958333333333 0.093265625 0.2629166666666667
0 0.30505468750000003 0.9146145833333333 0.15504687500000003 0.14831249999999999
0 0.38009375 0.94725 0.07600000000000001 0.1055
0 0.13421875000000003 0.9566770833333335 0.09431250000000001 0.08664583333333334
0 0.4328515625 0.9621041666666666 0.053921875 0.07579166666666667
0 0.7901640625000002 0.9053854166666667 0.121046875 0.18922916666666667
0 0.8326640625 0.7695208333333333 0.083078125 0.15475
0 0.8772421874999999 0.7472083333333333 0.072359375 0.13075
0 0.959828125 0.9043125 0.07856250000000001 0.191375
