0 0.4887734375 0.6139227166276346 0.25189062500000003 0.730327868852459
0 0.772140625 0.5876463700234192 0.18890625000000003 0.7348243559718969
0 0.369140625 0.21142857142857144 0.047406250000000004 0.1048711943793911
0 0.49244531249999995 0.14031615925058546 0.045953125000000004 0.11665105386416863
0 0.33280468750000003 0.34526932084309137 0.043640625 0.06379391100702576
0 0.729265625 0.16355971896955504 0.0340625 0.07901639344262296
0 0.804546875 0.16588992974238875 0.0475 0.06807962529274005
0 0.8946171875000002 0.15359484777517565 0.023671875000000002 0.06002341920374707
0 0.9592812500000001 0.1455854800936768 0.0355 0.08189695550351288
0 0.6239218750000001 0.3412060889929742 0.03734375 0.06016393442622951
0 0.23568750000000002 0.16934426229508198 0.03125 0.10772833723653395
0 0.5377109375 0.3417213114754098 0.041890625 0.06461358313817331
0 0.26746875 0.3706088992974239 0.046625 0.19625292740046837
0 0.10234375000000001 0.351288056206089 0.1640625 0.26229508196721313
