0 0.16403 0.2754654654654654 0.017660000000000002 0.09837837837837837
0 0.81575 0.26385885885885885 0.01234 0.10651651651651652
0 0.8877700000000001 0.25860360360360357 0.0309 0.040450450450450454
0 0.82103 0.1541891891891892 0.012740000000000001 0.02843843843843844
0 0.6734000000000001 0.21225225225225228 0.0074 0.025225225225225228
0 0.96506 0.1174924924924925 0.0064800000000000005 0.02117117117117117
0 0.9530000000000001 0.12687687687687688 0.01276 0.027147147147147145
0 0.26831 0.25786786786786786 0.02018 0.048708708708708706
0 0.92522 0.14027027027027028 0.01888 0.036516516516516516
0 0.87445 0.2306306306306306 0.01678 0.023903903903903904
0 0.8514400000000001 0.2747147147147147 0.03864 0.1406006006006006
0 0.8234199999999999 0.24638138138138135 0.01112 0.05438438438438438
0 0.7321799999999999 0.22680180180180182 0.0136 0.01996996996996997
0 0.684 0.19519519519519518 0.316 0.1021021021021021
