0 0.49621875 0.8033564814814814 0.154375 0.3834259259259259
0 0.6463671875000001 0.7288425925925925 0.16639062500000001 0.33550925925925923
0 0.700109375 0.5583912037037038 0.08825 0.17326388888888886
0 0.37525000000000003 0.5740393518518518 0.09512500000000002 0.23937499999999998
0 0.798484375 0.5165740740740741 0.06271875 0.21518518518518515
0 0.27303125 0.6247222222222222 0.11528125 0.24268518518518517
0 0.16830468750000002 0.8630324074074075 0.24095312500000002 0.27393518518518517
0 0.4638046875 0.5281134259259258 0.09260937500000001 0.18900462962962963
0 0.534328125 0.49351851851851847 0.08800000000000001 0.18777777777777777
0 0.11753125 0.6610879629629629 0.12296875000000002 0.19162037037037036
0 0.5851796875 0.47430555555555554 0.07257812500000001 0.15680555555555553
0 0.684890625 0.42224537037037035 0.061875000000000006 0.1474537037037037
0 0.7211953125 0.40343749999999995 0.040453125000000006 0.12437499999999999
0 0.49921875000000004 0.5717592592592592 0.9984375000000001 0.625
