0 0.6342109375000001 0.7011150234741783 0.11967187500000001 0.3910093896713615
0 0.3111015625 0.6469835680751174 0.05901562500000001 0.3396948356807512
0 0.4860390625 0.6807746478873239 0.09967187500000001 0.41807511737089204
0 0.969734375 0.7025704225352113 0.06053125000000001 0.23565727699530517
0 0.17553125000000003 0.6722417840375587 0.07353125 0.2921830985915493
0 0.421015625 0.6291079812206573 0.027562500000000004 0.08779342723004695
0 0.3555859375 0.6861032863849765 0.055765625 0.3340845070422535
0 0.38752343750000007 0.6164436619718311 0.049296875000000004 0.49847417840375585
0 0.9524765624999999 0.6898826291079811 0.095046875 0.4494366197183099
0 0.4321796875000001 0.6751760563380281 0.072078125 0.38922535211267606
0 0.40785937499999997 0.5469953051643193 0.03025 0.08450704225352113
0 0.1637890625 0.6276408450704225 0.033515625 0.07819248826291081
0 0.6640625 0.4823943661971831 0.540625 0.24178403755868544
