0 0.755109375 0.4363987138263665 0.15178125 0.8696463022508037
0 0.481 0.5471061093247588 0.0713125 0.487588424437299
0 0.6678671875000001 0.4489389067524116 0.072515625 0.6869453376205787
0 0.367921875 0.7939710610932477 0.08365625 0.41205787781350484
0 0.2992265625 0.452588424437299 0.052578125 0.34099678456591637
0 0.6374140625000001 0.46416398713826373 0.085453125 0.672508038585209
0 0.21077343750000002 0.4627170418006431 0.045921875 0.3235691318327974
0 0.23142187500000003 0.4790032154340836 0.022625000000000003 0.28784565916398713
0 0.1804921875 0.48543408360128615 0.045984375 0.27999999999999997
0 0.08761718750000001 0.5492604501607716 0.035171875000000005 0.16334405144694533
0 0.07047656249999999 0.6733279742765274 0.044109375000000006 0.14112540192926046
0 0.03827343750000001 0.650225080385852 0.027640625000000002 0.08495176848874599
0 0.35906250000000006 0.4321864951768489 0.07634375 0.3745337620578778
0 0.49921875000000004 0.4887459807073955 0.9984375000000001 0.6366559485530546
