0 0.7970703125 0.4465140845070423 0.345765625 0.7861737089201879
0 0.9223828125000001 0.555399061032864 0.10414062500000001 0.5437089201877935
0 0.8466093749999999 0.603368544600939 0.0658125 0.4561737089201878
0 0.94884375 0.6311971830985915 0.0891875 0.37643192488262917
0 0.5327734375 0.4609741784037559 0.082078125 0.2593661971830986
0 0.044875 0.5898943661971832 0.0688125 0.5730281690140846
0 0.26339843749999997 0.5370422535211268 0.119046875 0.49464788732394366
0 0.32164062500000007 0.5326525821596245 0.05659375 0.44741784037558685
0 0.5941875000000001 0.578650234741784 0.13959375000000002 0.393075117370892
0 0.16775781250000002 0.7369131455399062 0.031859375 0.14659624413145542
0 0.0661796875 0.7112910798122065 0.132359375 0.35356807511737093
