0 0.24658593750000002 0.44642708333333336 0.146953125 0.3121875
0 0.622578125 0.6703749999999999 0.34440625 0.65925
0 0.42368750000000005 0.33871874999999996 0.17084375000000002 0.31910416666666663
0 0.8202500000000001 0.4747604166666667 0.15559375 0.39189583333333333
0 0.17696875 0.6696666666666666 0.3539375 0.6606666666666666
0 0.580546875 0.3265625 0.08100000000000002 0.1905
0 0.7437890625000001 0.2535208333333333 0.075890625 0.1284583333333333
0 0.8128515625000001 0.23294791666666667 0.054296875 0.0983125
0 0.7645000000000001 0.25402083333333336 0.04171875 0.06175
0 0.9130156250000001 0.3438333333333334 0.1258125 0.29125
0 0.862953125 0.2149375 0.04259375000000001 0.11745833333333333
0 0.7772187500000001 0.20530208333333333 0.044937500000000005 0.07902083333333333
0 0.6785468750000001 0.2715416666666667 0.0766875 0.15379166666666666
