0 0.36511718750000005 0.4951840490797546 0.061765625000000005 0.2697137014314928
0 0.152734375 0.49504089979550103 0.07453125000000001 0.22280163599182007
0 0.40768750000000004 0.42126789366053174 0.0355 0.11550102249488753
0 0.46976562499999996 0.37178936605316976 0.027531250000000004 0.03245398773006135
0 0.38219531250000005 0.39255623721881394 0.016578125 0.062453987730061354
0 0.23607812500000003 0.4010020449897751 0.018187500000000002 0.07779141104294479
0 0.5017109375 0.3777505112474438 0.019609375000000002 0.03460122699386504
0 0.5294765625000001 0.37458077709611454 0.012890625000000001 0.04437627811860941
0 0.5091328125000001 0.3529754601226995 0.010140625 0.02476482617586912
0 0.31059375 0.397157464212679 0.03059375 0.098159509202454
0 0.2940859375 0.46685071574642134 0.055578125000000006 0.256319018404908
0 0.5180078125 0.3433333333333334 0.007203125000000001 0.02895705521472393
