0 0.46207031249999997 0.7351173708920187 0.05807812500000001 0.1951643192488263
0 0.5922734375 0.5752347417840376 0.032546874999999996 0.09352112676056339
0 0.6066484375000001 0.5247887323943662 0.023796875000000002 0.0855868544600939
0 0.5774921875 0.48289906103286384 0.015703125000000002 0.028661971830985917
0 0.6030937500000001 0.3957276995305164 0.00796875 0.04347417840375587
0 0.5976640625000001 0.34073943661971834 0.011046875000000001 0.029366197183098592
0 0.5646484375 0.3371361502347418 0.014421875 0.029906103286384978
0 0.7604453125 0.5098239436619718 0.022140625 0.07279342723004695
0 0.47459375000000004 0.5515727699530516 0.026875 0.08967136150234743
0 0.684484375 0.6747300469483568 0.04434375 0.13321596244131456
0 0.9651796874999999 0.7296596244131455 0.043546875000000006 0.1490845070422535
0 0.885703125 0.8598591549295775 0.07490625 0.2802816901408451
0 0.699984375 0.653380281690141 0.023906250000000004 0.10727699530516432
0 0.6492187500000001 0.34624413145539906 0.6984375 0.5657276995305165
