0 0.4702578125 0.309 0.168828125 0.28650000000000003
0 0.6431171875000001 0.3889270833333333 0.208171875 0.4512291666666667
0 0.805625 0.6224687499999999 0.35056250000000005 0.7550625
0 0.51740625 0.12480208333333333 0.13553125 0.17102083333333334
0 0.29592968750000004 0.12705208333333334 0.097953125 0.22622916666666668
0 0.38389062500000004 0.13014583333333332 0.0934375 0.24370833333333333
0 0.19030468749999999 0.5794895833333332 0.320328125 0.6876458333333333
0 0.34771093750000004 0.057072916666666675 0.056484375 0.09781250000000001
0 0.48199218750000006 0.085625 0.06539062500000001 0.11120833333333334
0 0.4734375 0.02392708333333333 0.009343750000000001 0.03239583333333333
0 0.6160546875 0.027489583333333335 0.007046875 0.02977083333333333
0 0.24447656250000002 0.08266666666666667 0.055828125 0.13320833333333332
0 0.920359375 0.0310625 0.009156250000000001 0.020791666666666667
0 0.51484375 0.025 0.0203125 0.016666666666666666
