0 0.26109375000000007 0.5732863849765258 0.04615625 0.09093896713615024
0 0.35575 0.5726643192488262 0.03553125 0.0717605633802817
0 0.47185156250000004 0.5617253521126762 0.018484375 0.11058685446009389
0 0.5045625 0.5404694835680751 0.03125 0.09389671361502347
0 0.5361640625 0.5215023474178404 0.017484375 0.07018779342723004
0 0.5865078125000001 0.5121596244131456 0.010484375 0.07281690140845071
0 0.609640625 0.509225352112676 0.00971875 0.053896713615023475
0 0.436734375 0.5615610328638497 0.021750000000000002 0.10213615023474178
0 0.34143750000000006 0.5601056338028169 0.01753125 0.07833333333333332
0 0.4059765625 0.5982394366197183 0.024640625 0.09624413145539906
0 0.3178125 0.5514906103286386 0.022406250000000003 0.060586854460093896
0 0.9608671874999999 0.4205751173708921 0.078265625 0.14124413145539907
0 0.41659375000000004 0.5429577464788733 0.025812500000000002 0.0604225352112676
