2 0.7814531250000001 0.9193541666666666 0.05 0.05375
0 0.6031484375 0.7089375 0.032890625 0.10729166666666666
0 0.5900703125 0.6253541666666667 0.029765625000000004 0.11170833333333333
0 0.42846093749999997 0.52459375 0.025390625 0.0439375
0 0.3859765625 0.5242916666666666 0.013890625000000002 0.026125
0 0.3423125 0.5019479166666667 0.00846875 0.02364583333333333
0 0.3321875 0.49647916666666664 0.012125 0.020458333333333335
0 0.8022109374999999 0.8715729166666667 0.026703125 0.1316875
0 0.3781328125 0.5216979166666667 0.007734375000000001 0.02022916666666667
0 0.1981484375 0.7589895833333333 0.019203125 0.03852083333333333
0 0.0964921875 0.6981145833333334 0.016140625000000002 0.05985416666666667
0 0.7152812500000001 0.8801041666666666 0.03509375 0.12295833333333334
0 0.40690625 0.5247916666666667 0.013656250000000002 0.03395833333333333
