0 0.6198387096774194 0.536546875 0.4198494623655914 0.49853125000000004
0 0.020666666666666667 0.8534296875000001 0.04133333333333333 0.119234375
0 0.06672043010752687 0.8561015625000001 0.062344086021505374 0.11160937500000001
0 0.11545161290322581 0.85703125 0.06286021505376344 0.11156250000000001
0 0.7276559139784946 0.89834375 0.05023655913978495 0.052500000000000005
0 0.6966344086021505 0.8929062499999999 0.05081720430107527 0.0391875
0 0.641258064516129 0.9046328125 0.026516129032258064 0.022984375
0 0.5711505376344086 0.8921796875000001 0.03331182795698925 0.042734375000000005
0 0.04180645161290322 0.8303046875 0.03225806451612903 0.066734375
0 0.3396129032258065 0.6675312500000001 0.393247311827957 0.6389687500000001
0 0.9468064516129032 0.8613984375 0.03735483870967742 0.127296875
