0 0.1253671875 0.603364864864865 0.05326562500000001 0.22245945945945947
0 0.6338828125 0.484445945945946 0.028640625 0.13337837837837838
0 0.6853281250000001 0.5083243243243243 0.0220625 0.19464864864864864
0 0.3509609375 0.5227702702702702 0.059734375 0.12235135135135136
0 0.5853046875000001 0.5606621621621621 0.040921875 0.17397297297297298
0 0.5479453125 0.5460135135135135 0.033359375000000004 0.1838648648648649
0 0.588703125 0.4459324324324324 0.0493125 0.10851351351351352
0 0.8124687500000001 0.5350810810810811 0.0344375 0.1635135135135135
0 0.653671875 0.4970675675675676 0.04515625 0.17716216216216216
0 0.9536015624999999 0.5885270270270271 0.059359375000000006 0.23721621621621622
0 0.0695859375 0.572 0.033203125 0.21729729729729733
0 0.7071562500000002 0.46082432432432435 0.02784375 0.10175675675675676
