0 0.8941015625000001 0.8271354166666666 0.05120312500000001 0.1943541666666667
0 0.17438281249999998 0.7755625 0.05807812500000001 0.15875
0 0.205875 0.76540625 0.03875000000000001 0.13360416666666666
0 0.114671875 0.8315937499999999 0.0610625 0.08189583333333333
0 0.7811640625 0.8279375 0.047421875 0.20391666666666666
0 0.34027343750000005 0.47760416666666666 0.021859375 0.05716666666666667
0 0.361375 0.48780208333333336 0.01853125 0.06510416666666667
0 0.417578125 0.9524791666666667 0.06309375 0.094875
0 0.400203125 0.44471875 0.013375000000000001 0.04447916666666667
0 0.54184375 0.5581979166666666 0.025468750000000002 0.09547916666666666
0 0.11007812500000001 0.9200520833333333 0.07190625 0.11135416666666667
0 0.45270312500000004 0.8652291666666666 0.044687500000000005 0.12741666666666665
0 0.6409375 0.5516979166666667 0.025625 0.08002083333333332
0 0.41484375 0.65 0.8265625000000001 0.6958333333333333
