0 0.9924687500000001 0.2792212189616253 0.015062500000000001 0.02381489841986456
0 0.34687500000000004 0.3094243792325056 0.11950000000000001 0.5425959367945824
0 0.2177890625 0.7626749435665914 0.24345312500000002 0.3940180586907449
0 0.354625 0.7443002257336343 0.1955 0.39537246049661395
0 0.4243359375 0.6707900677200903 0.147828125 0.4951241534988713
0 0.8363906250000002 0.44918735891647854 0.03384375 0.10857787810383747
0 0.729515625 0.683589164785553 0.17109375000000002 0.38875846501128664
0 0.7775000000000001 0.6561512415349887 0.09290625000000001 0.3292776523702031
0 0.9537109375 0.6731602708803611 0.09257812500000001 0.41458239277652364
0 0.297328125 0.6876975169300225 0.0975 0.519864559819413
0 0.5027812500000001 0.6977878103837472 0.10421875000000001 0.3891647855530474
0 0.5562812500000001 0.7156884875846501 0.13390625 0.4242889390519187
0 0.9830859375000002 0.613589164785553 0.033828125 0.3025282167042889
0 0.61484375 0.44469525959367945 0.7515625 0.4424379232505643
