0 0.667625 0.8500131233595801 0.04340625000000001 0.1768241469816273
0 0.695484375 0.7495669291338584 0.09515625 0.15866141732283465
0 0.8936796875000002 0.7521128608923885 0.07973437500000001 0.17750656167979
0 0.9155312499999999 0.4482808398950131 0.07746875 0.1332020997375328
0 0.3124375 0.8451837270341207 0.07346875000000001 0.16648293963254593
0 0.1086015625 0.3438188976377953 0.052890625000000004 0.15173228346456694
0 0.04706250000000001 0.33891076115485563 0.04596875 0.11194225721784776
0 0.073078125 0.34937007874015746 0.0416875 0.07658792650918635
0 0.37952343750000006 0.09269028871391076 0.020609375 0.03965879265091863
0 0.2506484375 0.07056430446194226 0.018296875 0.044383202099737534
0 0.45046093750000005 0.18532808398950132 0.034359375 0.09753280839895012
0 0.3414140625 0.06569553805774278 0.015171875000000001 0.03128608923884514
0 0.4290234375 0.06337270341207349 0.017828125 0.05598425196850393
0 0.5281250000000001 0.12467191601049868 0.940625 0.24934383202099736
