0 0.68103 0.5998798798798799 0.27662000000000003 0.7494294294294295
0 0.46688999999999997 0.42226726726726727 0.08418 0.09804804804804804
0 0.83053 0.3979429429429429 0.01758 0.04129129129129129
0 0.39227000000000006 0.4127177177177177 0.059340000000000004 0.08429429429429429
0 0.53573 0.43891891891891893 0.04002000000000001 0.17705705705705707
0 0.49067999999999995 0.41870870870870874 0.05344 0.09975975975975976
0 0.22708 0.45621621621621616 0.032479999999999995 0.08396396396396397
0 0.76451 0.4241141141141141 0.02234 0.08078078078078077
0 0.07649 0.5185735735735736 0.07374 0.2515015015015015
0 0.13835 0.4329129129129129 0.0223 0.026786786786786785
0 0.30999000000000004 0.5772222222222222 0.14822 0.610960960960961
