2 0.7915078125000001 0.43535294117647055 0.107328125 0.10303529411764704
2 0.24768749999999998 0.6131058823529411 0.19546875 0.2600941176470588
2 0.8743515624999999 0.40712941176470585 0.087609375 0.11232941176470587
0 0.28835937500000003 0.5648235294117647 0.2835625 0.8649411764705882
0 0.4731640625000001 0.31677647058823527 0.12626562500000002 0.4765176470588235
0 0.5425468750000001 0.2955882352941176 0.10003125 0.5908
0 0.2774453125 0.09797647058823529 0.079265625 0.11712941176470587
0 0.7753828125000001 0.19276470588235292 0.07570312500000001 0.3276470588235294
0 0.8128203125000001 0.17736470588235292 0.06298437500000001 0.1961411764705882
0 0.019406250000000003 0.13258823529411765 0.035812500000000004 0.1932705882352941
0 0.061789062500000005 0.28587058823529404 0.12357812500000001 0.41032941176470583
0 0.12200781249999999 0.13948235294117647 0.057390625 0.15312941176470588
0 0.9333359375000001 0.11512941176470587 0.030046875 0.0676235294117647
0 0.19839843750000002 0.13210588235294116 0.078703125 0.17037647058823527
0 0.38072656250000003 0.15505882352941178 0.056109374999999996 0.21063529411764703
0 0.6461640625 0.17234117647058822 0.078390625 0.23131764705882352
0 0.6875 0.18 0.61875 0.36
