0 0.6713515624999999 0.3305416666666667 0.186234375 0.29604166666666665
0 0.43467187500000004 0.39365625 0.0213125 0.033479166666666664
0 0.4836171875000001 0.3471458333333333 0.141921875 0.45341666666666663
0 0.7071875000000001 0.5563020833333333 0.07968750000000001 0.3511458333333334
0 0.279671875 0.35841666666666666 0.13096875 0.5021666666666667
0 0.9582578125 0.5196145833333333 0.054328125000000005 0.3473125
0 0.750328125 0.5079166666666667 0.066 0.2851666666666667
0 0.22151562500000002 0.5853333333333334 0.13728125 0.3480416666666667
0 0.5703125 0.512375 0.108375 0.288125
0 0.9130078125000001 0.5619375 0.109796875 0.41441666666666666
0 0.8434453125000001 0.53825 0.067859375 0.292375
0 0.1686328125 0.4567291666666667 0.048390625 0.16
0 0.7859140625000001 0.47865625 0.045515625000000004 0.21572916666666667
0 0.48828125 0.3572916666666667 0.9734375000000001 0.46875
