0 0.1385625 0.7001015625 0.043791666666666666 0.081421875
0 0.0248125 0.736734375 0.023666666666666666 0.02428125
0 0.19417708333333336 0.7618515625 0.08010416666666667 0.056640625
0 0.4185520833333333 0.7204687500000001 0.0268125 0.067375
0 0.3152395833333334 0.5638984375 0.0185625 0.032265625
0 0.2966666666666667 0.5619453125 0.012583333333333334 0.025265625000000003
0 0.5453541666666666 0.5385 0.008708333333333332 0.024625
0 0.8944687499999999 0.5501406249999999 0.011770833333333335 0.02446875
0 0.8804791666666666 0.6381796875000001 0.024541666666666666 0.017734375
0 0.8989166666666666 0.6420625000000001 0.01883333333333333 0.010375
0 0.8157291666666665 0.653796875 0.020916666666666663 0.010781250000000001
0 0.8396354166666666 0.6076796875000001 0.016229166666666666 0.030296875
0 0.23828125 0.6872109375000001 0.024604166666666667 0.021515625
0 0.8166666666666667 0.6796875 0.0375 0.034375
