0 0.31600781250000004 0.52021875 0.318546875 0.9505625
0 0.10125781250000002 0.41108333333333336 0.11610937500000001 0.14670833333333333
0 0.1121875 0.35819791666666667 0.026718750000000003 0.09085416666666667
0 0.45829687500000005 0.38607291666666665 0.031781250000000004 0.058604166666666666
0 0.8658281250000001 0.48505208333333333 0.05081250000000001 0.15939583333333335
0 0.7506015625000001 0.4060208333333333 0.046609375 0.06125
0 0.8082968749999999 0.42182291666666666 0.030437500000000003 0.049979166666666665
0 0.9052421875000001 0.4281875 0.026578125000000005 0.08858333333333333
0 0.393828125 0.3824375 0.0324375 0.119125
0 0.9195000000000001 0.445375 0.0320625 0.058374999999999996
0 0.15359375 0.37205208333333334 0.029249999999999998 0.1150625
0 0.8504453125 0.41725 0.012921875 0.023375
0 0.8436171875000001 0.4311041666666667 0.013140625000000001 0.03333333333333333
