2 0.4944453125 0.7932932166301968 0.033203125 0.10754923413566739
0 0.367515625 0.6609628008752735 0.12703125 0.40179431072210064
0 0.48373437500000005 0.579070021881838 0.054843750000000004 0.2374835886214442
0 0.7008203125000001 0.6914879649890591 0.114234375 0.3596061269146608
0 0.6721640625 0.5454376367614879 0.057234375000000004 0.13897155361050328
0 0.7752109375 0.5677461706783369 0.079890625 0.2972428884026258
0 0.5635546875 0.5126695842450766 0.034546875 0.13816192560175056
0 0.45104687499999996 0.5586980306345734 0.0653125 0.25831509846827133
0 0.40650781250000007 0.47410284463894964 0.018015625 0.05402625820568928
0 0.5991171875 0.49305251641137854 0.018640625 0.08619256017505471
0 0.5807265625000001 0.5069146608315098 0.017765625 0.11247264770240699
0 0.62303125 0.5018380743982495 0.02034375 0.12529540481400436
0 0.43355468750000004 0.4817943107221006 0.014453125 0.022757111597374178
0 0.50715625 0.4786433260393873 0.028875 0.0662582056892779
0 0.49453125000000003 0.486870897155361 0.3171875 0.1422319474835886
