0 0.6629861111111112 0.7188984375 0.2030277777777778 0.35042187500000005
0 0.5243888888888888 0.6273750000000001 0.14072222222222222 0.21009375000000002
0 0.2606111111111111 0.6198281250000001 0.13194444444444445 0.17128125000000002
0 0.9192638888888889 0.5747734375000001 0.04186111111111111 0.06867187500000001
0 0.6069305555555556 0.6062343750000001 0.0926388888888889 0.17250000000000001
0 0.7606111111111111 0.5771015625000001 0.06566666666666666 0.070234375
0 0.20043055555555556 0.5827656250000001 0.0556388888888889 0.1036875
0 0.8176944444444445 0.5735078124999999 0.06255555555555556 0.070390625
0 0.8683055555555556 0.572 0.02638888888888889 0.05315625000000001
0 0.8963888888888889 0.5693203125 0.0265 0.055046874999999995
0 0.3947222222222222 0.5867578125 0.045666666666666675 0.094765625
0 0.7830555555555555 0.566421875 0.03061111111111111 0.050687499999999996
