0 0.6572421875000001 0.44177647058823527 0.595828125 0.8607294117647059
0 0.3228671875 0.6116117647058823 0.065734375 0.18021176470588235
0 0.11502343750000002 0.5848588235294117 0.045265625000000004 0.1993176470588235
0 0.205359375 0.5792823529411764 0.0326875 0.10261176470588235
0 0.40265625 0.5407411764705882 0.052125000000000005 0.1256235294117647
0 0.9587734375000001 0.5564941176470588 0.060140625 0.28263529411764704
0 0.8259921875 0.5529294117647059 0.030921875 0.2169176470588235
0 0.8650078125 0.589435294117647 0.040921875 0.23176470588235293
0 0.3148515625 0.4990117647058823 0.044421875 0.06527058823529411
0 0.35726562500000003 0.5361176470588235 0.04275 0.12018823529411764
0 0.8476406249999999 0.5225647058823529 0.029468750000000002 0.1272
0 0.6661562500000001 0.6317294117647059 0.0499375 0.1124
0 0.910828125 0.5705294117647058 0.046625 0.2188470588235294
0 0.46718750000000003 0.5811764705882353 0.9343750000000001 0.2588235294117647
