0 0.62565625 0.6350700934579439 0.13071875 0.2733177570093458
0 0.7796328125 0.6774065420560748 0.157828125 0.31378504672897195
0 0.8863359375000001 0.6734228971962617 0.22732812500000002 0.6328738317757009
0 0.2576171875 0.5513200934579439 0.072609375 0.31885514018691585
0 0.019289062500000002 0.424053738317757 0.008203125 0.014415887850467289
0 0.08584375 0.5057593457943925 0.04365625000000001 0.11436915887850467
0 0.1203359375 0.6654556074766355 0.196171875 0.2793691588785046
0 0.0599765625 0.4864252336448598 0.025453125 0.08070093457943925
0 0.7888437500000001 0.4491355140186916 0.04490625 0.06598130841121494
0 0.575890625 0.4451635514018692 0.021968750000000002 0.08490654205607477
0 0.036484375000000006 0.6108644859813084 0.07296875000000001 0.2892056074766355
0 0.39321875 0.5247780373831775 0.056906250000000005 0.22399532710280373
