0 0.475125 0.1569921875 0.04291666666666667 0.08126562500000001
0 0.3196354166666666 0.1496640625 0.057604166666666665 0.125109375
0 0.8299583333333334 0.1610859375 0.04516666666666667 0.09726562500000001
0 0.7623020833333333 0.14503125000000003 0.05472916666666666 0.09703125000000001
0 0.6122708333333333 0.1471015625 0.03333333333333333 0.117609375
0 0.35373958333333333 0.1506015625 0.051229166666666666 0.143421875
0 0.28152083333333333 0.1193828125 0.038875 0.057265625
0 0.9897083333333333 0.1794453125 0.020583333333333335 0.064828125
0 0.7067604166666667 0.137 0.043270833333333335 0.08725000000000001
0 0.5874479166666666 0.14963281250000002 0.0539375 0.11264062500000001
0 0.42051041666666666 0.515359375 0.46602083333333333 0.55871875
0 0.5221041666666666 0.15960937500000003 0.04770833333333333 0.07646875
0 0.9484895833333334 0.6883125 0.10302083333333334 0.59221875
