0 0.8186250000000002 0.5965104166666667 0.24706250000000002 0.8069791666666667
0 0.604734375 0.6295 0.246625 0.7162083333333332
0 0.419765625 0.623875 0.22803125000000002 0.75225
0 0.187078125 0.59753125 0.27684375 0.7829791666666667
0 0.0577265625 0.36528124999999995 0.089140625 0.2826875
0 0.0455078125 0.57303125 0.091015625 0.8224791666666667
0 0.4555703125 0.3362604166666667 0.20014062500000002 0.33268749999999997
0 0.5237578125 0.2908854166666667 0.042046875000000004 0.1316875
0 0.63415625 0.26342708333333337 0.04656250000000001 0.11189583333333333
0 0.8734375000000001 0.31996875 0.084375 0.19260416666666666
0 0.9665703125 0.4157291666666667 0.062359374999999995 0.4
0 0.56578125 0.2515 0.0518125 0.04845833333333334
0 0.9100468749999999 0.24267708333333335 0.03834375 0.06377083333333333
0 0.49375 0.34375 0.8812500000000001 0.275
