0 0.6203984375 0.5468808411214953 0.057703125 0.27591121495327103
0 0.4839921875 0.5481892523364486 0.104671875 0.36876168224299066
0 0.57990625 0.5517523364485981 0.03325 0.10747663551401869
0 0.454125 0.5965537383177569 0.03615625 0.08619158878504672
0 0.299953125 0.6934696261682243 0.07759375 0.13030373831775702
0 0.81725 0.5697429906542056 0.11159375 0.10214953271028036
0 0.025335937500000003 0.4597079439252336 0.04976562500000001 0.14563084112149532
0 0.706171875 0.4515420560747663 0.07690625000000001 0.13948598130841122
0 0.07415624999999999 0.4293107476635513 0.0313125 0.13016355140186914
0 0.043171875000000005 0.4451051401869158 0.0486875 0.15497663551401866
0 0.562 0.5982593457943925 0.07615625000000001 0.13394859813084112
0 0.15595312500000003 0.43608644859813084 0.038125 0.1545093457943925
0 0.04000000000000001 0.35880841121495327 0.03515625 0.0691588785046729
0 0.53515625 0.43691588785046725 0.9265625000000001 0.5700934579439252
