0 0.30353125000000003 0.49913541666666666 0.6036875 0.9843125
0 0.2752890625 0.36904166666666666 0.242890625 0.5445833333333333
0 0.888328125 0.5078125 0.094875 0.19558333333333333
0 0.5461015625 0.5834479166666666 0.112609375 0.41460416666666666
0 0.27039062500000005 0.24204166666666668 0.048406250000000005 0.12454166666666666
0 0.6248046875000001 0.66721875 0.18320312500000002 0.3177291666666666
0 0.7951015625000001 0.7311875000000001 0.237171875 0.537625
0 0.6467890625 0.2698541666666667 0.017515625000000003 0.0435
0 0.31259375 0.30032291666666666 0.09353125000000001 0.29452083333333334
0 0.9309531249999999 0.7937708333333333 0.13715625 0.41170833333333334
0 0.6898203125000001 0.48533333333333334 0.109015625 0.18862500000000001
0 0.967078125 0.5326770833333333 0.064875 0.1074375
0 0.6270390625000001 0.26016666666666666 0.019921875000000002 0.043625000000000004
0 0.5734375 0.31666666666666665 0.8500000000000001 0.31666666666666665
