0 0.6212890625 0.5880962343096234 0.101859375 0.2846443514644351
0 0.42330468749999994 0.5916213389121339 0.106453125 0.37993723849372385
0 0.355890625 0.7420711297071129 0.15728125 0.45100418410041837
0 0.1040546875 0.5820292887029289 0.14098437500000002 0.39999999999999997
0 0.1594453125 0.5001464435146443 0.070484375 0.2314644351464435
0 0.1077890625 0.4133995815899581 0.053703125 0.19102510460251046
0 0.870890625 0.5334937238493723 0.09578125 0.238744769874477
0 0.4609921875 0.5539539748953974 0.051984375000000006 0.252510460251046
0 0.050890625 0.4042259414225941 0.05515625 0.21615062761506273
0 0.019609375000000002 0.45251046025104597 0.033625 0.18322175732217572
