0 0.2804609375 0.800774647887324 0.118171875 0.39845070422535217
0 0.90178125 0.8470892018779344 0.19643750000000001 0.30582159624413147
0 0.8033281250000001 0.8451291079812208 0.06571875 0.1806807511737089
0 0.4398984375000001 0.8513615023474179 0.120734375 0.2682629107981221
0 0.6002265625000001 0.8382629107981221 0.078484375 0.28713615023474176
0 0.61628125 0.8668544600938968 0.053593749999999996 0.17535211267605635
0 0.0643203125 0.7483098591549296 0.06879687500000001 0.2516901408450704
0 0.8236875 0.7869718309859155 0.01803125 0.06
0 0.7951640625 0.7531103286384977 0.019609375000000002 0.05223004694835681
0 0.6626015625 0.8421361502347418 0.052953125000000004 0.24859154929577468
0 0.8429062500000001 0.800774647887324 0.02296875 0.07816901408450704
0 0.14228125 0.8381572769953052 0.113625 0.3056572769953052
0 0.0202890625 0.7477582159624414 0.040578125 0.2097887323943662
0 0.47968750000000004 0.7805164319248826 0.80625 0.2887323943661972
