0 0.48844531249999995 0.711443661971831 0.04870312500000001 0.19739436619718312
0 0.4470703125 0.6788380281690141 0.022734375 0.09147887323943663
0 0.4365234375 0.6270539906103286 0.040828125 0.07190140845070422
0 0.4275625 0.7090962441314553 0.0546875 0.20443661971830987
0 0.34852343750000003 0.7123826291079813 0.043015625 0.23800469483568076
0 0.32163281250000003 0.7419835680751175 0.022171875 0.11612676056338028
0 0.1103046875 0.7909976525821596 0.026921875 0.16349765258215965
0 0.703859375 0.6407629107981222 0.049468750000000006 0.2117136150234742
0 0.019765625000000002 0.8477112676056339 0.03950000000000001 0.10007042253521127
0 0.232421875 0.7326408450704226 0.03721875 0.08265258215962441
0 0.08444531250000001 0.8344953051643192 0.023796875000000002 0.10007042253521127
