0 0.7042812500000001 0.6066458333333333 0.039656250000000004 0.16308333333333333
0 0.5219765625 0.5840104166666666 0.019484375 0.0613125
0 0.27025 0.61234375 0.023281250000000003 0.0591875
0 0.04684375000000001 0.6124895833333334 0.026750000000000003 0.0383125
0 0.0337421875 0.81484375 0.064453125 0.16372916666666668
0 0.54153125 0.5886354166666667 0.006500000000000001 0.008770833333333334
0 0.9413749999999999 0.5569062499999999 0.00640625 0.011270833333333334
0 0.20017187500000003 0.5972916666666668 0.009375000000000001 0.020708333333333332
0 0.0090234375 0.64140625 0.018046875 0.04172916666666667
0 0.11506250000000001 0.6122395833333333 0.02075 0.027687499999999997
0 0.33723437500000003 0.6299791666666666 0.06571875 0.019916666666666666
0 0.3189609375 0.6033124999999999 0.025484375 0.016
0 0.18515625000000002 0.6479166666666667 0.0203125 0.03333333333333333
