0 0.96556 0.5961066666666667 0.024079999999999997 0.04090666666666667
0 0.94075 0.6014133333333334 0.0221 0.029973333333333334
0 0.69738 0.5966933333333334 0.02416 0.03493333333333333
0 0.62324 0.5992533333333333 0.005200000000000001 0.014933333333333331
0 0.5520499999999999 0.5913466666666667 0.016100000000000003 0.025733333333333334
0 0.5354099999999999 0.5950399999999999 0.012539999999999999 0.017546666666666665
0 0.6372900000000001 0.5930933333333333 0.01494 0.02757333333333333
0 0.50925 0.5939066666666667 0.00898 0.01565333333333333
0 0.86841 0.6026533333333334 0.01878 0.026853333333333333
0 0.67037 0.5947066666666667 0.01034 0.024986666666666664
0 0.52622 0.5929733333333334 0.008 0.019013333333333333
0 0.6214200000000001 0.5924133333333332 0.01216 0.02941333333333333
0 0.65333 0.5953866666666666 0.0143 0.023146666666666666
0 0.457 0.592 0.338 0.058666666666666666
