0 0.8755156250000001 0.6850520833333335 0.0916875 0.31039583333333337
0 0.0471875 0.67865625 0.094375 0.6202291666666666
0 0.174421875 0.6920104166666667 0.1605 0.44018749999999995
0 0.34809375000000004 0.6132291666666667 0.09753125000000001 0.42375
0 0.2434921875 0.6625833333333333 0.08995312500000001 0.2672083333333333
0 0.43243750000000003 0.6137395833333333 0.0574375 0.2950625
0 0.6998984375 0.61878125 0.04926562500000001 0.2540625
0 0.8067265625 0.5663333333333334 0.036296875 0.15079166666666666
0 0.6128203125000001 0.6113125 0.08095312500000001 0.30454166666666665
0 0.7465390625 0.6301770833333333 0.045765625000000004 0.20210416666666667
0 0.7633437500000001 0.5364166666666667 0.04503125 0.122625
0 0.15453125 0.4547291666666667 0.033218750000000005 0.03916666666666667
0 0.5409296875 0.6142708333333333 0.118390625 0.44929166666666664
0 0.3984375 0.59375 0.6468750000000001 0.35833333333333334
