0 0.2422421875 0.6167261904761904 0.046234375 0.33884920634920634
0 0.27296875000000004 0.6034126984126984 0.040406250000000005 0.2974603174603174
0 0.318859375 0.6268650793650793 0.060875000000000005 0.3271428571428571
0 0.362484375 0.5535714285714285 0.0248125 0.261031746031746
0 0.38779687500000004 0.5690873015873016 0.040531250000000005 0.27746031746031746
0 0.42819531250000004 0.5806944444444444 0.042796875000000005 0.3066269841269841
0 0.0829453125 0.6236706349206349 0.035421875000000005 0.3704365079365079
0 0.13499218750000003 0.6419246031746031 0.051828125 0.37027777777777776
0 0.6148906250000001 0.5173412698412698 0.0206875 0.16976190476190475
0 0.1704921875 0.5215277777777778 0.046046875 0.10702380952380951
0 0.0333671875 0.635079365079365 0.047953125000000006 0.3837301587301587
0 0.5569296875 0.6192460317460318 0.06029687500000001 0.3372222222222222
0 0.50625 0.6369047619047619 0.93125 0.5277777777777778
