0 0.6848203125 0.5304342723004695 0.258265625 0.6613380281690141
0 0.7680859375 0.3674178403755869 0.061328125000000004 0.13258215962441314
0 0.490546875 0.4916666666666667 0.0475 0.050845070422535214
0 0.26389843749999997 0.43030516431924887 0.043703125 0.08586854460093897
0 0.0990234375 0.47224178403755873 0.042859375000000005 0.12791079812206574
0 0.07723437500000001 0.45212441314553997 0.043437500000000004 0.08561032863849766
0 0.045351562500000005 0.49448356807511734 0.03307812500000001 0.07619718309859155
0 0.8089296875 0.29411971830985917 0.051671875000000006 0.12237089201877935
0 0.5137265624999999 0.35577464788732394 0.036796875 0.04676056338028169
0 0.308671875 0.3809507042253521 0.028625 0.07237089201877935
0 0.46620312500000005 0.476631455399061 0.03471875 0.08307511737089202
0 0.03434375 0.45343896713615023 0.019125000000000003 0.07293427230046949
0 0.2965390625 0.43030516431924887 0.028109375 0.07215962441314554
0 0.49921875000000004 0.2664319248826291 0.9984375000000001 0.5328638497652582
