0 0.7661250000000001 0.797756183745583 0.24046875 0.4044876325088339
0 0.580015625 0.245565371024735 0.084375 0.159434628975265
0 0.4434453125 0.18175795053003532 0.126984375 0.22895759717314487
0 0.573359375 0.8184187279151943 0.26034375000000004 0.3303356890459364
0 0.34580468750000004 0.8359540636042403 0.234515625 0.3056183745583039
0 0.2504453125 0.3231890459363958 0.142453125 0.2094876325088339
0 0.37996093750000004 0.33816254416961133 0.144921875 0.22247349823321555
0 0.4295859375 0.285273851590106 0.077078125 0.15895759717314487
0 0.5349296875 0.2607508833922262 0.07882812500000001 0.0938339222614841
0 0.26144531249999997 0.6803798586572438 0.15070312500000002 0.5766254416961131
0 0.115265625 0.6752826855123676 0.20668750000000002 0.6269611307420495
0 0.54559375 0.5896113074204947 0.18665625 0.4140636042402827
0 0.91575 0.824143109540636 0.1685 0.3308657243816255
0 0.49921875000000004 0.4743816254416961 0.9390625 0.931095406360424
