0 0.6913854166666665 0.8349765625000001 0.03889583333333334 0.06839062500000001
0 0.7473333333333333 0.840828125 0.036000000000000004 0.08640625
0 0.5690104166666666 0.810921875 0.02735416666666667 0.05253125
0 0.5993333333333334 0.8146015625 0.027916666666666666 0.059453124999999996
0 0.8313125 0.8367031250000001 0.030375 0.10209375000000001
0 0.7190833333333334 0.8256953125000002 0.031208333333333334 0.074078125
0 0.21410416666666665 0.8262890625000001 0.03908333333333334 0.046515625000000005
0 0.6724791666666667 0.8200390625000001 0.025916666666666664 0.07079687500000001
0 0.6483541666666668 0.82365625 0.02383333333333333 0.070125
0 0.5300729166666667 0.8011875 0.015354166666666667 0.043250000000000004
0 0.5474270833333333 0.8099296875 0.01922916666666667 0.03754687500000001
0 0.6211562500000001 0.8148671875 0.0145625 0.06760937500000001
