0 0.72887 0.6110510510510511 0.03082 0.06198198198198198
0 0.78523 0.2534834834834835 0.016579999999999998 0.05117117117117117
0 0.62113 0.20291291291291294 0.03118 0.08390390390390391
0 0.43898000000000004 0.4912912912912913 0.03388 0.03423423423423424
0 0.6757900000000001 0.42498498498498494 0.03518 0.07531531531531531
0 0.91645 0.29399399399399395 0.02382 0.05069069069069069
0 0.57611 0.5870720720720721 0.03726 0.055945945945945944
0 0.5504600000000001 0.0510960960960961 0.016960000000000003 0.04141141141141141
0 0.9588 0.49324324324324326 0.02136 0.06648648648648649
0 0.92088 0.48342342342342337 0.03384 0.060660660660660656
0 0.76464 0.5020420420420421 0.03024 0.06792792792792793
0 0.58347 0.23798798798798798 0.01726 0.030090090090090088
0 0.13272 0.45207207207207206 0.02156 0.05477477477477477
0 0.499 0.42342342342342343 0.998 0.8468468468468469
