0 0.8183046875 0.45494680851063823 0.137703125 0.4330141843971631
0 0.35180468750000005 0.3490957446808511 0.251078125 0.6284042553191489
0 0.2029921875 0.2871808510638298 0.05260937500000001 0.1523049645390071
0 0.10519531250000001 0.30629432624113473 0.038265625 0.13180851063829788
0 0.05396875 0.2892730496453901 0.025406250000000005 0.08563829787234042
0 0.0379453125 0.30402482269503545 0.024390625 0.09138297872340426
0 0.017046875 0.30696808510638296 0.03409375 0.15131205673758866
0 0.47168750000000004 0.3204964539007092 0.085375 0.3027659574468085
0 0.5190234375 0.3187056737588652 0.061515625 0.21620567375886524
0 0.5375078125 0.27241134751773044 0.046515625000000005 0.20191489361702125
0 0.646046875 0.36572695035460995 0.04496875 0.20343971631205673
0 0.9477343750000001 0.35058510638297874 0.10453125000000002 0.33797872340425533
0 0.69978125 0.3527836879432624 0.06078125 0.20932624113475176
0 0.5296875 0.2978723404255319 0.9375 0.19148936170212766
