0 0.3286885245901639 0.8085468750000001 0.10454332552693209 0.12771875
0 0.09094847775175645 0.5690156249999999 0.07777517564402811 0.028999999999999998
0 0.06420374707259953 0.49729687499999997 0.061053864168618265 0.04928125
0 0.6874941451990633 0.31259375 0.03405152224824356 0.0626875
0 0.8352341920374707 0.3654453125 0.07538641686182669 0.070109375
0 0.2838992974238876 0.4137734375 0.05791569086651054 0.042140625
0 0.4905737704918033 0.18092968750000002 0.04789227166276346 0.028453125000000003
0 0.24142857142857144 0.088015625 0.015456674473067915 0.01128125
0 0.06453161592505856 0.9676562500000001 0.12826697892271663 0.0646875
0 0.09275175644028104 0.42311718750000005 0.04081967213114754 0.05176562500000001
0 0.5496252927400468 0.32896875000000003 0.03981264637002342 0.049125
0 0.5579742388758782 0.16882031249999999 0.05440281030444965 0.040453125000000006
0 0.8547540983606556 0.31858593749999997 0.049836065573770495 0.056109374999999996
0 0.5 0.24921875000000002 0.9953161592505855 0.4765625
