0 0.8637578125000002 0.5393229166666667 0.035390625 0.0494375
0 0.916375 0.5081666666666667 0.06740625 0.1035
0 0.7811171875 0.4947395833333334 0.081109375 0.13197916666666668
0 0.721984375 0.5017812500000001 0.054062500000000006 0.1028125
0 0.6698593750000001 0.49359375 0.049968750000000006 0.12352083333333333
0 0.4712890625 0.6092395833333333 0.199328125 0.6531458333333333
0 0.6123437500000001 0.5057708333333334 0.09078125000000001 0.09383333333333332
0 0.21671875 0.4690729166666667 0.0741875 0.15077083333333335
0 0.1143515625 0.5539270833333333 0.084390625 0.31143750000000003
0 0.8733828125 0.49892708333333335 0.039484375 0.10960416666666667
0 0.630484375 0.47828125 0.050687499999999996 0.10085416666666666
0 0.6485859375 0.41285416666666663 0.023015625 0.06629166666666667
0 0.313890625 0.4955833333333333 0.050687499999999996 0.08975
0 0.5007812500000001 0.46979166666666666 0.9890625000000001 0.18541666666666667
