0 0.3099765625 0.7229999999999999 0.09776562500000001 0.17745833333333336
0 0.088765625 0.7221562499999999 0.044562500000000005 0.17372916666666666
0 0.055281250000000004 0.7332083333333334 0.05131250000000001 0.19533333333333333
0 0.17438281249999998 0.6617291666666667 0.049234375000000004 0.159875
0 0.3487734375 0.6431770833333333 0.028734375000000003 0.04652083333333333
0 0.45250781250000005 0.6677812499999999 0.037671875 0.11460416666666666
0 0.6480312500000001 0.8449479166666666 0.17696875 0.2831458333333333
0 0.6506250000000001 0.6719270833333333 0.032375 0.10181249999999999
0 0.69121875 0.7612187499999999 0.05606250000000001 0.19614583333333335
0 0.5903671875 0.7070729166666666 0.041046875000000003 0.1764375
0 0.5577968750000001 0.6508854166666667 0.03340625 0.08222916666666666
0 0.5107578125 0.6853333333333332 0.049546875000000004 0.13441666666666666
0 0.4701250000000001 0.6379270833333333 0.025687500000000002 0.06664583333333333
0 0.64375 0.6947916666666667 0.640625 0.21875
