0 0.6205703124999999 0.3164429530201342 0.268984375 0.4684563758389262
0 0.8700703125000001 0.5207829977628635 0.010421875 0.02425055928411633
0 0.88321875 0.5269463087248323 0.01040625 0.04288590604026846
0 0.89709375 0.5207829977628635 0.017937500000000002 0.06120805369127517
0 0.9327578124999999 0.5134004474272931 0.019328125 0.03449664429530201
0 0.25282031250000003 0.47257270693512304 0.014828125000000001 0.04120805369127517
0 0.3609140625 0.5047651006711409 0.013984375 0.0323489932885906
0 0.284078125 0.48012304250559285 0.009437500000000001 0.020246085011185685
0 0.8637734375000001 0.517662192393736 0.011328125000000001 0.027494407158836685
0 0.5074453125 0.5089597315436242 0.010734375 0.030939597315436242
0 0.967921875 0.5146085011185683 0.0163125 0.040044742729306484
0 0.9892265625000001 0.5207718120805369 0.015140625 0.026062639821029084
0 0.29339062499999996 0.4703467561521253 0.014499999999999999 0.02297539149888143
0 0.5710937500000001 0.5011185682326622 0.8328125000000001 0.09843400447427293
