0 0.45585156250000003 0.6884894613583139 0.029828125 0.05875878220140515
0 0.5963906250000001 0.6567915690866512 0.059437500000000004 0.06665105386416861
0 0.45181250000000006 0.5430093676814989 0.0163125 0.08021077283372366
0 0.8764921875000001 0.5207494145199063 0.018765625 0.030491803278688525
0 0.6650625 0.48433255269320846 0.007875 0.03348946135831382
0 0.6696953125 0.6482903981264637 0.033140625 0.03480093676814988
0 0.16552343749999998 0.5226346604215457 0.007390625000000001 0.016323185011709603
0 0.8634062500000002 0.5246604215456675 0.01175 0.025573770491803278
0 0.67240625 0.4934074941451991 0.00940625 0.02278688524590164
0 0.766078125 0.3794028103044496 0.00403125 0.015292740046838407
0 0.7123125 0.6229976580796254 0.041375 0.042903981264637
0 0.7569765625 0.5963231850117097 0.012765625000000001 0.01882903981264637
0 0.8131171875000001 0.5963348946135831 0.014359375 0.03913348946135831
0 0.525 0.5210772833723654 0.915625 0.3770491803278688
