0 0.05241666666666667 0.2765625 0.08041666666666666 0.15009375000000003
0 0.5742604166666666 0.164953125 0.015062500000000001 0.04346875
0 0.3685 0.188578125 0.04425 0.07843750000000001
0 0.48559375 0.1935859375 0.03502083333333333 0.076921875
0 0.4626666666666666 0.1981484375 0.024916666666666667 0.066546875
0 0.4178541666666667 0.198953125 0.03145833333333333 0.0666875
0 0.42864583333333334 0.1787890625 0.0155 0.041890625
0 0.59990625 0.171875 0.014437499999999999 0.031187500000000003
0 0.39720833333333333 0.19256250000000003 0.023166666666666665 0.06659375
0 0.72775 0.1474609375 0.01325 0.027734375000000002
0 0.09997916666666667 0.17597656250000002 0.043458333333333335 0.031109375
0 0.5507395833333334 0.17428125000000003 0.0199375 0.059812500000000005
0 0.6326979166666666 0.1437890625 0.012770833333333334 0.014546875
0 0.715625 0.1546875 0.15208333333333332 0.05625
