0 0.4273203125 0.5782167832167833 0.04220312500000001 0.1465967365967366
0 0.23627343750000002 0.6225524475524475 0.05460937500000001 0.2614685314685315
0 0.352109375 0.6111305361305361 0.07453125000000001 0.28762237762237763
0 0.5671875000000001 0.5491724941724941 0.021968750000000002 0.1106993006993007
0 0.6062578125 0.5500466200466201 0.025921875 0.1262004662004662
0 0.6362734375 0.546060606060606 0.022328125 0.08932400932400933
0 0.917828125 0.5741025641025641 0.03803125 0.16289044289044288
0 0.9544921875000001 0.5418764568764569 0.021140625 0.08808857808857809
0 0.7316171875 0.5706177156177156 0.040421875 0.11699300699300699
0 0.8563437500000002 0.5629254079254079 0.022593750000000003 0.1190909090909091
0 0.66696875 0.5454195804195804 0.021375 0.08701631701631701
0 0.6821328125 0.5283799533799534 0.011640625000000002 0.06044289044289044
2 0.9513671875 0.6292773892773892 0.019203125 0.07006993006993006
0 0.9731562500000002 0.5436363636363637 0.013500000000000002 0.08354312354312356
0 0.8054687500000001 0.5606060606060606 0.3828125 0.20745920745920746
