0 0.2878125 0.14381648936170213 0.11090625000000001 0.28316489361702124
0 0.36989062500000003 0.20257978723404255 0.06571875 0.155531914893617
0 0.632984375 0.1606781914893617 0.08271875000000001 0.15465425531914892
0 0.8907265624999999 0.2642686170212766 0.030953124999999998 0.07125
0 0.92040625 0.27591755319148936 0.02790625 0.1110372340425532
0 0.430390625 0.17527925531914892 0.07921875 0.15279255319148938
0 0.9962187500000002 0.22708776595744679 0.0073124999999999996 0.04390957446808511
0 0.9638125 0.30422872340425533 0.07237500000000001 0.21393617021276595
0 0.5174921875 0.15212765957446808 0.044234375 0.08952127659574467
0 0.5384140625000001 0.17793882978723405 0.059140625 0.1384840425531915
