2 0.27612000000000003 0.30029333333333336 0.36844 0.3855466666666667
0 0.20986000000000002 0.60852 0.07884000000000001 0.23954666666666666
0 0.55027 0.70648 0.30358 0.5294933333333334
0 0.60985 0.5289333333333333 0.060020000000000004 0.11679999999999999
0 0.82345 0.5469733333333333 0.05198 0.16024
0 0.75763 0.7330399999999999 0.04298 0.10458666666666666
0 0.36836 0.67508 0.062200000000000005 0.14248
0 0.40393 0.711 0.06246 0.08616
0 0.1463 0.8430400000000001 0.27916 0.27354666666666666
0 0.70868 0.8244666666666667 0.0716 0.1276533333333333
0 0.9208700000000001 0.7702 0.0721 0.2061066666666667
0 0.35185000000000005 0.60756 0.0721 0.13816
0 0.76516 0.62696 0.05056 0.11237333333333333
0 0.84615 0.6980533333333333 0.06194 0.15621333333333332
0 0.499 0.6746666666666666 0.998 0.5813333333333334
