0 0.78125 0.40879166666666666 0.04559375 0.121625
0 0.3515078125 0.6272708333333334 0.159453125 0.5998749999999999
0 0.43741406250000003 0.49463541666666666 0.10001562500000001 0.3288125
0 0.511984375 0.4311041666666667 0.02815625 0.11812500000000001
0 0.4880312500000001 0.48467708333333337 0.05428125 0.2631041666666667
0 0.16095312500000003 0.6157291666666667 0.31853125000000004 0.7640416666666667
0 0.7963593750000001 0.37728125 0.014843750000000001 0.0433125
0 0.807828125 0.3778854166666667 0.015343750000000001 0.05427083333333333
0 0.733609375 0.37445833333333334 0.010000000000000002 0.034874999999999996
0 0.688015625 0.39109374999999996 0.00846875 0.033229166666666664
0 0.8039296875000002 0.37242708333333335 0.006078125 0.02664583333333333
