0 0.27078125 0.8419117647058824 0.018593750000000003 0.09602941176470588
0 0.38178125 0.824718137254902 0.053000000000000005 0.19776960784313724
0 0.3402734375 0.8950367647058823 0.049640625 0.1571813725490196
0 0.1729140625 0.9192156862745097 0.049671875000000004 0.16156862745098038
0 0.242921875 0.8451348039215686 0.0416875 0.17551470588235293
0 0.248640625 0.7735539215686275 0.0459375 0.12009803921568628
0 0.35675 0.8564093137254902 0.09075 0.14306372549019608
0 0.47159375000000003 0.6194607843137255 0.01915625 0.0721078431372549
0 0.5057265624999999 0.6247181372549019 0.018609375 0.0867892156862745
0 0.376515625 0.7293259803921568 0.018 0.04904411764705883
0 0.5165390625 0.657561274509804 0.024140625 0.09747549019607844
0 0.487640625 0.5293382352941176 0.0080625 0.03490196078431373
0 0.4912734375000001 0.6199509803921569 0.013484375000000002 0.09073529411764707
0 0.49140625000000004 0.5894607843137255 0.09843750000000001 0.1446078431372549
