0 0.51025 0.5592378752886835 0.057999999999999996 0.22568129330254041
0 0.4366171875 0.5790415704387991 0.06092187500000001 0.27420323325635104
0 0.5431484375 0.5260969976905312 0.045578125000000004 0.17870669745958428
0 0.8075937500000001 0.5711200923787529 0.1464375 0.4355889145496536
0 0.6387343750000001 0.4825173210161663 0.01965625 0.11163972286374134
0 0.39510937500000004 0.29688221709006923 0.02096875 0.048637413394919164
0 0.6473046875 0.24363741339491915 0.035046875 0.031200923787528867
0 0.5649062499999999 0.47482678983833715 0.022343750000000002 0.09815242494226328
0 0.6563828125000001 0.4566281755196305 0.019296875 0.09450346420323326
0 0.7046562500000001 0.31471131639722866 0.022375000000000003 0.03732101616628176
0 0.720046875 0.3166166281755196 0.019343750000000003 0.04006928406466513
0 0.49978125000000007 0.29509237875288685 0.0315625 0.06066974595842956
0 0.608703125 0.5474480369515012 0.09240625000000001 0.3337875288683603
0 0.509375 0.36374133949191684 0.68125 0.19630484988452657
