0 0.6173 0.8977462686567165 0.12648 0.1775223880597015
0 0.08793000000000001 0.7510298507462687 0.039619999999999995 0.0677910447761194
0 0.08914 0.733776119402985 0.012039999999999999 0.03597014925373135
0 0.10134 0.7419850746268657 0.01836 0.047432835820895525
0 0.10751000000000001 0.735776119402985 0.01666 0.03602985074626866
0 0.060050000000000006 0.7412835820895523 0.01526 0.038686567164179106
0 0.048170000000000004 0.7504477611940299 0.01134 0.03462686567164179
0 0.41044 0.8843283582089553 0.12516 0.23134328358208955
0 0.0060999999999999995 0.5717462686567164 0.012199999999999999 0.093044776119403
0 0.03386 0.7591343283582089 0.06772 0.19683582089552237
0 0.7940699999999999 0.8049402985074626 0.02978 0.029641791044776118
