0 0.548029772329247 0.47294531250000005 0.26215411558669 0.557765625
0 0.1628108581436077 0.1816875 0.13182136602451838 0.15075000000000002
0 0.4788879159369527 0.1173828125 0.08646234676007004 0.145171875
0 0.7366900175131348 0.086203125 0.08714535901926444 0.17240625
0 0.861199649737303 0.24292187499999995 0.08943957968476357 0.0768125
0 0.7594746059544659 0.22910156250000002 0.10609457092819614 0.097234375
0 0.6499562171628721 0.21884375 0.1041506129597198 0.10759375
0 0.552583187390543 0.1917578125 0.10019264448336253 0.128703125
0 0.46097197898423814 0.1818515625 0.11322241681260947 0.137703125
0 0.351015761821366 0.18689843750000001 0.10928196147110332 0.161359375
0 0.045411558669001754 0.17571875000000003 0.09082311733800351 0.12540625000000002
0 0.5598861646234676 0.12484375000000002 0.09462346760070053 0.16246875000000002
0 0.24845008756567427 0.1899609375 0.10306479859894921 0.154546875
0 0.5647985989492119 0.134375 0.723292469352014 0.26875
