0 0.8125 0.8569791666666666 0.20268750000000002 0.26125
0 0.8357265625000001 0.60325 0.031140625 0.06995833333333333
0 0.558140625 0.82896875 0.12362500000000001 0.16997916666666668
0 0.681734375 0.8898854166666667 0.15000000000000002 0.21572916666666667
0 0.936953125 0.6116770833333333 0.0411875 0.07693749999999999
0 0.9037265625000002 0.5967812499999999 0.036140625 0.07210416666666666
0 0.8823437500000001 0.5817708333333333 0.026437500000000003 0.038
0 0.8539375 0.6156145833333333 0.0390625 0.08347916666666666
0 0.9314609375 0.5603333333333333 0.018796875 0.025416666666666664
0 0.2711953125 0.8946666666666666 0.11579687500000001 0.21066666666666667
0 0.341765625 0.7581770833333333 0.4160625 0.48364583333333333
0 0.7619921875000001 0.5863958333333332 0.040546875 0.10841666666666666
0 0.8880859375000001 0.60525 0.019578125000000002 0.04879166666666667
0 0.78515625 0.5875 0.0390625 0.08333333333333333
