2 0.45776562500000006 0.8342974238875879 0.21746875000000002 0.25149882903981263
2 0.6034531250000001 0.863887587822014 0.23234375 0.21971896955503512
2 0.40232031250000005 0.7105152224824356 0.157484375 0.19100702576112413
2 0.1904765625 0.6667798594847776 0.124296875 0.13370023419203747
2 0.23477343750000002 0.7823419203747073 0.23704687500000002 0.20337236533957848
2 0.126953125 0.7947540983606558 0.25228125 0.22482435597189696
2 0.07532812500000001 0.9021545667447307 0.15065625000000002 0.18281030444964871
0 0.6993984375000001 0.3875878220140515 0.19042187500000002 0.5128805620608899
0 0.36585937500000004 0.40411007025761125 0.0219375 0.04456674473067916
0 0.5303046875 0.4065339578454333 0.030546875 0.04730679156908665
0 0.45639062500000005 0.41291569086651053 0.021 0.032857142857142856
0 0.4885625 0.4068032786885246 0.019500000000000003 0.04081967213114754
0 0.23443750000000005 0.42261124121779864 0.024375 0.0592271662763466
0 0.137484375 0.4060655737704918 0.025 0.026838407494145202
0 0.2830625 0.40175644028103047 0.0171875 0.04318501170960188
0 0.161484375 0.4106440281030445 0.0198125 0.019789227166276346
2 0.06553906250000001 0.6967798594847776 0.13107812500000002 0.15416861826697892
2 0.644234375 0.6986416861826698 0.056968750000000005 0.08332552693208431
0 0.4060546875 0.404192037470726 0.024453125000000003 0.04084309133489462
0 0.309875 0.4012997658079625 0.021625000000000002 0.04484777517564403
0 0.33010937500000004 0.4019789227166276 0.027062500000000003 0.0440983606557377
0 0.3879765625 0.40080796252927403 0.019078125 0.0431615925058548
0 0.46640625 0.43208430913348944 0.9328125 0.14285714285714285
