0 0.23143750000000002 0.4841041666666666 0.01571875 0.028708333333333332
0 0.2433359375 0.48541666666666666 0.012609375 0.029083333333333336
0 0.278953125 0.51653125 0.04678125 0.07247916666666666
0 0.451296875 0.49405208333333334 0.03871875 0.04839583333333333
0 0.3740234375 0.5160520833333333 0.049703125 0.0719375
0 0.42005468749999997 0.48431250000000003 0.012203125 0.028583333333333336
0 0.3339765625 0.5103541666666667 0.04195312500000001 0.0955
0 0.4844375000000001 0.48757291666666663 0.02784375 0.057187499999999995
0 0.4305703125 0.4809583333333333 0.011828125000000002 0.021249999999999998
0 0.25316406249999995 0.4818854166666667 0.012640625 0.03314583333333333
0 0.3071796875 0.51821875 0.017578125 0.04264583333333333
0 0.438015625 0.4757604166666667 0.007781250000000001 0.011854166666666667
