2 0.5785234375 0.5800313152400836 0.103859375 0.1393528183716075
0 0.845 0.48084551148225463 0.18665625 0.5111691022964509
0 0.7413984375 0.4899478079331941 0.090140625 0.1577661795407098
0 0.66803125 0.49489561586638825 0.115875 0.18298538622129434
0 0.6225390625 0.39935281837160747 0.052171875000000006 0.2664718162839248
0 0.5846875 0.4304279749478079 0.05665625 0.26177453027139874
0 0.39503125 0.38657620041753654 0.060750000000000005 0.15407098121085594
0 0.341078125 0.44479123173277657 0.06428125 0.2966805845511482
0 0.0630703125 0.46516701461377863 0.07904687500000002 0.3730480167014613
0 0.19555468750000002 0.4734446764091858 0.07595312500000001 0.3225887265135699
0 0.207734375 0.4258977035490605 0.07478125000000001 0.1512108559498956
0 0.9466328125000001 0.34177453027139876 0.045390625000000004 0.17507306889352817
0 0.3144921875 0.4138726513569937 0.045078125000000004 0.21212943632567846
0 0.404109375 0.4655114822546973 0.0528125 0.10709812108559497
0 0.665625 0.4739039665970772 0.465625 0.43841336116910223
