0 0.5838671875 0.6043020833333334 0.119359375 0.6236458333333333
0 0.3700859375000001 0.6123541666666666 0.06248437500000001 0.22025
0 0.13688281249999998 0.61078125 0.07042187500000001 0.18289583333333334
0 0.22686718750000004 0.6154375000000001 0.040984375 0.11633333333333334
0 0.7157109375 0.5897083333333333 0.025265625000000003 0.07541666666666667
0 0.9576875 0.6078541666666666 0.029343750000000002 0.09683333333333333
0 0.1680546875 0.5538645833333333 0.012453125 0.05239583333333333
0 0.7896328125000001 0.5846874999999999 0.020140625000000002 0.04670833333333334
0 0.76771875 0.5969375 0.015312500000000001 0.021333333333333333
0 0.9248203125000001 0.6139895833333334 0.037015625 0.08372916666666666
0 0.842546875 0.6137083333333333 0.0075 0.043333333333333335
