0 0.24108593750000004 0.3351405152224825 0.134515625 0.2799297423887588
0 0.2675703125 0.25289227166276346 0.136484375 0.31969555035128805
0 0.6263359375 0.5668852459016394 0.189640625 0.6533489461358314
0 0.260125 0.5966276346604216 0.1514375 0.3258548009367681
0 0.7784375 0.5852341920374707 0.12250000000000001 0.6003512880562062
0 0.6645937500000001 0.24329039812646372 0.057531250000000006 0.08620608899297424
0 0.32784375 0.06388758782201405 0.0671875 0.1271662763466042
0 0.44025000000000003 0.06297423887587822 0.044187500000000005 0.1252927400468384
0 0.4566484375 0.649215456674473 0.224609375 0.33978922716627635
0 0.470375 0.08503512880562061 0.03425 0.17007025761124123
