0 0.4535390625 0.6116744730679157 0.181421875 0.3528103044496487
0 0.23708593750000004 0.6686533957845433 0.139359375 0.230327868852459
0 0.1386875 0.6292154566744731 0.1364375 0.3100936768149883
0 0.650703125 0.42204918032786887 0.06756250000000001 0.27070257611241216
0 0.5756093750000001 0.41886416861826703 0.0583125 0.2731850117096019
0 0.7095859375 0.42153395784543324 0.036953124999999996 0.24391100702576113
0 0.9373984375 0.4036885245901639 0.061328125000000004 0.2459718969555035
0 0.8780703124999999 0.44428571428571423 0.064578125 0.15873536299765809
0 0.745765625 0.38192037470726 0.05865625 0.1819672131147541
0 0.8612890625 0.09642857142857142 0.071140625 0.1598360655737705
0 0.2514375 0.4635480093676815 0.05178125 0.18822014051522248
0 0.31683593750000005 0.4691451990632318 0.049984375 0.1747775175644028
0 0.9857968750000001 0.4044496487119438 0.02840625 0.2361592505854801
