0 0.17278125 0.3467604166666666 0.00621875 0.026729166666666665
0 0.3988984375 0.347125 0.014203125 0.048125
0 0.351578125 0.34211458333333333 0.00946875 0.0113125
0 0.28159375000000003 0.34770833333333334 0.0135625 0.0245
0 0.26603906250000003 0.34771875 0.013859375 0.025229166666666664
0 0.2523515625 0.34040625 0.011453125000000001 0.010645833333333334
0 0.21711718749999998 0.3436145833333333 0.008640625 0.016854166666666667
0 0.2055 0.34209375 0.006875000000000001 0.0193125
0 0.292796875 0.3474583333333333 0.01159375 0.026833333333333334
0 0.2593984375 0.34101041666666665 0.006109375 0.0114375
0 0.37212500000000004 0.3521458333333333 0.00959375 0.043000000000000003
0 0.11757031250000001 0.3407395833333333 0.009515625 0.014187499999999999
0 0.19946093750000002 0.3441875 0.006953125000000001 0.0115
0 0.23359375000000002 0.3520833333333333 0.3953125 0.1125
