2 0.46763281250000005 0.6329778672032194 0.10526562500000002 0.10213279678068411
2 0.6421484375000001 0.6283903420523139 0.081609375 0.10160965794768613
2 0.34613281250000005 0.6534808853118712 0.135515625 0.07094567404426559
2 0.244359375 0.6340543259557344 0.0975625 0.08412474849094569
2 0.17518750000000002 0.6346981891348089 0.06628125 0.06895372233400404
2 0.5536171875 0.6391448692152919 0.089421875 0.08851106639839035
0 0.495453125 0.48259557344064397 0.08578125 0.197625754527163
0 0.661359375 0.5200905432595574 0.021375 0.06601609657947687
0 0.8786718750000001 0.4638531187122737 0.04259375000000001 0.13229376257545272
0 0.1996328125 0.5415492957746478 0.065171875 0.13154929577464788
0 0.035875 0.3716398390342052 0.0523125 0.36995975855130786
0 0.38846093750000005 0.4396378269617707 0.017171875 0.05625754527162979
0 0.6294453125 0.41547283702213283 0.010765625000000001 0.01847082494969819
0 0.7362109375000001 0.5359959758551308 0.031984375 0.07907444668008048
0 0.2969140625 0.43849094567404434 0.031234374999999998 0.05380281690140845
0 0.5884453125 0.43918511066398397 0.024453125000000003 0.06617706237424548
0 0.6164609375 0.4390643863179075 0.015640625000000002 0.0726559356136821
0 0.7716328125 0.49494969818913487 0.034390625 0.0723943661971831
2 0.300359375 0.6535915492957748 0.05128125 0.05076458752515091
0 0.7252421875000001 0.45803822937625754 0.013984375 0.05249496981891349
2 0.7965703125000001 0.6230080482897384 0.12192187500000001 0.11503018108651913
0 0.6101562500000001 0.48792756539235416 0.7765625 0.23541247484909458
