0 0.7742 0.5827100000000001 0.3692533333333333 0.6767799999999999
0 0.25104 0.49089 0.4463466666666666 0.9539
0 0.8244533333333334 0.34691 0.14656 0.21798
0 0.9452133333333332 0.32808 0.10770666666666666 0.10364
0 0.9835599999999999 0.20350000000000001 0.03277333333333333 0.15912
0 0.82384 0.25952 0.12762666666666667 0.10528
0 0.043919999999999994 0.49061000000000005 0.08783999999999999 0.34146
0 0.9412399999999999 0.29823000000000005 0.07341333333333333 0.054060000000000004
0 0.4456133333333333 0.6096900000000001 0.10450666666666665 0.24574000000000001
0 0.59472 0.34671 0.14143999999999998 0.27362000000000003
