0 0.5485625 0.5110520833333333 0.09275 0.15385416666666665
0 0.5664765625 0.5048541666666666 0.011921875 0.016458333333333335
0 0.6877265625 0.5067291666666667 0.004765625 0.011625
0 0.706390625 0.50590625 0.00515625 0.010229166666666668
0 0.8016875000000001 0.50609375 0.0043749999999999995 0.005854166666666666
0 0.6576953125 0.5089791666666666 0.0037031250000000003 0.007625
0 0.6198203125 0.5099583333333333 0.005921875 0.006541666666666667
0 0.6502890625000001 0.5108333333333333 0.004203125 0.006541666666666667
0 0.625796875 0.5114583333333333 0.007656250000000001 0.005833333333333333
0 0.5505078125 0.5076875 0.008296875 0.009916666666666666
0 0.7830312500000001 0.5052187499999999 0.00440625 0.0068125
0 0.6912656250000001 0.5099375 0.0013750000000000001 0.004
0 0.6701406250000002 0.5089583333333333 0.0053750000000000004 0.010958333333333332
