0 0.1175390625 0.34696875000000005 0.07795312500000001 0.3071041666666667
0 0.8977499999999999 0.1516875 0.20450000000000002 0.303375
0 0.18123437500000003 0.38246874999999997 0.037187500000000005 0.1751875
0 0.20960156249999998 0.36841666666666667 0.032171875 0.1360833333333333
0 0.014125000000000002 0.26953125 0.026281250000000003 0.10897916666666667
0 0.8151718750000001 0.6123645833333333 0.36965625 0.5146041666666666
0 0.1466015625 0.35528125 0.046484375 0.23139583333333333
0 0.260265625 0.442 0.02090625 0.07979166666666666
0 0.53171875 0.47780208333333335 0.32040625 0.9556041666666667
0 0.0504453125 0.33807291666666667 0.100890625 0.34589583333333335
0 0.2550859375 0.3753229166666667 0.070984375 0.20872916666666666
0 0.759078125 0.10396875 0.17240625 0.20552083333333335
