2 0.17966000000000001 0.5187349397590362 0.13904 0.2122289156626506
0 0.57171 0.11061746987951808 0.10022 0.19563253012048196
0 0.49646999999999997 0.1297289156626506 0.08366 0.18680722891566268
0 0.43990999999999997 0.0968975903614458 0.06042 0.16391566265060242
0 0.38348000000000004 0.11798192771084338 0.13132 0.18650602409638556
0 0.8029100000000001 0.10759036144578313 0.1039 0.19072289156626507
0 0.9096000000000001 0.08680722891566266 0.054759999999999996 0.17361445783132531
0 0.7048800000000001 0.09347891566265061 0.0872 0.16984939759036147
0 0.25337 0.09927710843373495 0.08434 0.1985542168674699
0 0.10589 0.09397590361445783 0.053899999999999997 0.18795180722891566
0 0.84774 0.07578313253012049 0.046560000000000004 0.14843373493975906
2 0.16032 0.11359939759036146 0.06456 0.15599397590361447
0 0.95552 0.10144578313253012 0.08708 0.20102409638554217
