2 0.8696875000000001 0.2985833333333333 0.26062500000000005 0.27329166666666665
2 0.9524296875000001 0.40081249999999996 0.095140625 0.3097083333333333
2 0.11483593750000001 0.05633333333333333 0.07960937500000001 0.07691666666666667
2 0.2244765625 0.0233125 0.068828125 0.04375
2 0.554625 0.04889583333333333 0.042156250000000006 0.08641666666666666
2 0.3774453125 0.028822916666666663 0.047203125000000005 0.0544375
2 0.5879531250000001 0.017177083333333332 0.05196875 0.034354166666666665
0 0.47865625000000006 0.33190625 0.37078125000000006 0.6516875
0 0.0657265625 0.3483229166666667 0.131453125 0.6831458333333333
2 0.526875 0.03814583333333333 0.049625 0.042458333333333334
0 0.411453125 0.028999999999999998 0.06334375 0.057999999999999996
0 0.44646093749999993 0.02783333333333333 0.072546875 0.05566666666666666
0 0.5131171875 0.010666666666666666 0.014515624999999999 0.0205
