0 0.7780625000000001 0.5873536299765808 0.04546875 0.20997658079625292
0 0.2941484375 0.5830093676814988 0.054703125 0.2658782201405152
0 0.37185156250000007 0.5865925058548009 0.067140625 0.27459016393442626
0 0.17098437500000002 0.5823302107728338 0.05878125 0.28747072599531615
0 0.06521875 0.5850234192037471 0.07046875000000001 0.3707962529274005
0 0.12415625000000002 0.5897540983606557 0.04778125 0.23449648711943794
0 0.8178671875 0.5853981264637003 0.046484375 0.24044496487119438
0 0.9865234375 0.5797775175644028 0.026953125 0.269672131147541
0 0.5837187500000001 0.5096838407494145 0.04953125 0.0807728337236534
0 0.20988281250000004 0.5913348946135831 0.040046875 0.25030444964871196
0 0.24499218750000004 0.5888407494145199 0.034234375000000004 0.1817096018735363
0 0.8990625 0.5770725995316159 0.08884375 0.2252927400468384
0 0.6647109375 0.5860070257611242 0.025078125000000003 0.11412177985948477
0 0.5398437500000001 0.5831381733021077 0.4421875 0.17330210772833723
