0 0.6726015625 0.53884375 0.004765625 0.023395833333333334
0 0.6352656250000001 0.531875 0.009375000000000001 0.0125
0 0.8854140625 0.5741041666666666 0.006296875 0.025625000000000002
0 0.8968046875 0.5731354166666667 0.005140625 0.018145833333333333
0 0.5312890625000001 0.52996875 0.006765625000000001 0.02322916666666667
0 0.5626640625 0.5401562500000001 0.010828125000000001 0.021229166666666667
0 0.8082343750000002 0.5714895833333333 0.011187500000000001 0.027604166666666666
0 0.6603046875 0.5579583333333334 0.006921875 0.016291666666666666
0 0.7645234375 0.5581562499999999 0.004171875 0.019604166666666666
0 0.6145234374999999 0.5298645833333333 0.009046875000000001 0.02002083333333333
