0 0.7280859375000001 0.6191041666666667 0.208984375 0.7348333333333333
0 0.658640625 0.6323124999999999 0.09109375 0.6399583333333333
0 0.5354609375 0.47994791666666664 0.223015625 0.3012708333333334
0 0.265140625 0.4350104166666667 0.12659375 0.2860625
0 0.1135234375 0.5920208333333333 0.15860937500000002 0.7975
0 0.06441406250000001 0.5076458333333334 0.12882812500000002 0.9811666666666666
0 0.622359375 0.4250208333333333 0.08590625 0.27475
0 0.74746875 0.701875 0.5039375 0.2629166666666667
0 0.34796875 0.5867083333333334 0.21621875000000002 0.491
0 0.23658593750000004 0.62890625 0.21067187500000004 0.5820208333333333
0 0.4145625 0.4735625 0.076625 0.24195833333333333
0 0.5647578125 0.33441666666666664 0.04510937500000001 0.05875
