0 0.3433203125 0.5256791569086651 0.282734375 0.90807962529274
0 0.6798984375 0.5331850117096019 0.35154687500000004 0.9336299765807963
0 0.48882031249999996 0.7736768149882904 0.114921875 0.45264637002341923
0 0.9123203125 0.793255269320843 0.109453125 0.38651053864168616
0 0.095265625 0.6995433255269322 0.05559375 0.11960187353629977
0 0.9661875000000001 0.6606323185011709 0.042625 0.10252927400468384
0 0.8792578125000001 0.6967330210772834 0.037828125000000004 0.07018735362997658
0 0.0736328125 0.6959484777517564 0.048078125 0.11484777517564403
0 0.8615625 0.6334543325526932 0.02459375 0.04091334894613583
0 0.052585937500000006 0.6681147540983606 0.023234375 0.10962529274004684
0 0.8478828125 0.6818032786885245 0.029859375 0.0794847775175644
0 0.014671875000000001 0.7111007025761124 0.029343750000000002 0.17592505854800938
