0 0.5575625000000001 0.4642708333333333 0.0206875 0.02875
0 0.436953125 0.5435833333333333 0.03396875 0.08612500000000001
0 0.33197656249999996 0.5851979166666667 0.013515625000000002 0.034479166666666665
0 0.4174375000000001 0.47658333333333336 0.01246875 0.018583333333333334
0 0.5332812499999999 0.4713125 0.017656250000000002 0.015458333333333333
0 0.31336718750000003 0.48370833333333335 0.020765625 0.019375
0 0.3923359375 0.5784687499999999 0.010453125 0.021395833333333333
0 0.43835156249999996 0.48165624999999995 0.015328125000000001 0.0116875
0 0.30989062500000003 0.5837708333333333 0.018312500000000002 0.04004166666666666
0 0.539015625 0.5934583333333333 0.013531250000000002 0.03829166666666666
0 0.37907812500000004 0.4865104166666666 0.0071874999999999994 0.0096875
