0 0.9003203125000001 0.6061666666666666 0.014359375 0.05341666666666667
0 0.669453125 0.693875 0.09412500000000001 0.22783333333333333
0 0.645734375 0.8059479166666667 0.22721875 0.37735416666666666
0 0.5846718750000001 0.5640833333333333 0.08890625 0.13925
0 0.17275000000000001 0.8235937500000001 0.34550000000000003 0.33035416666666667
0 0.3389140625 0.6021979166666667 0.13198437500000001 0.20310416666666664
0 0.2541484375 0.7038229166666666 0.117828125 0.3599375
0 0.07975781250000001 0.7059375 0.14029687500000002 0.3690833333333333
0 0.14878906249999999 0.5697395833333334 0.063453125 0.18910416666666666
0 0.5376406250000001 0.5438229166666667 0.060687500000000005 0.11685416666666668
0 0.8199453125 0.8303437499999999 0.183703125 0.31685416666666666
0 0.48846875 0.5588854166666666 0.035812500000000004 0.1200625
0 0.44089062500000004 0.7508958333333333 0.20350000000000001 0.32299999999999995
0 0.7132812500000001 0.6625 0.4453125 0.4041666666666667
