0 0.2902578125 0.5563125 0.11007812500000001 0.44329166666666664
0 0.0337109375 0.7955104166666667 0.067421875 0.40897916666666667
0 0.600078125 0.4809583333333333 0.13075 0.17725
0 0.7728046875000001 0.5664479166666666 0.173984375 0.6081041666666667
0 0.8092812500000002 0.3540729166666667 0.046312500000000006 0.11639583333333332
0 0.4558984375 0.5191041666666667 0.07582812500000001 0.37754166666666666
0 0.9693828125 0.5842708333333333 0.061234375 0.61125
0 0.0566796875 0.5606666666666666 0.113359375 0.6422916666666667
0 0.09264843750000001 0.4297291666666666 0.051859375 0.146375
0 0.95821875 0.35361458333333334 0.0835625 0.2155625
0 0.07371874999999999 0.41101041666666666 0.02640625 0.08647916666666666
