0 0.648229537366548 0.7005 0.2293416370106761 0.5316875
0 0.46575622775800707 0.6641328125000001 0.024572953736654805 0.06839062500000001
0 0.48524021352313174 0.6505078125 0.012829181494661921 0.026390625
0 0.3838345195729537 0.6541796875 0.011903914590747331 0.041109375000000004
0 0.5064946619217082 0.6621953125000001 0.03131672597864769 0.08085937500000001
0 0.2566548042704626 0.65328125 0.021103202846975085 0.05115625000000001
0 0.1862188612099644 0.6600234375 0.01774021352313167 0.036515625
0 0.3468861209964412 0.6505000000000001 0.015836298932384342 0.039375
0 0.7654092526690391 0.6555546875 0.04843416370106761 0.06639062500000001
0 0.11660142348754449 0.6638828125000001 0.042313167259786476 0.092890625
0 0.06548932384341637 0.6561171875 0.03361209964412811 0.107328125
0 0.7892081850533808 0.64765625 0.024430604982206405 0.06434375
0 0.8075444839857652 0.6478828125 0.018434163701067614 0.062515625
0 0.48309608540925264 0.66328125 0.5533807829181494 0.07968750000000001
