0 0.4317201834862386 0.34503125 0.4946330275229358 0.559125
0 0.8114678899082568 0.35657031250000004 0.06004587155963303 0.09157812500000001
0 0.7432339449541284 0.27395312499999996 0.043119266055045874 0.0584375
0 0.6298967889908257 0.2760859375 0.04837155963302753 0.068203125
0 0.5728440366972478 0.3357421875 0.05284403669724771 0.070453125
0 0.5442431192660551 0.29074218749999997 0.023623853211009176 0.023953125000000002
0 0.9252178899082569 0.33242187500000003 0.037362385321100915 0.050625
0 0.27532110091743117 0.4605546875 0.13454128440366972 0.162296875
0 0.9525688073394496 0.32803125 0.028073394495412848 0.05506250000000001
0 0.3259633027522936 0.4617265625 0.0881651376146789 0.136265625
0 0.7276720183486238 0.32495312500000006 0.03364678899082569 0.063625
0 0.7960091743119266 0.259078125 0.03761467889908257 0.0343125
