0 0.92353 0.6307066666666666 0.03754 0.14114666666666667
0 0.88399 0.66404 0.02866 0.17304
0 0.7679300000000001 0.5494666666666665 0.02318 0.09802666666666666
0 0.7395900000000001 0.5676133333333333 0.024980000000000002 0.07053333333333332
0 0.68678 0.5583866666666666 0.04444 0.07991999999999999
0 0.55276 0.5020399999999999 0.025 0.045360000000000004
0 0.27061 0.6662666666666667 0.061020000000000005 0.17530666666666664
0 0.8484000000000002 0.6548933333333333 0.040159999999999994 0.1452
0 0.8110999999999999 0.6155466666666666 0.02912 0.13904
0 0.8701899999999999 0.5492533333333333 0.02586 0.09493333333333333
0 0.8335800000000001 0.70436 0.05152 0.10754666666666667
0 0.9248500000000001 0.5465599999999999 0.03246 0.07541333333333333
0 0.47496 0.5237733333333333 0.01816 0.08173333333333332
0 0.505 0.6773333333333333 0.986 0.64
