0 0.6659765625 0.581264534883721 0.225109375 0.7706686046511628
0 0.28747656250000003 0.45392441860465116 0.268140625 0.6381976744186046
0 0.2083203125 0.39861918604651164 0.135703125 0.3944476744186046
0 0.112328125 0.36686046511627907 0.14978125 0.4404651162790698
0 0.0581171875 0.33165697674418604 0.116234375 0.42906976744186043
0 0.25316406249999995 0.2361046511627907 0.080015625 0.2956976744186046
0 0.18626562500000002 0.14002906976744187 0.063375 0.16831395348837208
0 0.65465625 0.10681686046511626 0.10834375000000002 0.21363372093023253
0 0.3902109375 0.19207848837209304 0.146015625 0.3841569767441861
0 0.08584375 0.08454941860465116 0.031468750000000004 0.062412790697674414
0 0.259875 0.11619186046511627 0.054125000000000006 0.1461046511627907
0 0.5060859375 0.4961046511627907 0.261078125 0.7636627906976744
0 0.8590390625 0.6194040697674419 0.28192187500000004 0.7611918604651163
