2 0.6436406250000001 0.40909722222222217 0.7109062500000001 0.7293055555555555
0 0.23538281250000004 0.28345486111111107 0.074734375 0.32586805555555554
0 0.092828125 0.3073958333333333 0.1331875 0.4282638888888889
0 0.3304453125 0.12638888888888888 0.045046875 0.11090277777777778
2 0.1917734375 0.44875 0.091609375 0.3959722222222222
2 0.042078125 0.4520138888888889 0.08415625 0.28118055555555554
2 0.7604921875 0.8687152777777777 0.10079687500000001 0.20020833333333332
0 0.9313515625000002 0.3460590277777778 0.125390625 0.6921180555555556
0 0.8546640625 0.2864583333333333 0.07420312500000001 0.5672222222222222
2 0.2911328125 0.45456597222222217 0.084984375 0.21947916666666667
0 0.3965078125 0.4456423611111111 0.059203125 0.2537847222222222
0 0.012632812500000002 0.36015624999999996 0.023421875 0.11038194444444444
