0 0.047370892018779344 0.484234375 0.05413145539906103 0.14190624999999998
0 0.7957511737089202 0.503390625 0.09262910798122066 0.18603125
0 0.4224765258215963 0.5026406250000001 0.46739436619718316 0.324875
0 0.5306924882629108 0.505734375 0.09800469483568075 0.1430625
0 0.09104460093896713 0.4869453125 0.07842723004694835 0.12717187500000002
0 0.8429812206572771 0.49307812500000003 0.05943661971830986 0.09290625000000001
0 0.6850352112676056 0.505078125 0.09368544600938966 0.07778125000000001
0 0.43872065727699533 0.5130390625000001 0.0717605633802817 0.082609375
0 0.6455516431924883 0.5098984375 0.08415492957746479 0.06310937500000001
0 0.8810211267605634 0.5400625 0.026737089201877937 0.0174375
0 0.7874647887323943 0.4246328125 0.07173708920187793 0.08014062500000001
0 0.9398239436619718 0.5240234375 0.03208920187793427 0.051109375000000005
0 0.5596244131455399 0.5227031249999999 0.08990610328638497 0.081125
0 0.49882629107981225 0.42031250000000003 0.9976525821596245 0.29375
