0 0.170921875 0.702248243559719 0.14393750000000002 0.5685245901639344
0 0.271265625 0.7211007025761124 0.10231250000000001 0.4523185011709602
0 0.27686718750000006 0.5415690866510539 0.027703125000000002 0.11559718969555036
0 0.34594531250000005 0.4568618266978923 0.030390625 0.07868852459016394
0 0.3761796875 0.6519203747072599 0.086984375 0.38978922716627634
0 0.5379765625 0.7038290398126463 0.165359375 0.5923419203747072
0 0.5845546875000001 0.5499531615925058 0.041578125 0.12688524590163935
0 0.2995625 0.687552693208431 0.039156250000000004 0.2709367681498829
0 0.6479921875000001 0.6691569086651055 0.089359375 0.34548009367681504
0 0.6685234375000001 0.5566627634660422 0.054484375 0.13056206088992975
0 0.74240625 0.6237119437939109 0.076125 0.2695784543325527
0 0.43644531250000007 0.5256440281030444 0.036234375000000006 0.0849648711943794
0 0.8327109374999999 0.6562997658079626 0.06560937500000001 0.28903981264637
0 0.50390625 0.6229508196721312 0.9890625000000001 0.45433255269320844
