0 0.7721875 0.6831458333333332 0.45562500000000006 0.6337083333333333
0 0.123515625 0.6220729166666668 0.24565625000000002 0.6213541666666667
0 0.6797421875 0.5529166666666666 0.238890625 0.487125
0 0.9629687500000002 0.241875 0.0740625 0.2719166666666667
0 0.8057421874999999 0.32319791666666664 0.10810937500000001 0.1981875
0 0.267765625 0.49061458333333335 0.14353125 0.42622916666666666
0 0.6970390625 0.19784375 0.112484375 0.21543749999999998
0 0.8677265625000001 0.2273125 0.059421875000000006 0.228875
0 0.827578125 0.17895833333333333 0.06546875 0.121125
0 0.75040625 0.21851041666666668 0.067125 0.20089583333333336
0 0.6269687500000001 0.17215625 0.039218750000000004 0.1138125
