0 0.6443500000000001 0.07547927461139897 0.06594 0.12810880829015545
0 0.73552 0.11742227979274612 0.082 0.1638082901554404
0 0.36762 0.09689119170984456 0.040119999999999996 0.07854922279792746
0 0.9094599999999999 0.1287564766839378 0.1228 0.2566839378238342
0 0.31711 0.062059585492227974 0.01478 0.04743523316062176
0 0.33905 0.046386010362694303 0.01202 0.024274611398963728
0 0.41113 0.05446891191709844 0.01802 0.039404145077720214
0 0.42039 0.059067357512953375 0.00954 0.04259067357512954
0 0.16399000000000002 0.08558290155440414 0.04482 0.09660621761658031
0 0.21351 0.09129533678756478 0.04846 0.08601036269430053
0 0.98767 0.10770725388601038 0.02466 0.12489637305699483
0 0.2958 0.05958549222797928 0.01764 0.015129533678756477
