0 0.8606696428571429 0.6044940476190477 0.27866071428571426 0.7640476190476191
0 0.6185379464285714 0.6853869047619048 0.34046875 0.6202380952380953
0 0.8014062499999999 0.15392857142857141 0.13651785714285714 0.22696428571428573
0 0.39438616071428567 0.630342261904762 0.14832589285714284 0.3842559523809524
0 0.11795758928571427 0.6239434523809524 0.22886160714285714 0.7253273809523809
2 0.5157924107142856 0.12154761904761906 0.09015625 0.1
0 0.5439285714285714 0.5201339285714285 0.21125 0.5018154761904762
0 0.6013281250000001 0.17816964285714285 0.13966517857142857 0.2275892857142857
0 0.5571540178571429 0.10775297619047618 0.04042410714285714 0.08032738095238094
0 0.5147656249999999 0.19007440476190474 0.08430803571428572 0.22782738095238092
0 0.4343415178571428 0.3082142857142857 0.17654017857142856 0.39666666666666667
2 0.23505580357142858 0.8798363095238094 0.2708258928571428 0.24032738095238093
0 0.6585491071428571 0.31930059523809523 0.06290178571428572 0.13556547619047618
0 0.33603794642857143 0.7415624999999999 0.22404017857142858 0.43895833333333334
0 0.9081138392857143 0.2597470238095238 0.18377232142857142 0.5194940476190476
