0 0.23850781250000003 0.8771545667447306 0.079671875 0.24423887587822016
0 0.4113671875 0.9027985948477751 0.05467187500000001 0.19440281030444967
0 0.5867421875 0.8676580796252927 0.021640625 0.08421545667447307
0 0.32683593750000006 0.8723653395784543 0.017046875 0.06599531615925058
0 0.36793750000000003 0.8613934426229508 0.01540625 0.05618266978922716
0 0.028015625000000002 0.8692505854800937 0.021531250000000002 0.07939110070257611
0 0.570984375 0.8623887587822014 0.015125 0.0546135831381733
0 0.1981328125 0.8470023419203747 0.014359375 0.05845433255269321
0 0.07330468750000001 0.8695081967213114 0.026421875 0.10046838407494145
0 0.102734375 0.8726814988290398 0.02284375 0.09477751756440281
0 0.340125 0.8770960187353629 0.010812500000000001 0.03892271662763466
0 0.619859375 0.8713348946135832 0.011125000000000001 0.07475409836065575
