0 0.2789375 0.6625416666666666 0.32190625000000006 0.5617916666666667
0 0.43732031250000003 0.42556249999999995 0.11229687500000002 0.18458333333333332
0 0.6467890625 0.38146874999999997 0.070359375 0.12843749999999998
0 0.06617968750000001 0.5758854166666667 0.12882812500000002 0.42589583333333336
0 0.2128046875 0.3790104166666667 0.050828125 0.09127083333333334
0 0.6948203125 0.6571354166666665 0.370609375 0.6857291666666666
0 0.47107031250000003 0.35842708333333334 0.058984375000000006 0.10110416666666666
0 0.593390625 0.44475000000000003 0.14846875 0.223625
0 0.1191171875 0.42823958333333334 0.13589062500000001 0.21647916666666667
0 0.32703125 0.44084375 0.134875 0.2118958333333333
