0 0.1321171875 0.5503765690376569 0.091890625 0.30983263598326355
0 0.0352421875 0.5558054393305439 0.070484375 0.38428870292887024
0 0.0682734375 0.4994456066945606 0.055203125 0.20349372384937237
0 0.5072968750000001 0.43956066945606687 0.07062500000000001 0.11393305439330544
0 0.1143515625 0.4391422594142259 0.031578125000000005 0.07209205020920502
0 0.21263281250000002 0.4274790794979079 0.031890625 0.02742677824267782
0 0.9125234375 0.4956380753138075 0.035703125 0.10851464435146442
0 0.8848359375 0.47833682008368195 0.023890625 0.06165271966527196
0 0.03902343750000001 0.7061297071129706 0.076171875 0.15384937238493723
0 0.458703125 0.7092677824267781 0.1939375 0.5814644351464434
0 0.2415234375 0.6844246861924685 0.19592187500000002 0.6155857740585774
