0 0.70787 0.7820266666666666 0.15506 0.41797333333333336
0 0.78791 0.7295733333333334 0.08234000000000001 0.40096000000000004
0 0.9530000000000001 0.79752 0.094 0.40496000000000004
0 0.86673 0.8565866666666667 0.08178 0.2868266666666667
0 0.59663 0.7921333333333334 0.14158 0.39327999999999996
0 0.44234999999999997 0.76456 0.11242 0.4034666666666667
0 0.24477999999999997 0.7891999999999999 0.11016 0.36250666666666664
0 0.1104 0.7157466666666668 0.08932 0.44722666666666666
0 0.29527 0.8760533333333332 0.07502 0.18714666666666668
0 0.17276 0.8282133333333332 0.038520000000000006 0.08512
0 0.19216999999999998 0.8887999999999998 0.053899999999999997 0.17279999999999998
0 0.08242000000000001 0.7549733333333334 0.11376000000000001 0.33586666666666665
0 0.33052000000000004 0.8673599999999999 0.0256 0.1384
0 0.583 0.8426666666666667 0.654 0.30933333333333335
