0 0.99244 0.3600900900900901 0.0148 0.06600600600600601
0 0.40409000000000006 0.3460660660660661 0.023940000000000003 0.10786786786786787
0 0.312 0.37725225225225223 0.03 0.10585585585585586
0 0.8605600000000001 0.3577327327327327 0.029920000000000002 0.10561561561561562
0 0.15706 0.3514714714714715 0.0202 0.06906906906906907
0 0.5148100000000001 0.3654954954954955 0.013300000000000001 0.0554954954954955
0 0.37986000000000003 0.3524624624624625 0.0096 0.03717717717717718
0 0.83602 0.3645645645645646 0.020960000000000003 0.06378378378378378
0 0.27093 0.35578078078078074 0.01986 0.08261261261261262
0 0.59588 0.583033033033033 0.11896 0.5357957957957957
0 0.8837400000000001 0.34855855855855855 0.024480000000000002 0.09375375375375375
