0 0.4744765625 0.24625 0.075484375 0.140303738317757
0 0.8181015625000001 0.26019859813084106 0.038328125000000005 0.18296728971962617
0 0.42330468749999994 0.34690420560747665 0.062015625 0.36936915887850463
0 0.251609375 0.38102803738317753 0.10759375 0.4415420560747663
0 0.578546875 0.3173948598130841 0.09881250000000001 0.38086448598130834
0 0.8851171875000001 0.38908878504672895 0.105109375 0.4892523364485981
0 0.17754687500000002 0.38741822429906536 0.07103125 0.4113317757009346
0 0.3150234375 0.3030257009345794 0.062140625000000005 0.28268691588785044
0 0.5197109375000001 0.38420560747663546 0.10217187500000001 0.40789719626168225
0 0.7115859375000001 0.3415654205607476 0.073640625 0.3775233644859813
0 0.050015625 0.40219626168224293 0.07287500000000001 0.4448130841121495
0 0.1358359375 0.34728971962616817 0.049109375000000004 0.23626168224299066
0 0.51953125 0.5070093457943925 0.9171875 0.7570093457943925
