0 0.1763828125 0.9357294117647058 0.012296875 0.03828235294117647
0 0.20276562500000003 0.9406588235294118 0.01203125 0.027858823529411762
0 0.24143749999999997 0.948764705882353 0.01234375 0.014658823529411764
0 0.303890625 0.9489294117647057 0.009343750000000001 0.01508235294117647
0 0.24896874999999996 0.9484470588235294 0.0043437499999999995 0.012611764705882352
0 0.4585703125 0.9373764705882351 0.010734375 0.026423529411764703
0 0.1839375 0.9392352941176471 0.011437500000000001 0.028541176470588233
0 0.3246875 0.9498117647058824 0.00859375 0.013270588235294116
0 0.4485546875 0.9322941176470588 0.009859375 0.0408235294117647
0 0.8885703125 0.9467764705882352 0.013015625000000001 0.017741176470588232
0 0.9004609375000001 0.9452941176470587 0.012015625000000002 0.019435294117647058
0 0.25815625000000003 0.9455176470588234 0.01109375 0.017952941176470585
0 0.6507812500000001 0.9235294117647058 0.3640625 0.09647058823529411
