0 0.32696875000000003 0.7550625 0.19887500000000002 0.4674166666666667
0 0.80140625 0.8235937500000001 0.22415625000000003 0.33035416666666667
0 0.682296875 0.8651249999999999 0.13793750000000002 0.26975
0 0.8797890625000001 0.4896041666666666 0.240421875 0.3420416666666667
0 0.48454687500000004 0.7943854166666666 0.27134375 0.38877083333333334
0 0.89746875 0.7853958333333333 0.17359375 0.40675
0 0.1565625 0.8922083333333333 0.14859375 0.21558333333333335
0 0.044765625 0.78265625 0.08953125 0.39189583333333333
0 0.08474218750000001 0.7713541666666667 0.08592187500000001 0.4075833333333333
0 0.9635546875000002 0.9121354166666666 0.072890625 0.17572916666666666
0 0.9635468750000001 0.7209479166666666 0.07290624999999999 0.22614583333333332
