0 0.236765625 0.23639671361502348 0.2114375 0.4697887323943662
0 0.4777421875 0.14011737089201878 0.07142187500000001 0.28023474178403757
0 0.711703125 0.10467136150234743 0.02978125 0.1584037558685446
0 0.7810546875000001 0.12049295774647888 0.08095312500000001 0.2387323943661972
0 0.3998203125 0.10200704225352114 0.037234375 0.19016431924882632
0 0.021812500000000002 0.16471830985915495 0.043625000000000004 0.14258215962441315
0 0.946296875 0.11815727699530516 0.051437500000000004 0.23279342723004695
0 0.640234375 0.14757042253521127 0.03028125 0.05805164319248827
0 0.6709921875 0.15724178403755867 0.026828125000000005 0.04241784037558686
0 0.550609375 0.10565727699530517 0.03746875 0.17976525821596245
0 0.8427421875000001 0.12747652582159624 0.044484375 0.202981220657277
0 0.591984375 0.11048122065727699 0.029312500000000005 0.12950704225352114
0 0.9068046875000001 0.1311619718309859 0.08817187500000001 0.25194835680751176
0 0.5 0.15492957746478875 0.9968750000000001 0.3051643192488263
