0 0.55241 0.715225988700565 0.07629999999999999 0.39016949152542374
0 0.61334 0.75954802259887 0.06204 0.2966101694915254
0 0.8613500000000001 0.7480508474576272 0.10081999999999999 0.3355367231638418
0 0.27712000000000003 0.763093220338983 0.13096000000000002 0.2593502824858757
0 0.1367 0.7206073446327683 0.07472 0.3305367231638418
0 0.7296600000000001 0.7380790960451976 0.07112 0.3389265536723164
0 0.020550000000000002 0.6945762711864406 0.041100000000000005 0.29338983050847456
0 0.18954 0.7366101694915254 0.08544 0.3052542372881356
0 0.46168000000000003 0.773502824858757 0.08600000000000001 0.2598305084745763
0 0.33681 0.7890254237288136 0.04366 0.2193502824858757
