0 0.1304296875 0.44941048034934494 0.123078125 0.21646288209606987
0 0.8156171875 0.6041921397379912 0.036015625 0.14004366812227073
0 0.36414062500000005 0.34808951965065504 0.07709375000000002 0.43159388646288205
0 0.49578125000000006 0.3187772925764192 0.2641875 0.5485589519650655
0 0.5213125 0.46573144104803493 0.1161875 0.21696506550218342
0 0.2315703125 0.3831441048034934 0.10292187500000001 0.3707860262008733
0 0.8953359375000001 0.6652401746724891 0.093046875 0.2468122270742358
0 0.8739921875000001 0.5686681222707423 0.045703125000000004 0.06768558951965065
0 0.627578125 0.4812991266375546 0.18400000000000002 0.21220524017467246
0 0.9611875000000002 0.5928602620087337 0.02446875 0.05397379912663755
0 0.947296875 0.6088318777292576 0.057375 0.1338646288209607
0 0.044773437500000006 0.29798034934497813 0.046640625000000005 0.5113318777292576
