0 0.7237265625 0.7020023419203747 0.030953124999999998 0.12943793911007026
0 0.600125 0.677400468384075 0.028781250000000005 0.10632318501170959
0 0.33949218750000004 0.6601053864168619 0.021984375 0.0890632318501171
0 0.3210234375 0.6597306791569088 0.018171875 0.08770491803278689
0 0.309234375 0.6585245901639344 0.011500000000000002 0.08552693208430914
0 0.29771875000000003 0.6607259953161594 0.014624999999999999 0.07920374707259953
0 0.2861875 0.6580093676814988 0.014937500000000001 0.08524590163934426
0 0.14134375000000002 0.6541334894613583 0.02103125 0.0797423887587822
0 0.27507031249999997 0.646615925058548 0.015953125000000002 0.06995316159250586
0 0.26355468750000005 0.6107025761124122 0.013578125 0.050023419203747074
0 0.74571875 0.6604215456674473 0.0104375 0.057704918032786885
0 0.7322578125000001 0.6423419203747073 0.009140625 0.02426229508196721
0 0.2571484375 0.5988173302107728 0.012140625 0.05594847775175644
0 0.42890625000000004 0.5702576112412178 0.6234375000000001 0.2646370023419204
