0 0.52773 0.43819407008086253 0.5585800000000001 0.7640431266846361
0 0.19559 0.4053638814016172 0.32162 0.6089487870619946
0 0.18239 0.6352830188679246 0.1375 0.1601078167115903
0 0.51614 0.23087601078167116 0.37528 0.46175202156334233
0 0.88601 0.43819407008086253 0.22798 0.5932614555256065
0 0.96775 0.6364420485175203 0.0645 0.20037735849056607
0 0.09315000000000001 0.35567385444743943 0.18630000000000002 0.7113477088948789
0 0.85264 0.2663881401617251 0.28296 0.5326145552560647
0 0.31501 0.2364824797843666 0.17882 0.46169811320754717
0 0.12756 0.06629380053908356 0.25512 0.1325876010781671
