0 0.46823437500000004 0.4936979166666667 0.27768750000000003 0.5684791666666666
0 0.5757500000000001 0.26407291666666666 0.068375 0.13464583333333333
0 0.8308437500000001 0.19610416666666666 0.05081250000000001 0.08687500000000001
0 0.7652890625 0.24535416666666668 0.045015625000000004 0.134875
0 0.2906953125 0.2485729166666667 0.026734375 0.03135416666666667
0 0.2118203125 0.26636458333333335 0.029890625 0.034312499999999996
0 0.8349140625000001 0.11184375 0.020390625000000002 0.0871875
0 0.26103125 0.2501979166666667 0.029687500000000002 0.030645833333333334
0 0.22995312499999998 0.26029166666666664 0.02890625 0.030166666666666668
0 0.9238203125000001 0.41451041666666666 0.15170312500000002 0.09922916666666667
0 0.6326796875 0.20467708333333334 0.074046875 0.06272916666666667
0 0.28066406250000003 0.20754166666666668 0.024046875000000002 0.0235
