0 0.29320312499999995 0.3249166666666667 0.038125 0.15566666666666668
0 0.10625781249999999 0.3280416666666667 0.041640625 0.24208333333333334
0 0.41617187499999997 0.3002916666666667 0.025625 0.11841666666666668
0 0.4598671875 0.29454166666666665 0.015484375000000002 0.10652777777777779
0 0.6303906250000001 0.2894583333333333 0.01221875 0.036194444444444446
0 0.523859375 0.2719722222222222 0.01228125 0.0295
0 0.4904609375000001 0.28775 0.015953125000000002 0.06405555555555556
0 0.23826562500000004 0.254125 0.02371875 0.05408333333333333
0 0.9599453125 0.4907777777777778 0.08010937500000001 0.36638888888888893
0 0.33580468750000003 0.3050277777777778 0.030734375000000005 0.08711111111111111
0 0.66471875 0.4422638888888889 0.15078125 0.29391666666666666
0 0.5897109375 0.29944444444444446 0.016796875 0.06266666666666666
0 0.8997734375 0.3290138888888889 0.020265625000000002 0.09541666666666668
0 0.34218750000000003 0.28611111111111115 0.603125 0.17222222222222222
