0 0.5842421875 0.6604166666666667 0.154796875 0.531125
0 0.6987812500000001 0.39614583333333336 0.09209375 0.33695833333333336
0 0.9630468750000001 0.20877083333333335 0.0679375 0.22233333333333333
0 0.6647968750000001 0.12679166666666666 0.046062500000000006 0.174
0 0.363296875 0.15205208333333334 0.044375 0.18056250000000001
0 0.20857812500000003 0.34848958333333335 0.08371875000000001 0.3093125
0 0.23489843749999997 0.8728541666666667 0.46645312499999997 0.23041666666666666
0 0.5923125 0.061 0.018125 0.028125
0 0.06989062500000001 0.16398958333333333 0.048375 0.19452083333333334
0 0.9711171875 0.0804375 0.041140625 0.11770833333333333
0 0.2431796875 0.20446875 0.058484375000000005 0.22547916666666667
0 0.01371875 0.16842708333333334 0.0274375 0.1987708333333333
0 0.3217421875 0.09753125 0.027046874999999998 0.0445625
0 0.49921875000000004 0.04479166666666667 0.9984375000000001 0.08958333333333333
