0 0.4115546875 0.5752810304449649 0.031484375 0.06742388758782202
0 0.9744140625000001 0.5207728337236535 0.012828125000000003 0.054051522248243555
0 0.45239062500000005 0.5782669789227166 0.025343749999999998 0.07259953161592506
0 0.4952734375000001 0.546311475409836 0.013671875 0.04044496487119438
0 0.9946406250000002 0.5206674473067916 0.010375 0.052810304449648716
0 0.2443984375 0.5186651053864169 0.004796875 0.01784543325526932
0 0.1875078125 0.5147072599531616 0.007640625 0.024355971896955503
0 0.9312343749999998 0.5385128805620609 0.0220625 0.06878220140515223
0 0.22980468750000005 0.519192037470726 0.006234375 0.01918032786885246
0 0.9799765625000001 0.5189110070257612 0.004984375 0.04414519906323185
