0 0.258953125 0.8068149882903981 0.10956250000000001 0.27400468384074944
0 0.69640625 0.2515456674473068 0.061375000000000006 0.09822014051522247
0 0.9334296875000002 0.26898126463700234 0.074046875 0.14742388758782202
0 0.8065937500000001 0.19436768149882905 0.02815625 0.1265807962529274
0 0.7615703125 0.22031615925058548 0.053390625000000004 0.08765807962529273
0 0.03615625 0.26820843091334895 0.032375 0.06353629976580796
0 0.2572109375 0.2083255269320843 0.026640625 0.11257611241217799
0 0.29824218750000003 0.2190281030444965 0.033234375000000003 0.09796252927400469
0 0.0493828125 0.2532786885245901 0.017109375 0.049274004683840744
0 0.60659375 0.11779859484777516 0.023281250000000003 0.02875878220140515
0 0.38453906250000003 0.1230679156908665 0.028546875 0.02313817330210773
0 0.34211718750000003 0.1273302107728337 0.026828125000000005 0.02262295081967213
0 0.39279687500000005 0.0864871194379391 0.01503125 0.027540983606557375
0 0.5 0.13934426229508196 0.9968750000000001 0.2786885245901639
