0 0.030090000000000002 0.30630239520958086 0.051140000000000005 0.15991017964071857
0 0.51984 0.16278443113772456 0.037 0.07646706586826348
0 0.64943 0.14022455089820357 0.04786 0.09949101796407185
0 0.58287 0.6857634730538922 0.30458 0.309311377245509
0 0.92147 0.6612574850299402 0.15706 0.6774850299401198
0 0.9305 0.20700598802395212 0.053880000000000004 0.13035928143712575
0 0.0884 0.21652694610778442 0.0442 0.13041916167664672
0 0.35702999999999996 0.5065868263473053 0.3019 0.74437125748503
0 0.7384200000000001 0.229311377245509 0.08488 0.2021556886227545
0 0.5802099999999999 0.2384730538922156 0.059340000000000004 0.14526946107784433
0 0.77076 0.16468562874251497 0.05604 0.16116766467065868
0 0.6508700000000001 0.5213323353293413 0.2175 0.6532634730538922
0 0.39055 0.17130239520958085 0.03558 0.09236526946107786
0 0.508 0.24251497005988026 0.976 0.3293413173652695
