0 0.7914453125 0.7292974238875878 0.123640625 0.5414051522248243
0 0.05840625000000001 0.6152927400468384 0.07700000000000001 0.3841686182669789
0 0.1411875 0.6177400468384076 0.06065625 0.28531615925058545
0 0.2067890625 0.6227400468384074 0.05170312500000001 0.17737704918032784
0 0.8098515625000001 0.6793325526932084 0.145921875 0.6336533957845433
0 0.09531250000000001 0.6283489461358314 0.0574375 0.35398126463700236
0 0.19350781250000001 0.5681030444964872 0.015390625 0.05985948477751756
0 0.1163125 0.6632669789227167 0.023781250000000004 0.14391100702576112
0 0.15634375 0.6401990632318502 0.03846875 0.2091569086651054
0 0.017867187500000003 0.5994730679156909 0.035734375000000006 0.2226463700234192
