0 0.68406 0.894322766570605 0.05112 0.12207492795389048
0 0.65951 0.8955763688760807 0.033460000000000004 0.05282420749279538
0 0.7282200000000001 0.6084726224783861 0.02672 0.07896253602305475
0 0.66312 0.5506195965417867 0.02048 0.06348703170028819
0 0.6721400000000001 0.5913688760806916 0.01688 0.05968299711815562
0 0.57505 0.526613832853026 0.01882 0.06066282420749279
0 0.5335200000000001 0.5326512968299711 0.01488 0.05878962536023054
0 0.6154799999999999 0.4966570605187319 0.01336 0.05141210374639769
0 0.5418299999999999 0.39162824207492797 0.0171 0.04048991354466859
0 0.40656000000000003 0.3805907780979827 0.01208 0.048213256484149855
0 0.7222 0.3422622478386167 0.01256 0.03472622478386167
0 0.461 0.3216138328530259 0.019960000000000002 0.03717579250720461
0 0.43068 0.4232420749279539 0.02572 0.03403458213256484
0 0.486 0.24063400576368874 0.58 0.3832853025936599
