2 0.35700000000000004 0.7580520833333333 0.03678125 0.03772916666666667
0 0.4176875 0.7288229166666668 0.0495 0.15922916666666667
0 0.12221875 0.8098333333333333 0.062406249999999996 0.206
0 0.7263984375 0.7404479166666667 0.31348437500000004 0.48314583333333333
0 0.4567578125 0.7319374999999999 0.039640625000000006 0.152625
0 0.9498828125000002 0.7118958333333334 0.041609375000000004 0.154875
0 0.2778671875 0.6970729166666667 0.021953125000000004 0.0720625
0 0.06508593750000001 0.6809166666666666 0.030671875 0.06104166666666667
0 0.5231484375000001 0.6659791666666667 0.007265625000000001 0.011083333333333334
0 0.5797187500000001 0.69246875 0.031187500000000003 0.09127083333333334
0 0.333078125 0.6860520833333333 0.0221875 0.0725625
0 0.6006640625 0.7071875000000001 0.014015625000000002 0.05508333333333334
0 0.2187578125 0.8407083333333334 0.126890625 0.3174166666666667
0 0.24875 0.71290625 0.02053125 0.13435416666666666
0 0.49921875000000004 0.4302083333333333 0.9984375000000001 0.8229166666666666
