0 0.199546875 0.7980796252927401 0.04681250000000001 0.16594847775175645
0 0.129328125 0.7212880562060889 0.06746875000000001 0.10112412177985948
0 0.1620859375 0.8199414519906323 0.051234375 0.13229508196721312
0 0.28742187500000005 0.6660187353629977 0.047531250000000004 0.06543325526932084
0 0.34090625 0.6736533957845434 0.0349375 0.07578454332552693
0 0.08306250000000001 0.7522833723653396 0.04953125 0.08484777517564403
0 0.282109375 0.7504215456674473 0.0414375 0.128384074941452
0 0.23133593749999998 0.6958196721311476 0.049640625 0.12836065573770492
0 0.029898437500000003 0.7821662763466043 0.059796875000000006 0.07875878220140516
0 0.32148437500000004 0.29066744730679156 0.04046875 0.181943793911007
0 0.39227343750000004 0.6915456674473068 0.035109375 0.07175644028103044
