0 0.3547734375 0.7067395833333333 0.203921875 0.5865208333333333
0 0.5823046875 0.6771562499999999 0.183703125 0.5146041666666666
0 0.72303125 0.6078645833333333 0.11796875000000001 0.33035416666666667
0 0.8191171875000001 0.6055416666666666 0.135296875 0.2764583333333333
0 0.8955234375000001 0.5807083333333334 0.11998437500000002 0.26995833333333336
0 0.1984296875 0.6547083333333333 0.18160937500000002 0.6592083333333334
0 0.9505703125 0.64565625 0.09885937500000001 0.3265208333333333
0 0.046765625000000005 0.5401354166666666 0.0799375 0.28935416666666663
0 0.5684140624999999 0.4234583333333333 0.170203125 0.16629166666666664
0 0.7654140625000001 0.48294791666666664 0.04195312500000001 0.07160416666666666
0 0.45964843749999995 0.5675416666666667 0.096171875 0.22208333333333333
