0 0.6897890625 0.13849731663685153 0.052390625 0.08432915921288014
0 0.1698984375 0.44368515205724507 0.339796875 0.5573524150268336
0 0.10597656250000001 0.25347048300536673 0.21195312500000002 0.3105903398926655
0 0.9112031250000001 0.3707871198568873 0.17759375 0.44493738819320217
0 0.25192968750000005 0.16245974955277281 0.094328125 0.13536672629695887
0 0.5734609375 0.577531305903399 0.748515625 0.8449373881932022
0 0.8672656250000002 0.21466010733452595 0.08459375000000001 0.18681574239713775
0 0.7397812500000001 0.12878354203935602 0.057875 0.07731663685152057
0 0.6458281250000001 0.10848837209302326 0.06321875 0.06130590339892666
0 0.36121093750000005 0.590339892665474 0.493859375 0.7943828264758498
0 0.6113828125 0.28372987477638645 0.134453125 0.31479427549194994
0 0.32689062500000005 0.19975849731663683 0.1045 0.21118067978533095
0 0.8094453125 0.13337209302325584 0.07823437500000001 0.14194991055456171
0 0.4703125 0.2710196779964222 0.22812500000000002 0.33810375670840787
