2 0.376 0.5045733333333333 0.21108000000000002 0.27181333333333335
2 0.31135999999999997 0.06832 0.048799999999999996 0.13664
2 0.14961000000000002 0.19662666666666667 0.13269999999999998 0.11048
0 0.7778100000000001 0.09678666666666667 0.12642 0.19325333333333333
0 0.42098 0.12446666666666666 0.08548 0.20775999999999997
0 0.22055 0.12062666666666666 0.14382 0.22578666666666666
0 0.06758 0.12798666666666667 0.13516 0.25432
0 0.18085 0.0734 0.0813 0.1452
0 0.5354399999999999 0.08489333333333333 0.07748000000000001 0.16978666666666667
0 0.59216 0.07378666666666665 0.0332 0.14687999999999998
0 0.10788 0.07673333333333332 0.05072 0.15346666666666664
0 0.424 0.10997333333333334 0.15488 0.21994666666666668
0 0.9817400000000001 0.09438666666666667 0.0354 0.18877333333333335
0 0.9408500000000001 0.12046666666666665 0.1135 0.14936
0 0.6734800000000001 0.10334666666666667 0.08996 0.20669333333333334
0 0.9509500000000001 0.041986666666666665 0.07218000000000001 0.08397333333333333
