0 0.30378 0.5556133333333334 0.108 0.35944
0 0.20251 0.6031333333333333 0.07278 0.18482666666666667
0 0.21367000000000003 0.46874666666666664 0.0131 0.04554666666666666
0 0.09336 0.4604 0.01208 0.04837333333333333
0 0.06506 0.46584 0.00984 0.02565333333333333
0 0.04636 0.45498666666666665 0.01156 0.050453333333333336
0 0.05081 0.5819066666666667 0.02686 0.08535999999999999
0 0.14401 0.4974666666666666 0.01374 0.04069333333333333
0 0.41552 0.67048 0.08128 0.17359999999999998
0 0.2383 0.4304266666666666 0.010920000000000001 0.04085333333333333
0 0.17847 0.49322666666666665 0.01154 0.0272
0 0.01908 0.47477333333333327 0.012960000000000001 0.0528
0 0.08385999999999999 0.5741066666666667 0.025079999999999998 0.10064000000000001
0 0.419 0.3333333333333333 0.8180000000000001 0.6666666666666666
