0 0.06207812500000001 0.6168544600938967 0.12115625000000002 0.6808920187793427
0 0.11905468749999999 0.5796361502347418 0.099234375 0.5971596244131455
0 0.23632031250000002 0.6347417840375587 0.14910937500000002 0.729718309859155
0 0.350015625 0.6449413145539906 0.18846875000000002 0.6876291079812207
0 0.8975859374999999 0.4447769953051643 0.113390625 0.1374413145539906
0 0.029312500000000005 0.2857863849765258 0.02096875 0.0630281690140845
0 0.09535156250000001 0.26586854460093895 0.032046875 0.030751173708920186
0 0.23317187500000003 0.3542253521126761 0.027125 0.07896713615023475
0 0.15496875000000002 0.29030516431924885 0.018750000000000003 0.03413145539906103
0 0.0198359375 0.3039788732394366 0.015390625 0.09462441314553992
0 0.17021093750000002 0.6077230046948356 0.110890625 0.6190610328638498
0 0.039859375 0.2877816901408451 0.015437500000000002 0.04345070422535212
0 0.06225000000000001 0.27030516431924884 0.02096875 0.018826291079812207
0 0.1265625 0.42370892018779344 0.253125 0.3826291079812207
