0 0.45671875000000006 0.7332981220657276 0.0829375 0.15908450704225352
0 0.5115000000000001 0.6756924882629108 0.06975 0.11640845070422537
0 0.6593984375 0.8035093896713615 0.066421875 0.2766431924882629
0 0.765078125 0.7382042253521126 0.0543125 0.20838028169014083
0 0.23040625000000003 0.7470657276995305 0.054656249999999997 0.20769953051643195
0 0.0383828125 0.8017488262910799 0.07292187500000001 0.37561032863849764
0 0.9719531250000002 0.7231455399061033 0.053062500000000005 0.1755868544600939
0 0.093171875 0.6586737089201877 0.030375000000000003 0.07903755868544601
0 0.3355078125 0.709600938967136 0.025390625 0.12422535211267606
0 0.1108046875 0.7211737089201878 0.046578125 0.18591549295774648
0 0.35510937500000006 0.6984859154929578 0.02528125 0.13316901408450704
0 0.30121093750000005 0.7111737089201877 0.057734375000000004 0.1751643192488263
0 0.17344531250000003 0.6866431924882629 0.047203125000000005 0.1168075117370892
0 0.37890625 0.7136150234741784 0.5046875000000001 0.20187793427230047
