0 0.45012048192771087 0.47978 0.8325301204819276 0.6988800000000001
0 0.08582831325301205 0.67816 0.07394578313253013 0.099
0 0.21593373493975904 0.6798299999999999 0.07234939759036145 0.11181999999999999
0 0.2875451807228916 0.6880799999999999 0.0647289156626506 0.10056000000000001
0 0.3983734939759036 0.69249 0.05831325301204819 0.11162000000000001
0 0.949487951807229 0.70978 0.04746987951807229 0.02952
0 0.885225903614458 0.7394000000000001 0.017620481927710843 0.01616
0 0.5547740963855421 0.7301900000000001 0.024186746987951806 0.03722
0 0.601355421686747 0.73564 0.016506024096385543 0.023559999999999998
0 0.5804969879518073 0.73309 0.016174698795180725 0.02718
0 0.34757530120481933 0.7137 0.021234939759036144 0.032119999999999996
0 0.9421234939759038 0.7732600000000001 0.037198795180722895 0.020440000000000003
0 0.3110692771084338 0.71709 0.01563253012048193 0.0219
0 0.641566265060241 0.743 0.6867469879518072 0.09
