0 0.7773828125 0.573032786885246 0.15742187500000002 0.5752927400468384
0 0.534859375 0.579215456674473 0.13571875 0.5854098360655737
0 0.6902109375000001 0.49851288056206083 0.068453125 0.3687353629976581
0 0.907859375 0.552576112412178 0.10621875000000001 0.38079625292740044
0 0.034484375000000005 0.5876346604215457 0.06896875000000001 0.8202341920374707
0 0.217046875 0.48800936768149883 0.0749375 0.3204215456674473
0 0.09533593750000001 0.5737002341920374 0.070734375 0.2327400468384075
0 0.3969609375 0.6187002341920375 0.19739062500000001 0.6842388758782202
0 0.45234375000000004 0.36824355971896955 0.039781250000000004 0.04651053864168618
0 0.9753437500000001 0.4907728337236534 0.0493125 0.2532552693208431
0 0.2718984375 0.4771311475409836 0.06576562500000001 0.3118266978922717
0 0.30889062500000003 0.4279976580796253 0.042343750000000006 0.14850117096018733
0 0.754609375 0.34025761124121784 0.018843750000000003 0.0444496487119438
0 0.56015625 0.4496487119437939 0.8203125 0.234192037470726
