0 0.530421875 0.35741666666666666 0.0720625 0.20095833333333332
0 0.1986015625 0.43776041666666665 0.116234375 0.29414583333333333
0 0.6049140625 0.27134375 0.054984375 0.06402083333333333
0 0.4034765625000001 0.24684374999999997 0.042140625 0.13747916666666665
0 0.3359062500000001 0.24119791666666668 0.030437500000000003 0.14660416666666667
0 0.49401562499999996 0.20517708333333332 0.05084375 0.08931249999999999
0 0.8330390625 0.01640625 0.051140624999999995 0.0328125
0 0.059835937500000005 0.24606249999999996 0.065734375 0.15954166666666666
0 0.3639296875 0.2121875 0.036921875 0.08429166666666667
0 0.0182890625 0.28931250000000003 0.036578125 0.06966666666666665
0 0.6861640625000001 0.6337083333333333 0.163921875 0.4044583333333333
