0 0.83453 0.4008307210031348 0.02682 0.08755485893416927
0 0.91685 0.8044984326018808 0.07598 0.29213166144200625
0 0.558 0.5250783699059561 0.031760000000000004 0.13981191222570533
0 0.36488 0.36291536050156736 0.012920000000000001 0.0741692789968652
0 0.61406 0.5663322884012539 0.0332 0.17316614420062695
0 0.8206199999999999 0.47744514106583064 0.02912 0.1262382445141066
0 0.85028 0.5695297805642633 0.04604 0.1619435736677116
0 0.8893800000000002 0.6222884012539185 0.06288 0.18100313479623825
0 0.72414 0.6049686520376175 0.051320000000000005 0.1952037617554859
0 0.4869 0.4236050156739812 0.03624 0.09115987460815046
0 0.7826000000000001 0.46369905956112845 0.03444 0.13924764890282132
0 0.95557 0.6381191222570533 0.0887 0.20852664576802507
0 0.80164 0.6004075235109717 0.0458 0.18545454545454543
0 0.561 0.4184952978056426 0.634 0.54858934169279
