0 0.11376562500000001 0.50225 0.19718750000000002 0.42470833333333335
0 0.6303359375 0.45393750000000005 0.165171875 0.5348333333333334
0 0.8011328125000001 0.48498958333333336 0.197265625 0.5507708333333333
0 0.28671093750000004 0.38378125 0.21020312500000002 0.3609791666666667
0 0.48942968750000004 0.20801041666666667 0.048390625 0.14727083333333332
0 0.946609375 0.2606041666666667 0.065 0.24708333333333332
0 0.3979765625 0.2630520833333333 0.08404687500000001 0.2208125
0 0.28675781250000004 0.19777083333333334 0.072046875 0.1115
0 0.0320234375 0.5527604166666666 0.064046875 0.12414583333333334
0 0.5589296875 0.41956249999999995 0.11676562500000001 0.360875
0 0.8987421874999999 0.31744791666666666 0.10329687500000001 0.2709375
0 0.2420078125 0.19451041666666666 0.058390625 0.1349375
0 0.8686171874999999 0.19043749999999998 0.052140624999999996 0.11016666666666668
