0 0.39263281250000004 0.6454479166666667 0.092640625 0.5146458333333334
0 0.3082734375 0.6069791666666667 0.048984375000000004 0.5945833333333332
0 0.5426953125 0.61925 0.11798437500000002 0.609
0 0.5125078125 0.5962812500000001 0.05460937500000001 0.29627083333333337
0 0.46964843750000007 0.6599375 0.092296875 0.48404166666666665
0 0.5046484375000001 0.439 0.040546875 0.053375
0 0.47411718750000004 0.4354375 0.033796875 0.06229166666666666
0 0.37514843750000004 0.44783333333333336 0.022359375 0.0685
0 0.3273828125 0.6488645833333333 0.057828125 0.4906458333333333
0 0.65371875 0.6303541666666667 0.0491875 0.53775
0 0.5201015625000001 0.42241666666666666 0.047859375 0.068375
0 0.35864843750000003 0.45872916666666663 0.029234375000000003 0.08566666666666665
