0 0.36682812500000006 0.4855971896955504 0.02525 0.05189695550351288
0 0.2461640625 0.7957728337236533 0.06526562500000001 0.11543325526932084
0 0.32420312500000004 0.9771311475409836 0.20643750000000002 0.04573770491803279
0 0.9303593750000001 0.8376697892271663 0.01740625 0.0734192037470726
0 0.29753125 0.4999531615925059 0.06771875000000001 0.06037470725995316
0 0.523828125 0.5678220140515222 0.0224375 0.051569086651053864
0 0.44140625 0.5403278688524591 0.01209375 0.0438407494145199
0 0.6209765625000001 0.932142857142857 0.09310937500000001 0.13529274004683842
0 0.42263281249999995 0.5297892271662763 0.010640625 0.05199063231850117
0 0.5365625 0.9276346604215456 0.061875000000000006 0.14473067915690865
0 0.3390546875 0.5191334894613584 0.012484375 0.019250585480093677
0 0.404484375 0.5219789227166276 0.01246875 0.04878220140515222
0 0.49453125000000003 0.572599531615925 0.4859375 0.18969555035128804
