0 0.8088984375000001 0.4982014388489208 0.034484375000000005 0.10258992805755396
0 0.64978125 0.4446762589928057 0.021375 0.07717026378896882
0 0.6880703125000001 0.5422661870503597 0.045234375 0.19565947242206236
0 0.5489999999999999 0.45635491606714623 0.02584375 0.13491606714628296
0 0.5258984375 0.4467985611510791 0.026640625 0.13964028776978415
0 0.7180859375000002 0.4197002398081534 0.016140625000000002 0.052685851318944835
0 0.8025078125 0.41044364508393283 0.016890625000000003 0.032350119904076734
0 0.6166640624999999 0.4271103117505995 0.021734375 0.07604316546762589
0 0.5732500000000001 0.3994364508393285 0.0038125 0.021654676258992804
0 0.6079296875 0.4112589928057554 0.0064218750000000005 0.04851318944844125
0 0.622578125 0.4282494004796163 0.0025312500000000005 0.018848920863309353
0 0.9301796875000001 0.43754196642685844 0.017484375 0.021750599520383693
