0 0.251078125 0.6314241164241166 0.20221875 0.7107484407484408
0 0.484796875 0.630114345114345 0.16162500000000002 0.7397713097713098
0 0.6109765625 0.6534303534303534 0.160921875 0.6931392931392931
0 0.33823437500000003 0.7027546777546777 0.14440625 0.47873180873180876
0 0.9599609375 0.6395738045738046 0.024828125000000003 0.029168399168399167
0 0.899640625 0.649064449064449 0.022343750000000002 0.03746361746361746
0 0.9312421875000001 0.6167983367983368 0.017953125 0.03513513513513514
0 0.9131484375 0.6145738045738045 0.015734375000000002 0.025072765072765076
0 0.9399296875000002 0.6358108108108109 0.012421875 0.01706860706860707
0 0.9521875 0.5822765072765073 0.019500000000000003 0.030083160083160088
