0 0.47226 0.54184 0.08904000000000001 0.19402666666666668
0 0.61833 0.6112533333333333 0.07466 0.19322666666666663
0 0.7537100000000001 0.5612666666666666 0.0665 0.20738666666666664
0 0.75028 0.9208 0.08632 0.15839999999999999
0 0.19597 0.18354666666666666 0.06858 0.15797333333333333
0 0.51905 0.18029333333333333 0.02054 0.038560000000000004
0 0.93035 0.09579999999999998 0.020260000000000004 0.03762666666666666
0 0.8378500000000001 0.05625333333333333 0.0265 0.05949333333333333
0 0.6598299999999999 0.14952 0.033100000000000004 0.12042666666666665
0 0.5207999999999999 0.15845333333333333 0.0182 0.0408
0 0.95455 0.09797333333333333 0.0261 0.03813333333333333
0 0.36359 0.13702666666666666 0.03422 0.06674666666666666
0 0.8958200000000001 0.045253333333333326 0.02672 0.07664
0 0.5650000000000001 0.14133333333333334 0.85 0.2826666666666667
