0 0.35528906250000003 0.4094166666666667 0.042265625 0.18708333333333332
0 0.256125 0.4102708333333333 0.08206250000000001 0.167625
0 0.211390625 0.41159375 0.040375 0.17285416666666667
0 0.9093593750000001 0.32617708333333334 0.05184375 0.10552083333333333
0 0.23971874999999998 0.29746875 0.019468750000000003 0.027479166666666666
0 0.15571093749999998 0.3508854166666666 0.024484375000000003 0.0949375
0 0.11053125000000003 0.3358333333333333 0.0206875 0.05954166666666666
0 0.1726640625 0.3521458333333333 0.017484375 0.09704166666666666
0 0.20701562500000004 0.345125 0.0276875 0.07304166666666667
0 0.09400781250000001 0.32837500000000003 0.017328125 0.0385
0 0.28652343750000003 0.3532708333333333 0.028890625 0.11016666666666668
0 0.37385156250000007 0.3326458333333333 0.014703125000000001 0.039625
0 0.38958593750000003 0.39727083333333335 0.026734375 0.1765
0 0.20078125000000002 0.32916666666666666 0.27968750000000003 0.075
