2 0.45408593750000004 0.7246948356807512 0.22367187500000002 0.5283568075117371
2 0.34702343750000003 0.8258333333333332 0.167515625 0.32584507042253524
0 0.652109375 0.4717018779342723 0.21000000000000002 0.9434037558685446
0 0.39215625000000004 0.27981220657276995 0.0325 0.16821596244131454
0 0.373609375 0.2811150234741784 0.028062500000000004 0.1685680751173709
0 0.3393125 0.2796948356807512 0.03409375 0.15370892018779345
0 0.171265625 0.49550469483568077 0.33656250000000004 0.9820422535211268
0 0.304703125 0.28605633802816904 0.028062500000000004 0.15737089201877935
0 0.467609375 0.2929929577464789 0.030343750000000003 0.06246478873239437
0 0.5881640625000001 0.3204929577464789 0.076171875 0.3423474178403756
0 0.6080156250000001 0.2649413145539906 0.018875000000000003 0.10589201877934272
0 0.31884375000000004 0.23572769953051645 0.0131875 0.02976525821596244
0 0.8431640625000001 0.4975 0.311203125 0.995
0 0.198328125 0.20757042253521127 0.24440625 0.40781690140845067
