0 0.5367109375 0.4798430962343096 0.029265625000000003 0.10876569037656904
0 0.56234375 0.4699895397489539 0.018125 0.09219665271966526
0 0.597171875 0.4595188284518828 0.02734375 0.08769874476987448
0 0.621265625 0.4667573221757322 0.021687500000000002 0.09292887029288703
0 0.6396015625 0.47115062761506266 0.017390625000000003 0.08163179916317992
0 0.6569921875000001 0.48308577405857733 0.023953125000000002 0.12069037656903764
0 0.6772109375 0.47611924686192464 0.018921875 0.09320083682008366
0 0.702546875 0.467928870292887 0.022156250000000002 0.09874476987447699
0 0.5754140625 0.48083682008368195 0.017828125 0.1116317991631799
0 0.72221875 0.4854707112970711 0.01878125 0.11190376569037656
0 0.7776328125 0.47771966527196646 0.024078125000000002 0.09234309623430961
0 0.8836171875000001 0.4699372384937238 0.024578125000000003 0.08711297071129706
0 0.24393750000000003 0.510428870292887 0.047468750000000004 0.19897489539748953
0 0.4578125 0.4728033472803347 0.75 0.13807531380753138
