0 0.3248125 0.5518648018648019 0.09178125000000001 0.3785547785547786
0 0.473078125 0.35540792540792543 0.06878125 0.23403263403263405
0 0.257078125 0.5188111888111888 0.03540625 0.1437762237762238
0 0.9155312499999999 0.4838811188811189 0.00665625 0.040349650349650344
0 0.5917890625000001 0.40332167832167826 0.079515625 0.3437062937062937
0 0.227453125 0.5236013986013986 0.030125000000000002 0.1617948717948718
0 0.9474765625 0.4831468531468532 0.018078125 0.058414918414918415
0 0.784 0.4828088578088578 0.013750000000000002 0.05344988344988345
0 0.8153437500000001 0.4892424242424243 0.0136875 0.06216783216783217
0 0.292734375 0.4425641025641026 0.008 0.018648018648018648
0 0.97490625 0.48144522144522145 0.01221875 0.06722610722610722
0 0.9620624999999999 0.4890442890442891 0.0134375 0.05184149184149184
0 0.9329453125000001 0.48916083916083913 0.008546875 0.033846153846153845
0 0.42890625000000004 0.4172494172494173 0.31093750000000003 0.3356643356643357
