0 0.49028125000000006 0.3345625 0.016 0.03875
0 0.48009375 0.34896875000000005 0.01903125 0.04552083333333334
0 0.48955468750000003 0.3728020833333333 0.021921875 0.047562499999999994
0 0.5509375 0.3863020833333334 0.023125000000000003 0.07264583333333333
0 0.510140625 0.36471875 0.017906250000000002 0.052520833333333336
0 0.5415390625000001 0.4088541666666667 0.021015625 0.03195833333333333
0 0.5946015625 0.40604166666666663 0.019578125000000002 0.031041666666666665
0 0.6138750000000001 0.41008333333333336 0.017499999999999998 0.02295833333333333
0 0.5051484375 0.4137395833333333 0.026015625 0.050229166666666665
0 0.49333593750000004 0.3947291666666667 0.022765625 0.03558333333333333
0 0.6193515625 0.40927083333333336 0.004859375 0.014041666666666668
0 0.44273437500000007 0.6470625 0.04665625 0.059208333333333335
0 0.443875 0.35672916666666665 0.015468750000000002 0.06991666666666667
