0 0.2750546875 0.684264705882353 0.028640625 0.03147058823529412
0 0.559421875 0.7217769607843137 0.027218750000000003 0.09213235294117647
0 0.49193749999999997 0.7118995098039217 0.025968750000000002 0.08875
0 0.612640625 0.6921446078431372 0.0249375 0.06649509803921569
0 0.3528125 0.7079901960784314 0.03703125 0.09745098039215686
0 0.19880468750000002 0.7280147058823528 0.035953125 0.11338235294117646
0 0.3925234375 0.6958946078431372 0.016828125 0.08129901960784314
0 0.30410156250000003 0.695 0.019234375 0.0826470588235294
0 0.365234375 0.6995343137254902 0.012 0.07627450980392157
0 0.566484375 0.6996691176470587 0.007531250000000001 0.02144607843137255
0 0.32508593750000003 0.6992156862745097 0.019296875 0.08960784313725491
