0 0.6138551401869159 0.6489843750000001 0.4047663551401869 0.58165625
0 0.3429672897196262 0.6986484375 0.3347663551401869 0.21942187500000002
0 0.23072429906542055 0.560796875 0.13635514018691589 0.24190625
0 0.1612032710280374 0.46989843750000004 0.06712616822429907 0.11854687500000001
0 0.8804906542056075 0.440765625 0.06411214953271027 0.11246875
0 0.4651168224299065 0.3954921875 0.01855140186915888 0.020828125000000003
0 0.8163084112149532 0.436046875 0.0514018691588785 0.10834375000000002
0 0.06779205607476635 0.5459609375 0.06876168224299065 0.076640625
0 0.2029556074766355 0.43884375000000003 0.03432242990654205 0.080875
0 0.7163551401869159 0.41869531249999997 0.04630841121495327 0.047109375
0 0.7788785046728972 0.44214062500000006 0.0555607476635514 0.10903125000000001
0 0.44349299065420555 0.4380625 0.037546728971962616 0.100875
0 0.8210981308411215 0.39021875 0.033457943925233644 0.02640625
0 0.49883177570093457 0.5242187500000001 0.9976635514018691 0.3671875
