0 0.2472734375 0.5037002341920375 0.132546875 0.6671662763466042
0 0.4833046875 0.5192974238875878 0.13317187500000002 0.5147540983606558
0 0.35302343750000004 0.4405386416861827 0.067703125 0.22407494145199064
0 0.017617187500000003 0.3993793911007026 0.035234375000000005 0.21955503512880561
0 0.113796875 0.4332552693208431 0.02978125 0.1233255269320843
0 0.12617187500000002 0.429192037470726 0.019343750000000003 0.127423887587822
0 0.14479687500000002 0.43355971896955503 0.0236875 0.1219672131147541
0 0.1751953125 0.4375995316159251 0.033546875 0.14044496487119437
0 0.19911718750000001 0.4167447306791569 0.021296875000000003 0.11241217798594848
0 0.6886171875 0.5012997658079625 0.11589062500000001 0.5355737704918033
0 0.19071875000000002 0.43103044496487114 0.017781250000000002 0.1070257611241218
0 0.036687500000000005 0.577552693208431 0.07278125 0.13918032786885245
