0 0.2393046875 0.3511150234741784 0.10117187500000001 0.23279342723004695
0 0.457125 0.33656103286384975 0.041656250000000006 0.17800469483568074
0 0.29519531250000003 0.2848591549295775 0.049671875000000004 0.09685446009389671
0 0.6082578125000001 0.2971713615023474 0.029453125000000004 0.08307511737089202
0 0.6415156250000001 0.2977699530516432 0.0335 0.08323943661971832
0 0.6830078125000001 0.30721830985915494 0.018296875 0.09030516431924883
0 0.7045234375 0.3119953051643192 0.025203125 0.10098591549295775
0 0.35232812500000005 0.32160798122065726 0.03375 0.1378638497652582
0 0.3862734375 0.3455516431924883 0.045265625000000004 0.1930281690140845
0 0.14882031250000002 0.3196361502347418 0.073296875 0.14166666666666666
0 0.7355703125 0.3101643192488263 0.035046875 0.10962441314553992
0 0.8351796875 0.3320657276995305 0.050359375 0.14859154929577464
0 0.60703125 0.357981220657277 0.7390625000000001 0.2323943661971831
