0 0.7147734375000001 0.5873756218905473 0.088796875 0.4400746268656716
0 0.13548437500000002 0.591504975124378 0.04975 0.18092039800995025
0 0.6193203125000001 0.6107960199004975 0.029453125000000004 0.12970149253731345
0 0.6444531250000001 0.6129477611940298 0.029031249999999998 0.12067164179104477
0 0.6679140625 0.6166293532338308 0.021765625 0.11609452736318408
0 0.775109375 0.6409203980099504 0.021656250000000002 0.06810945273631841
0 0.7559140625 0.6409701492537314 0.029734375000000004 0.07049751243781094
0 0.7957109375 0.6527363184079601 0.021578125000000004 0.04701492537313432
0 0.8166953125000002 0.642325870646766 0.026515625 0.06932835820895522
0 0.9832109375 0.6241915422885572 0.033578125 0.14982587064676617
0 0.9579375000000001 0.6243159203980099 0.03390625 0.14166666666666666
0 0.5400234374999999 0.6029850746268657 0.018234375 0.06840796019900497
0 0.895140625 0.6513432835820895 0.02296875 0.06731343283582089
0 0.47890625000000003 0.6119402985074627 0.9546875 0.17412935323383083
