0 0.6833281250000001 0.7375833333333333 0.11884375000000001 0.2592083333333333
0 0.63646875 0.42853125 0.047531250000000004 0.11577083333333334
0 0.5719765625000001 0.4130833333333333 0.045703125000000004 0.10408333333333333
0 0.4410546875 0.37759374999999995 0.07760937500000001 0.11502083333333334
0 0.3913125 0.38159374999999995 0.030343750000000003 0.09647916666666667
0 0.33475781250000003 0.36646875 0.054203125 0.10002083333333332
0 0.491828125 0.39629166666666665 0.0486875 0.11129166666666666
0 0.8688203125 0.77640625 0.085953125 0.18652083333333333
0 0.766375 0.442 0.05656250000000001 0.12841666666666668
0 0.6069687500000001 0.4207395833333333 0.03903125 0.1063125
0 0.675765625 0.4358229166666667 0.043187500000000004 0.11322916666666667
0 0.7157187500000001 0.44259375000000006 0.054062500000000006 0.11389583333333334
0 0.9510390625 0.9423437499999999 0.077890625 0.11410416666666667
0 0.5 0.3072916666666667 0.9968750000000001 0.6104166666666666
