0 0.8873281250000002 0.2919583333333333 0.11625000000000002 0.45249999999999996
0 0.8509453125 0.3820833333333333 0.083890625 0.14733333333333332
0 0.6112890625 0.37256249999999996 0.09385937500000001 0.16120833333333331
0 0.3798359375 0.3601354166666667 0.091703125 0.15552083333333333
0 0.2502578125 0.39557291666666666 0.063765625 0.07352083333333333
0 0.84803125 0.6898854166666666 0.3039375 0.4943958333333333
0 0.25565625000000003 0.7238229166666666 0.29025 0.5099375
0 0.569640625 0.7752395833333333 0.2686875 0.31314583333333335
0 0.328 0.39359374999999996 0.05071875000000001 0.07502083333333333
0 0.6923984375000001 0.40175 0.08426562500000001 0.110125
