0 0.5049765625 0.8397892271662765 0.039484375 0.11878220140515222
0 0.43844531249999996 0.8929976580796253 0.042265625 0.0814519906323185
0 0.6627031250000001 0.8025761124121781 0.05562500000000001 0.09648711943793911
0 0.8367031250000001 0.928559718969555 0.04675000000000001 0.13014051522248243
0 0.8754296875 0.8989812646370023 0.042328125 0.09749414519906324
0 0.8746718750000002 0.9526112412177986 0.03109375 0.09477751756440281
0 0.905671875 0.9379274004683841 0.032531250000000005 0.12414519906323185
0 0.12017968750000002 0.9466861826697892 0.06260937500000001 0.07777517564402811
0 0.2048046875 0.8235245901639344 0.036765625 0.1601639344262295
0 0.1355625 0.772248243559719 0.015062500000000001 0.047119437939110075
0 0.153125 0.8232318501170961 0.023281250000000003 0.14220140515222482
0 0.17542187500000003 0.814519906323185 0.0338125 0.1152224824355972
0 0.2821875 0.8090866510538642 0.03284375 0.1387353629976581
0 0.46796875000000004 0.7283372365339579 0.9328125 0.5386416861826698
