0 0.37394160583941605 0.22376562500000002 0.03600973236009733 0.039218750000000004
0 0.3308029197080292 0.23426562499999998 0.0527007299270073 0.05871875
0 0.48459854014598536 0.24917187500000001 0.07226277372262774 0.076625
0 0.28052311435523114 0.213734375 0.03822384428223845 0.03646875
0 0.290985401459854 0.2363046875 0.03734793187347932 0.06035937500000001
0 0.22813868613138688 0.23798437500000003 0.06776155717761558 0.05712500000000001
0 0.4749270072992701 0.190796875 0.02411192214111922 0.026218750000000002
0 0.5064233576642335 0.1903828125 0.031386861313868614 0.03673437500000001
0 0.567323600973236 0.18887500000000002 0.030413625304136254 0.03846875
0 0.01635036496350365 0.24225781250000003 0.0327007299270073 0.039328125000000005
0 0.07088807785888078 0.26551562500000003 0.09048661800486618 0.09825
0 0.4488929440389295 0.2219296875 0.028686131386861314 0.036328125
