2 0.643390625 0.8201620947630922 0.22384375 0.14226932668329176
2 0.5625625000000001 0.7376309226932669 0.12531250000000002 0.2709725685785536
2 0.507609375 0.6989650872817954 0.049468750000000006 0.28830423940149624
2 0.8631640625 0.7630049875311722 0.159734375 0.13179551122194513
2 0.9349609375000001 0.7339027431421447 0.13007812500000002 0.31758104738154613
2 0.478609375 0.7616832917705736 0.080625 0.15748129675810474
2 0.373828125 0.7476309226932668 0.0830625 0.10788029925187032
0 0.08996875 0.5310847880299252 0.044625 0.12092269326683291
0 0.20282031250000002 0.4749251870324189 0.060953125 0.12241895261845387
0 0.4385 0.5057730673316708 0.026562500000000003 0.09633416458852868
0 0.31690625000000006 0.5224688279301746 0.010906250000000001 0.03680798004987531
