0 0.6720937500000002 0.4906188605108055 0.3106875 0.38524557956777994
0 0.765109375 0.20126719056974457 0.05303125 0.10772102161100196
0 0.8751484375 0.09798624754420432 0.035203125 0.09471512770137525
0 0.8020859375000001 0.0994204322200393 0.051953125 0.09263261296660116
0 0.8139140625 0.19525540275049116 0.05695312500000001 0.1143614931237721
0 0.6602578125000002 0.11583497053045184 0.053421875 0.08609037328094302
0 0.5707890625 0.10698428290766207 0.016984375 0.03601178781925343
0 0.5768515625 0.16013752455795677 0.044046875000000006 0.0505697445972495
0 0.1973828125 0.22874263261296657 0.045203125000000004 0.07049115913555992
0 0.5254453124999999 0.1629273084479371 0.05360937500000001 0.09214145383104125
0 0.5106328125 0.06448919449901769 0.048890625 0.098762278978389
0 0.7489687500000001 0.11889980353634576 0.0505625 0.09096267190569743
0 0.43896875 0.09077603143418467 0.036187500000000004 0.05833005893909626
0 0.40859375000000003 0.20726915520628683 0.8140625 0.3791748526522593
