0 0.92496 0.9263704819277109 0.07728 0.14725903614457833
0 0.97929 0.9549096385542168 0.03778 0.08861445783132531
0 0.97587 0.9171084337349399 0.04122 0.09897590361445784
0 0.9884499999999999 0.9081475903614458 0.023100000000000002 0.12653614457831325
0 0.39541 0.9244728915662651 0.054939999999999996 0.10280120481927713
0 0.95679 0.9095481927710845 0.02278 0.08319277108433736
0 0.63968 0.8920180722891566 0.062200000000000005 0.03957831325301205
0 0.40562000000000004 0.8689307228915664 0.01852 0.04213855421686747
0 0.24922 0.8907981927710844 0.01632 0.036656626506024095
0 0.15886000000000003 0.883855421686747 0.012 0.02457831325301205
0 0.21436000000000002 0.8960993975903615 0.009000000000000001 0.04177710843373494
