2 0.9029609375000001 0.47481132075471694 0.059109375 0.16731132075471697
0 0.539140625 0.6430542452830188 0.16525 0.7138915094339622
0 0.156703125 0.497877358490566 0.3103125 0.9812735849056603
0 0.28147656249999997 0.5913325471698113 0.135484375 0.8089858490566038
0 0.718203125 0.3870754716981132 0.04125 0.09339622641509433
0 0.563734375 0.37628537735849055 0.03615625 0.19917452830188678
0 0.44311718750000006 0.2738679245283019 0.047390625 0.09877358490566038
0 0.548734375 0.28005896226415095 0.0335625 0.04257075471698113
0 0.6034140625000001 0.3461202830188679 0.032921875 0.15422169811320754
0 0.3228125 0.31312500000000004 0.03440625 0.10813679245283019
0 0.073359375 0.38919811320754716 0.033781250000000006 0.14033018867924527
0 0.6547578125000001 0.45246462264150944 0.094640625 0.43374999999999997
0 0.06035937499999999 0.3786792452830189 0.06715625 0.13433962264150942
0 0.034796875 0.35742924528301884 0.023406250000000003 0.10216981132075471
0 0.35781250000000003 0.4410377358490566 0.7125 0.5
