0 0.20770312500000002 0.6276250000000001 0.02590625 0.12620833333333334
0 0.4193125 0.6067395833333333 0.032875 0.1179375
0 0.9215937500000001 0.6787083333333334 0.10978125000000001 0.2439583333333333
0 0.9642343750000001 0.59884375 0.03840625 0.09372916666666667
0 0.682671875 0.6021979166666667 0.037437500000000005 0.08960416666666667
0 0.06578125 0.64790625 0.035875000000000004 0.15181250000000002
0 0.269765625 0.5579583333333333 0.015593750000000002 0.03875
0 0.6603359375000001 0.5789791666666666 0.023671875000000002 0.05345833333333333
0 0.6450312500000001 0.5613229166666667 0.0173125 0.06447916666666667
0 0.7577578125 0.5444479166666666 0.010546875 0.03964583333333334
0 0.22126562500000002 0.6039687499999999 0.01503125 0.0791875
0 0.7106875 0.6061145833333333 0.03359375 0.11022916666666666
0 0.503125 0.5989583333333334 0.9906250000000001 0.16875
