0 0.52471875 0.687640625 0.18203125 0.5168437499999999
0 0.28495312500000003 0.433234375 0.10187500000000001 0.40253125
0 0.77753125 0.05170312500000001 0.0571875 0.10340625000000002
0 0.39403906250000004 0.023140625 0.031515625000000005 0.030968750000000003
0 0.13707812500000002 0.42471875000000003 0.17978125 0.62021875
0 0.7651640625 0.6797734375000001 0.289890625 0.5640468750000001
0 0.532859375 0.18609375 0.08765625 0.066625
0 0.5105546875 0.14770312500000002 0.15070312500000002 0.13325
0 0.5738984375 0.1380390625 0.080203125 0.163359375
0 0.8801718749999999 0.1990390625 0.06171875 0.135953125
0 0.352890625 0.46878906249999996 0.11540625 0.366796875
0 0.658859375 0.1079609375 0.08653125 0.106765625
