0 0.32865625000000004 0.06291666666666666 0.12471874999999999 0.12583333333333332
0 0.95253125 0.11207291666666667 0.09493750000000001 0.22414583333333335
0 0.19213281250000003 0.18089583333333334 0.168546875 0.3617916666666667
0 0.634078125 0.05688541666666667 0.060906249999999995 0.11377083333333333
0 0.821921875 0.053281249999999995 0.0705 0.10606249999999999
0 0.060664062500000004 0.3728333333333333 0.12132812500000001 0.4077083333333333
0 0.891671875 0.02345833333333333 0.057406250000000006 0.04691666666666666
0 0.25550781250000004 0.06227083333333333 0.037765625000000004 0.12454166666666666
0 0.066375 0.11935416666666666 0.13118749999999998 0.23870833333333333
0 0.536359375 0.09075 0.11368750000000001 0.1815
