0 0.41335937500000003 0.6685411764705882 0.4924375000000001 0.6629176470588235
0 0.3569375 0.6269176470588235 0.0905625 0.5128941176470587
0 0.13721875 0.6051176470588235 0.09871875000000001 0.28463529411764704
0 0.04292968750000001 0.6207294117647059 0.040671875 0.13670588235294118
0 0.7690234375 0.6540117647058823 0.12257812500000001 0.4109882352941176
0 0.858734375 0.6246117647058822 0.040843750000000005 0.17374117647058823
0 0.9183906250000002 0.6312235294117646 0.03771875 0.16508235294117646
0 0.6522890625 0.6064823529411764 0.028578125 0.10759999999999999
0 0.67525 0.6218117647058823 0.03796875 0.10974117647058823
0 0.649359375 0.6921294117647059 0.051062500000000004 0.12496470588235292
0 0.23066406250000002 0.589035294117647 0.019984375 0.08705882352941176
0 0.8072890625 0.6281882352941176 0.037140625000000003 0.16536470588235294
0 0.97171875 0.6443764705882352 0.031531250000000004 0.15788235294117645
0 0.48281250000000003 0.6411764705882352 0.9656250000000001 0.23764705882352938
