0 0.571671875 0.5369895833333334 0.1579375 0.3295208333333333
0 0.101421875 0.38687499999999997 0.082 0.2655416666666667
0 0.7058125 0.3428645833333333 0.03578125 0.14022916666666668
0 0.1411328125 0.39032291666666663 0.035703125 0.20952083333333332
0 0.189 0.37693750000000004 0.03540625 0.16425
0 0.2082734375 0.33098958333333334 0.024390625 0.09677083333333333
0 0.3972265625 0.33005208333333336 0.027359375000000005 0.1063125
0 0.369421875 0.32361458333333337 0.02115625 0.07756249999999999
0 0.8751640625000001 0.35818749999999994 0.034484375000000005 0.14183333333333334
0 0.041429687500000006 0.41984375 0.059046875 0.1839375
0 0.0656484375 0.3835104166666667 0.043140625 0.21377083333333333
0 0.6745312500000001 0.34963541666666664 0.031375 0.1413125
0 0.16125781250000001 0.35556249999999995 0.037015625 0.14883333333333332
0 0.48750000000000004 0.3875 0.9750000000000001 0.25
