0 0.35746875000000006 0.6064871194379392 0.27015625000000004 0.7651053864168618
0 0.6626796875000001 0.627248243559719 0.26448437500000005 0.7207259953161592
0 0.6699765625 0.1979156908665105 0.100765625 0.24459016393442623
0 0.15431250000000002 0.6417213114754098 0.2723125 0.5804918032786885
0 0.0653046875 0.17399297423887589 0.130515625 0.34798594847775177
0 0.46928125 0.14156908665105386 0.05096875 0.27414519906323187
0 0.583984375 0.19607728337236532 0.10884375 0.27988290398126464
0 0.18349218750000001 0.1827166276346604 0.138265625 0.36140515222482433
0 0.7702968750000001 0.14285714285714285 0.12303125 0.2857142857142857
0 0.5373203125 0.14665105386416863 0.09726562500000001 0.2859953161592506
0 0.42615625 0.14731850117096018 0.0906875 0.28817330210772835
0 0.6347343750000001 0.059274004683840746 0.054781250000000004 0.09662763466042154
