0 0.5039433551198258 0.534484375 0.731677559912854 0.7730312500000001
0 0.872690631808279 0.5084609375 0.1889542483660131 0.453828125
0 0.9711546840958608 0.3036015625 0.057603485838779965 0.09807812500000002
0 0.8622222222222223 0.28580468750000004 0.027755991285403053 0.046734375
0 0.8848257080610022 0.2846484375 0.03714596949891068 0.034859375
0 0.7802505446623095 0.30497656250000005 0.03030501089324619 0.065234375
0 0.04700435729847495 0.32808593750000004 0.0940087145969499 0.139328125
0 0.10918300653594772 0.2996328125 0.03174291938997822 0.09557812500000001
0 0.34162309368191723 0.3808125 0.1175381263616558 0.09453125000000001
0 0.8237799564270152 0.30332812500000006 0.03522875816993465 0.07906250000000001
0 0.03702614379084968 0.264078125 0.07405228758169936 0.043875
