0 0.287265625 0.6591764705882351 0.13878125 0.6629176470588235
0 0.4302109375 0.6518117647058822 0.11692187500000001 0.6591529411764705
0 0.48652343750000004 0.6787882352941176 0.076765625 0.6424235294117646
0 0.5886328125000001 0.6536705882352941 0.179078125 0.6659764705882353
0 0.690921875 0.6404470588235294 0.24771875 0.6921411764705883
0 0.7505234375000001 0.49298823529411756 0.051078125 0.16047058823529411
0 0.5124765625 0.40585882352941177 0.04245312500000001 0.17388235294117646
0 0.1546640625 0.5378941176470587 0.025765625 0.11475294117647059
0 0.208890625 0.5650470588235293 0.022125000000000002 0.14731764705882353
0 0.1873515625 0.5408352941176471 0.022859375 0.10599999999999998
0 0.027242187500000004 0.5421882352941175 0.026578125000000005 0.11035294117647057
