0 0.218671875 0.7681041666666667 0.045750000000000006 0.228625
0 0.3950390625 0.7421875 0.061765625000000005 0.12087500000000001
0 0.5372734375 0.7420416666666667 0.031953125 0.1435
0 0.5801328125 0.7491458333333334 0.040546875 0.13904166666666665
0 0.7044296875000001 0.7716770833333334 0.059328125 0.21089583333333334
0 0.82484375 0.7787604166666666 0.06425 0.22339583333333335
0 0.7324296875 0.71875 0.036796875 0.10795833333333334
0 0.2801640625 0.6914895833333332 0.008640625 0.0221875
0 0.45877343750000005 0.75484375 0.044046875000000006 0.1516875
0 0.6428984375 0.7014166666666667 0.023796875000000002 0.06658333333333333
0 0.6542109375 0.72015625 0.012734375000000001 0.05352083333333334
0 0.883796875 0.7253854166666667 0.045625 0.11839583333333333
0 0.6748046875 0.7146979166666667 0.019203125 0.07864583333333333
0 0.53359375 0.7010416666666667 0.5078125 0.13125
