0 0.24769791666666668 0.7360546875 0.0758125 0.12476562499999999
0 0.09337499999999999 0.755515625 0.07533333333333332 0.07775
0 0.20347916666666666 0.6604609375000001 0.0205 0.015546875
0 0.17527083333333332 0.6393671875000001 0.015958333333333335 0.018859375
0 0.15841666666666668 0.6541875 0.021083333333333332 0.02846875
0 0.5839270833333332 0.6561328125 0.019604166666666666 0.015515625
0 0.6548854166666667 0.6537890625 0.027520833333333335 0.017421875
0 0.8656458333333333 0.6833203125000001 0.035458333333333335 0.059890625
0 0.8271458333333332 0.6466796875 0.013291666666666667 0.009953125
0 0.40625 0.9140625 0.1875 0.1484375
0 0.9017916666666667 0.9370937500000001 0.19641666666666666 0.1258125
0 0.02704166666666667 0.742515625 0.048916666666666664 0.10687500000000001
