2 0.02659375 0.7086462093862815 0.05125 0.10725631768953069
0 0.7542968750000001 0.2246750902527076 0.022031250000000002 0.0504332129963899
0 0.8713125 0.23595667870036102 0.023406250000000003 0.03732851985559567
0 0.8241562499999999 0.23366425992779782 0.0169375 0.03664259927797834
0 0.7303359375 0.224115523465704 0.023828125000000002 0.052779783393501804
0 0.0913203125 0.536245487364621 0.049109375000000004 0.347870036101083
0 0.5080625000000001 0.08489169675090254 0.0210625 0.0692057761732852
0 0.2378515625 0.08671480144404332 0.029234375000000003 0.05855595667870036
0 0.6104140625000001 0.08684115523465705 0.027953125000000002 0.07382671480144404
0 0.047468750000000004 0.07944043321299639 0.03478125000000001 0.05823104693140794
0 0.3257421875 0.0282129963898917 0.023265625 0.0564259927797834
0 0.350390625 0.030180505415162453 0.026250000000000002 0.057472924187725635
0 0.5275625 0.08942238267148014 0.018468750000000003 0.07068592057761733
0 0.8400000000000001 0.2275270758122744 0.021812500000000002 0.0523826714801444
0 0.52890625 0.14981949458483754 0.9390625 0.2996389891696751
