2 0.77425 0.6909080188679245 0.28775 0.593938679245283
0 0.5706015625 0.648879716981132 0.194703125 0.45639150943396223
0 0.42724218750000004 0.737747641509434 0.09998437500000001 0.40181603773584906
0 0.32453906250000003 0.6707193396226414 0.10895312500000001 0.1707311320754717
0 0.25467968750000003 0.7437617924528303 0.146671875 0.3219103773584906
0 0.122171875 0.7657900943396226 0.155375 0.39181603773584905
0 0.26417968750000004 0.47955188679245275 0.10904687500000002 0.40971698113207544
0 0.3922890625 0.40524764150943393 0.15035937500000002 0.3842688679245283
0 0.8850703124999999 0.5269693396226415 0.099734375 0.460683962264151
0 0.36940625 0.6335731132075472 0.06281250000000001 0.13209905660377358
2 0.46271093750000003 0.7916981132075471 0.16785937500000003 0.2847641509433962
0 0.05314062500000001 0.8148584905660377 0.10575000000000001 0.3206132075471698
0 0.7446484375000001 0.3513797169811321 0.09992187500000001 0.31327830188679245
0 0.7121328125000002 0.2901179245283019 0.039953125000000006 0.16084905660377358
0 0.4933125 0.3721816037735849 0.0590625 0.33620283018867925
0 0.5199453125 0.42821933962264147 0.079546875 0.278938679245283
0 0.8835937500000001 0.5153301886792453 0.22968750000000002 0.7523584905660377
