0 0.059953124999999996 0.6538372093023255 0.0336875 0.20051162790697674
0 0.8167890625 0.54 0.022828125 0.028465116279069766
0 0.9291484375000002 0.5386744186046512 0.016234375000000002 0.035348837209302326
0 0.906890625 0.5291860465116279 0.017687500000000002 0.02413953488372093
0 0.40478125000000004 0.5495 0.04653125 0.10876744186046512
0 0.8041015625000001 0.5432790697674419 0.011953125000000002 0.027116279069767442
0 0.8770859375000001 0.545046511627907 0.016390625000000002 0.03790697674418605
0 0.9773046875000001 0.5238837209302326 0.011265625000000001 0.014837209302325582
0 0.9421718750000001 0.5337093023255813 0.01490625 0.035093023255813954
0 0.7804765625000001 0.5409418604651163 0.016578125 0.04044186046511628
0 0.018093750000000002 0.6804302325581395 0.033781250000000006 0.17504651162790696
0 0.9538515625000001 0.5272674418604651 0.008640625 0.014348837209302325
0 0.7072265625 0.6192441860465115 0.021234375 0.039046511627906975
