0 0.2021484375 0.6430093676814989 0.31229687500000003 0.598384074941452
0 0.496375 0.5477634660421545 0.240375 0.5366978922716628
0 0.8775546875000002 0.44419203747072594 0.032640625 0.09339578454332553
0 0.3448125 0.435632318501171 0.0693125 0.24587822014051522
0 0.21361718750000003 0.3192974238875878 0.031234374999999998 0.06210772833723653
0 0.1533984375 0.3058430913348946 0.082578125 0.08925058548009368
0 0.6279375 0.5363231850117096 0.08490625000000002 0.3839812646370024
0 0.8120390624999999 0.641814988290398 0.310734375 0.6339812646370023
0 0.8563906250000001 0.3318969555035129 0.06428125 0.09400468384074942
0 0.8893984375000001 0.3494730679156908 0.048078125 0.10850117096018735
0 0.4166406250000001 0.46514051522248245 0.08478125 0.37313817330210775
0 0.30437500000000006 0.3009250585480094 0.051937500000000004 0.11964871194379392
0 0.9410390625000002 0.36640515222482434 0.07835937500000001 0.2457377049180328
0 0.46640625 0.5199063231850117 0.9328125 0.468384074941452
