2 0.81565625 0.5195882352941177 0.295125 0.6727294117647059
0 0.6774921875000001 0.4089882352941176 0.092515625 0.6472
0 0.527515625 0.3966352941176471 0.24025 0.7887529411764705
0 0.3953125 0.33094117647058824 0.15634375 0.6547294117647058
0 0.318296875 0.32407058823529405 0.150625 0.640470588235294
0 0.100203125 0.30630588235294115 0.14059375000000002 0.6013647058823529
0 0.0299140625 0.2984235294117647 0.059828125 0.5855999999999999
0 0.19671875000000003 0.13214117647058823 0.05706250000000001 0.2627764705882353
0 0.9135390624999999 0.12314117647058823 0.044984375 0.0656235294117647
0 0.8461484375 0.1660235294117647 0.032046875 0.13430588235294116
0 0.7577890625000001 0.15430588235294115 0.038203125000000004 0.05637647058823529
