0 0.72205 0.559003164556962 0.16506 0.3951582278481013
0 0.48588 0.48645569620253165 0.15796000000000002 0.4474050632911392
0 0.38495000000000007 0.20765822784810128 0.04482 0.2993037974683544
0 0.78989 0.20806962025316456 0.08018000000000002 0.26056962025316455
0 0.08982000000000001 0.1629905063291139 0.03896 0.1462341772151899
0 0.49281 0.23259493670886075 0.1051 0.18202531645569622
0 0.20496 0.12332278481012658 0.020800000000000003 0.02708860759493671
0 0.04911 0.1565348101265823 0.04414 0.17117088607594938
0 0.42734000000000005 0.16628164556962025 0.07096 0.1464873417721519
0 0.35835000000000006 0.2552056962025317 0.05526 0.36693037974683546
0 0.16263 0.20919303797468355 0.05038 0.12477848101265822
0 0.32039 0.20397151898734175 0.045020000000000004 0.11180379746835442
0 0.12349 0.1778639240506329 0.03682 0.12275316455696202
0 0.254 0.2974683544303797 0.396 0.5189873417721519
