0 0.55787 0.5895199999999999 0.7719 0.79776
0 0.48493 0.9657466666666665 0.09590000000000001 0.06712
0 0.09991 0.9609866666666667 0.12638 0.07802666666666667
0 0.47459000000000007 0.5361466666666667 0.16474000000000003 0.34242666666666666
0 0.27561 0.5429333333333334 0.07018 0.11477333333333332
0 0.13632 0.39343999999999996 0.057159999999999996 0.11050666666666666
0 0.25203000000000003 0.31610666666666665 0.05394 0.10538666666666667
0 0.11196 0.26012 0.024239999999999998 0.03901333333333334
0 0.08957000000000001 0.2482133333333333 0.02834 0.0536
0 0.16441 0.5737066666666667 0.05182 0.11797333333333333
