0 0.44743749999999993 0.8704456824512535 0.0219375 0.12395543175487465
0 0.4824765625 0.6768802228412256 0.009203125 0.042395543175487466
0 0.5513906250000001 0.7632451253481894 0.014374999999999999 0.07033426183844012
0 0.5680078125000001 0.8296518105849583 0.018140625 0.1001949860724234
0 0.5212656250000001 0.6590389972144847 0.00821875 0.025821727019498607
0 0.5181250000000001 0.7101114206128134 0.013625000000000002 0.05008356545961003
0 0.45964843749999995 0.8130222841225627 0.016109375000000002 0.07306406685236769
0 0.570390625 0.9494289693593314 0.0214375 0.0696657381615599
0 0.6092734375000001 0.8571448467966574 0.012109375 0.08286908077994429
0 0.42425000000000007 0.8949025069637883 0.02065625 0.12685236768802227
0 0.6122265625000001 0.9416295264623956 0.028234375000000003 0.11100278551532033
0 0.5120859375 0.7754596100278551 0.015515625 0.07008356545961003
0 0.5495156250000001 0.9627715877437326 0.033625 0.07445682451253482
0 0.54921875 0.7827298050139275 0.2390625 0.41225626740947074
