0 0.5333437500000001 0.34104705882352937 0.16678125 0.5004470588235294
0 0.25370312500000003 0.5701411764705882 0.09646875 0.4632
0 0.0857265625 0.6103529411764704 0.11451562500000001 0.42479999999999996
0 0.16746093750000002 0.5604 0.096046875 0.4205176470588235
0 0.029726562499999998 0.5947294117647058 0.059453124999999996 0.41082352941176464
0 0.08542187500000001 0.41072941176470584 0.08171875 0.13199999999999998
0 0.295296875 0.3904588235294117 0.039343750000000004 0.06265882352941175
0 0.9470859375 0.4259529411764705 0.057984375000000005 0.2214117647058823
0 0.11017187499999999 0.38538823529411764 0.03703125 0.07435294117647058
0 0.3129140625 0.43157647058823523 0.045640625000000004 0.14842352941176468
0 0.64934375 0.3259176470588235 0.024375 0.056823529411764696
0 0.21834375000000003 0.3835176470588235 0.0373125 0.08487058823529411
0 0.3707734375 0.33474117647058815 0.029421875 0.04872941176470588
0 0.6484375 0.448235294117647 0.7000000000000001 0.36470588235294116
