0 0.5504609375 0.6846361502347418 0.027765625000000002 0.10241784037558686
0 0.689875 0.6866079812206572 0.02409375 0.0965492957746479
0 0.7617265625 0.6833333333333333 0.018515625 0.1056338028169014
0 0.47246875 0.6813967136150235 0.02921875 0.15246478873239439
0 0.2876640625 0.6634859154929578 0.023765625000000002 0.06133802816901408
0 0.30157812500000003 0.2481807511737089 0.1275 0.2009154929577465
0 0.4455156250000001 0.6852347417840375 0.02490625 0.10455399061032863
0 0.582390625 0.6809859154929578 0.029718750000000002 0.08624413145539907
0 0.0533671875 0.7012441314553991 0.047234375 0.11051643192488263
0 0.6266328125 0.7042136150234742 0.025765625 0.065
0 0.6539375000000001 0.7005868544600938 0.02640625 0.07183098591549296
0 0.084609375 0.7028521126760564 0.034281250000000006 0.09758215962441315
0 0.8640625000000001 0.6854460093896714 0.26875 0.14084507042253522
