0 0.288421875 0.6549048913043478 0.0313125 0.04741847826086956
0 0.53940625 0.6694701086956522 0.01334375 0.02122282608695652
0 0.5965546875000001 0.688953804347826 0.019140625 0.03154891304347826
0 0.9636718750000001 0.6855027173913044 0.026312500000000003 0.030842391304347825
0 0.7641484375 0.6208423913043478 0.016640625000000003 0.025163043478260868
0 0.8544375000000001 0.7605163043478261 0.06896875000000001 0.13043478260869565
0 0.11225000000000002 0.6927717391304348 0.02434375 0.03875
0 0.433453125 0.658695652173913 0.02034375 0.03233695652173913
0 0.48935937500000004 0.6624864130434782 0.019218750000000003 0.02997282608695652
0 0.44792968750000006 0.6620923913043477 0.015640625000000002 0.03130434782608695
0 0.719703125 0.6570516304347825 0.02978125 0.043016304347826086
