0 0.08636458333333333 0.6157421875000001 0.0598125 0.10926562500000002
0 0.31240625 0.5846640625 0.0301875 0.057671875
0 0.33763541666666663 0.5806015625 0.030104166666666664 0.065859375
0 0.6369375 0.6230625000000001 0.09629166666666666 0.16312500000000002
0 0.6933854166666666 0.5831015624999999 0.0741875 0.09814062500000001
0 0.9830729166666666 0.57903125 0.033854166666666664 0.0385625
0 0.9185729166666667 0.6035859375000001 0.029187499999999998 0.073859375
0 0.9639375 0.6282265625000001 0.072125 0.073671875
0 0.25077083333333333 0.5702109375000001 0.015041666666666667 0.019265625
0 0.8825833333333334 0.5966093750000001 0.06425 0.12490625
0 0.15514583333333337 0.58753125 0.021 0.04421875
0 0.12547916666666667 0.5872499999999999 0.021625000000000002 0.048656250000000005
0 0.1705 0.58409375 0.012833333333333334 0.031875
0 0.43333333333333335 0.6273437500000001 0.5125 0.13593750000000002
