0 0.70484375 0.7112676056338029 0.19281250000000003 0.4910328638497653
0 0.4209609375000001 0.4999178403755869 0.035734375000000006 0.19016431924882632
0 0.455984375 0.49626760563380284 0.050375 0.2108450704225352
0 0.5417421875 0.5130281690140845 0.039640625000000006 0.21338028169014087
0 0.5775859375000001 0.5047769953051643 0.044265625 0.2102112676056338
0 0.292921875 0.4806103286384977 0.03996875 0.20699530516431927
0 0.11015625000000001 0.5357276995305165 0.096875 0.15079812206572768
0 0.09946093750000001 0.43034037558685445 0.043359375000000006 0.15955399061032863
0 0.0377578125 0.47904929577464794 0.05076562500000001 0.24438967136150236
0 0.501515625 0.5062323943661972 0.0481875 0.19758215962441317
0 0.38414062500000007 0.4968544600938967 0.043812500000000004 0.18455399061032865
0 0.359125 0.49606807511737094 0.032875 0.17941314553990612
0 0.6634453124999999 0.4631924882629109 0.012765625000000001 0.019765258215962443
0 0.53828125 0.4812206572769953 0.6015625 0.14553990610328638
