0 0.2881328125 0.9065729166666666 0.036390625 0.15522916666666667
0 0.709828125 0.86628125 0.01515625 0.05964583333333333
0 0.7232890625 0.8581249999999999 0.012578125000000002 0.043875
0 0.3022265625 0.8585520833333333 0.015859375000000002 0.05985416666666667
0 0.2830546875 0.9576666666666667 0.026296874999999997 0.04745833333333334
0 0.10136718750000001 0.8326458333333332 0.004921875 0.025625000000000002
0 0.060351562500000004 0.8475729166666666 0.003484375 0.0203125
0 0.8290390625000001 0.841125 0.004734375 0.012791666666666666
0 0.19898437500000002 0.9147083333333333 0.03265625 0.14970833333333333
0 0.5094453125 0.8443124999999999 0.0038906250000000004 0.015875
0 0.0647421875 0.8450416666666667 0.006046875 0.023791666666666666
0 0.258359375 0.8366145833333334 0.0041875 0.020729166666666667
0 0.2275546875 0.8343020833333332 0.006265625 0.026354166666666668
0 0.36328125 0.8447916666666666 0.1171875 0.04791666666666666
