0 0.32481333333333334 0.54651 0.16189333333333333 0.45702
0 0.47182666666666667 0.5022300000000001 0.182 0.46762000000000004
0 0.1702 0.5546 0.33592 0.51076
0 0.7327999999999999 0.7112 0.48037333333333326 0.5690000000000001
0 0.9112000000000001 0.25471 0.08549333333333334 0.19782
0 0.33828 0.23575000000000002 0.11549333333333334 0.27222
0 0.49166666666666664 0.28004 0.09848 0.14096
0 0.7120133333333333 0.28536 0.14685333333333334 0.1034
0 0.9734133333333334 0.48695000000000005 0.053173333333333336 0.33258
0 0.01889333333333333 0.20489 0.03778666666666666 0.16794
0 0.56292 0.27308 0.09944 0.19263999999999998
0 0.18502666666666667 0.2558 0.018 0.05328
