0 0.8436953125000001 0.7705729166666666 0.027546875 0.08814583333333334
0 0.6298515625000001 0.7910625 0.041140625 0.11229166666666666
0 0.9413828125000001 0.7717812500000001 0.048390625 0.08064583333333333
0 0.398453125 0.7764270833333333 0.00878125 0.0378125
0 0.37674218750000005 0.7923645833333333 0.009046875000000001 0.03202083333333333
0 0.36648437500000003 0.7807395833333335 0.0205 0.043895833333333335
0 0.1851640625 0.77925 0.009296875000000001 0.036625
0 0.0831171875 0.7864375 0.008703125 0.03679166666666667
0 0.5740234375000001 0.7819583333333334 0.023953125000000002 0.068125
0 0.8190937500000001 0.7791145833333334 0.02953125 0.04789583333333333
0 0.1613203125 0.7781458333333334 0.018578125 0.04729166666666666
0 0.09428125 0.7851770833333334 0.011875 0.0379375
0 0.8835625 0.7786041666666667 0.008843750000000001 0.04675
0 0.7367187500000001 0.784375 0.3671875 0.08125
