0 0.5599765625 0.5391354166666666 0.6322968750000001 0.8991041666666666
0 0.08952343750000001 0.50609375 0.09889062500000001 0.2431458333333333
0 0.9508671875 0.7207916666666667 0.09685937500000001 0.5334583333333334
0 0.523421875 0.7444375 0.08821875000000001 0.3859583333333333
0 0.06684375000000001 0.48184374999999996 0.13368750000000001 0.32397916666666665
0 0.20546875 0.5954895833333332 0.13040625 0.3661875
0 0.16024218750000002 0.5770833333333333 0.135921875 0.43683333333333335
0 0.8729843750000001 0.6596979166666666 0.08340625000000002 0.39293750000000005
0 0.4148671875 0.5364062500000001 0.10539062500000002 0.2330625
0 0.7100625 0.5888020833333333 0.32543750000000005 0.5231458333333333
