0 0.961375 0.8595558739255015 0.07725 0.28088825214899715
0 0.4031640625 0.844942693409742 0.11029687500000002 0.28765042979942695
0 0.38810156250000005 0.808567335243553 0.140015625 0.35810888252149
0 0.7961953125000001 0.5992263610315186 0.30023437500000005 0.8015472779369628
0 0.9569765625 0.7707593123209169 0.084484375 0.33040114613180516
0 0.168875 0.6268338108882522 0.3265 0.7463323782234957
0 0.9045390625 0.7954727793696275 0.08101562500000001 0.39025787965616043
0 0.0533046875 0.7134813753581661 0.069859375 0.21796561604584525
0 0.0725234375 0.585730659025788 0.097671875 0.22320916905444127
0 0.9458828125000001 0.7 0.033671875000000004 0.13088825214899713
0 0.5514687500000001 0.5782091690544412 0.1883125 0.8188252148997134
0 0.32908593750000004 0.6970487106017191 0.039546875 0.14584527220630372
0 0.49375 0.7234957020057307 0.90625 0.5472779369627507
