0 0.20842968750000002 0.44736533957845437 0.329546875 0.6931381733021078
0 0.2986328125 0.45364168618266976 0.249140625 0.6759953161592506
0 0.539828125 0.3154566744730679 0.09731250000000001 0.39765807962529276
0 0.6571562500000001 0.27936768149882907 0.060687500000000005 0.2846370023419204
0 0.7060312500000001 0.28145199063231846 0.0548125 0.3012646370023419
0 0.9710859375 0.35330210772833726 0.057828125 0.20337236533957848
0 0.15784375 0.3501756440281031 0.1258125 0.5110304449648713
0 0.11919531250000003 0.07079625292740047 0.037484375 0.10112412177985948
0 0.47817968750000006 0.19002341920374707 0.051140624999999995 0.24093676814988288
0 0.5136406250000001 0.09563231850117096 0.053093749999999995 0.14517564402810304
0 0.5801328125 0.27159250585480094 0.049921875000000004 0.29517564402810303
0 0.9468671875000001 0.2981733021077283 0.066953125 0.17789227166276345
0 0.114796875 0.2444145199063232 0.060125 0.2735128805620609
0 0.49921875000000004 0.23185011709601874 0.9984375000000001 0.4637002341920375
