0 0.14553125 0.75484375 0.18459375 0.3970208333333333
0 0.2851953125 0.48983333333333334 0.11607812500000002 0.19804166666666667
0 0.361109375 0.503 0.06575 0.16549999999999998
0 0.420015625 0.4796354166666667 0.08290625000000001 0.24552083333333333
0 0.084359375 0.34927083333333336 0.06234375 0.12291666666666666
0 0.16990625 0.32448958333333333 0.057531250000000006 0.07727083333333334
0 0.45453125 0.3116041666666666 0.0490625 0.10354166666666667
0 0.7969843750000001 0.3552604166666667 0.04725 0.10935416666666667
0 0.6984218750000001 0.33566666666666667 0.04346875 0.07108333333333333
0 0.059476562499999996 0.14588541666666668 0.028921875000000003 0.05622916666666666
0 0.7107656250000001 0.29731250000000004 0.0426875 0.07733333333333332
0 0.6288671875 0.25734375 0.043953125 0.07835416666666667
0 0.49685937500000005 0.23296875 0.05159375000000001 0.0846875
0 0.5476562500000001 0.33958333333333335 0.7453125 0.17083333333333334
