0 0.6204375 0.5595000000000001 0.27441666666666664 0.4921562500000001
0 0.06518750000000001 0.35888281250000004 0.029666666666666668 0.047765625000000006
0 0.08948958333333334 0.3527265625 0.03260416666666667 0.05617187500000001
0 0.11753125000000002 0.3568671875 0.043145833333333335 0.043421875
0 0.16082291666666665 0.35266406250000004 0.04472916666666667 0.053421875
0 0.12255208333333334 0.323796875 0.0120625 0.018093750000000002
0 0.10579166666666667 0.32899218750000003 0.020625 0.024015625
0 0.20616666666666664 0.33239062500000005 0.02475 0.031718750000000004
0 0.07148958333333333 0.3332109375 0.024104166666666666 0.026265625
0 0.19198958333333332 0.3319375 0.021812500000000002 0.03878125
0 0.16991666666666666 0.3302421875 0.027583333333333335 0.030765625000000005
0 0.05433333333333334 0.33753906250000004 0.01954166666666667 0.030265625000000004
