0 0.019421875 0.4819895833333333 0.03884375 0.10585416666666667
0 0.7833593750000001 0.5747187500000001 0.05371875000000001 0.2361875
0 0.8801718749999999 0.6133124999999999 0.0481875 0.23966666666666667
0 0.7459531250000001 0.5716354166666666 0.040031250000000004 0.21497916666666667
0 0.832859375 0.6173020833333334 0.05771875 0.23472916666666666
0 0.1375859375 0.5281875 0.080546875 0.18791666666666668
0 0.9591328125 0.5371770833333332 0.047109375 0.22039583333333335
0 0.9755625000000001 0.44067708333333333 0.033875 0.07614583333333333
0 0.0781171875 0.5326041666666667 0.055546874999999996 0.16075
0 0.8977656249999999 0.48240625 0.04853125 0.17539583333333333
0 0.80371875 0.5031354166666666 0.04459375 0.13227083333333334
0 0.667625 0.19073958333333335 0.06409375 0.09197916666666667
0 0.078515625 0.6874270833333334 0.034125 0.035062499999999996
0 0.43671875000000004 0.3541666666666667 0.23593750000000002 0.4083333333333333
