0 0.225640625 0.5809016393442623 0.45128125 0.8157142857142857
0 0.6219921875000001 0.5684192037470726 0.463546875 0.862271662763466
0 0.9012109375 0.5270257611241218 0.19757812500000002 0.9211709601873536
0 0.5948828125000001 0.4114871194379391 0.140765625 0.35936768149882903
0 0.5097421875 0.4399063231850117 0.077296875 0.32421545667447305
0 0.46340625 0.5569906323185012 0.12515625 0.2403512880562061
0 0.4550078125000001 0.41875878220140517 0.048546875 0.11695550351288056
0 0.5752578125000001 0.37355971896955503 0.05248437500000001 0.13498829039812646
0 0.8653984375000001 0.29011709601873537 0.032671875 0.03662763466042155
0 0.1472578125 0.5450468384074941 0.27048437500000005 0.8446135831381733
0 0.9424218750000002 0.7270725995316158 0.113875 0.5458548009367682
