0 0.21561718750000003 0.31321596244131455 0.097671875 0.19413145539906104
0 0.1064921875 0.4181807511737089 0.101640625 0.45274647887323943
0 0.29225781250000005 0.3178873239436619 0.055265625 0.06769953051643193
0 0.839640625 0.22624413145539907 0.0305 0.07774647887323943
0 0.963265625 0.18109154929577465 0.009218750000000001 0.03016431924882629
0 0.29840625 0.21917840375586856 0.014249999999999999 0.05854460093896714
0 0.2712109375 0.2247417840375587 0.014734375000000001 0.05065727699530516
0 0.255171875 0.22896713615023473 0.022875000000000003 0.07455399061032865
0 0.236671875 0.2278169014084507 0.01634375 0.07014084507042254
0 0.892203125 0.21414319248826294 0.020375 0.09673708920187794
0 0.9031640625 0.18191314553990612 0.008640625 0.020164319248826293
