0 0.6847890625 0.5872287735849057 0.250828125 0.6074292452830189
0 0.848890625 0.504445754716981 0.06331250000000001 0.27441037735849055
0 0.116625 0.5040919811320755 0.034031250000000006 0.16214622641509432
0 0.0669375 0.5124882075471697 0.0279375 0.14007075471698113
0 0.559453125 0.5434080188679246 0.1025 0.19502358490566035
0 0.26451562500000003 0.5604245283018868 0.022031250000000002 0.048915094339622635
0 0.20090625000000004 0.5483608490566038 0.011687500000000002 0.050542452830188676
0 0.38742968750000006 0.5173938679245282 0.030453124999999998 0.12422169811320755
0 0.211046875 0.5464976415094339 0.017812500000000002 0.05162735849056604
0 0.7716953125 0.5473349056603773 0.029546875 0.10382075471698114
0 0.5381796875 0.37900943396226416 0.052359375 0.13084905660377358
0 0.09103125000000001 0.4890212264150944 0.027125 0.06610849056603774
0 0.3192109375 0.49090801886792446 0.094640625 0.3376650943396226
0 0.41953125 0.5518867924528301 0.8390625 0.15566037735849056
