0 0.534515625 0.6353512880562061 0.045875 0.183864168618267
0 0.560171875 0.6390281030444965 0.038437500000000006 0.19800936768149882
0 0.158640625 0.5702927400468384 0.022218750000000002 0.06030444964871194
0 0.6512265625 0.6571779859484778 0.045140625000000004 0.21468384074941452
0 0.197359375 0.5746370023419204 0.026781250000000003 0.11939110070257611
0 0.605984375 0.6491100702576112 0.05525 0.19531615925058549
0 0.0441953125 0.5339812646370024 0.015484375000000002 0.042810304449648715
0 0.006765625000000001 0.5287470725995316 0.013531250000000002 0.06405152224824356
0 0.035085937500000004 0.533864168618267 0.013046875 0.042903981264637
0 0.1275859375 0.5692740046838407 0.026078125000000004 0.0555503512880562
