0 0.8444531250000001 0.7742823529411764 0.2330625 0.45143529411764705
0 0.8314921875 0.41205882352941176 0.067484375 0.1615764705882353
0 0.7285390625 0.36842352941176465 0.061109375 0.09854117647058823
0 0.6711328125 0.3928705882352941 0.101609375 0.14729411764705883
0 0.46857031250000003 0.46067058823529405 0.143265625 0.24717647058823528
0 0.8629375 0.34163529411764704 0.04371875 0.10712941176470588
0 0.48522656250000007 0.7302117647058823 0.14389062500000002 0.5395764705882352
0 0.5437187499999999 0.5175529411764705 0.083875 0.34832941176470583
0 0.2397421875 0.5109647058823529 0.155296875 0.2604235294117647
0 0.061289062500000005 0.7810470588235293 0.12257812500000001 0.4338588235294117
0 0.9491953125000001 0.3550823529411764 0.06314062499999999 0.10931764705882352
0 0.8372187500000001 0.3781294117647059 0.09834375000000001 0.12661176470588234
