0 0.2044765625 0.6559812108559497 0.038421875 0.15354906054279746
0 0.25039062500000003 0.6458350730688935 0.05125 0.1712108559498956
0 0.2960859375 0.6348643006263046 0.014859375000000001 0.06267223382045928
0 0.9470859375 0.6403862212943631 0.034609375 0.11989561586638829
0 0.7537734375 0.5935073068893527 0.021203125000000003 0.07340292275574112
0 0.7164609375000001 0.5796242171189978 0.012796875 0.05883089770354905
0 0.897703125 0.6176304801670145 0.03868750000000001 0.09430062630480167
0 0.179015625 0.6550313152400834 0.023156250000000003 0.07444676409185802
0 0.8532187500000001 0.6199164926931106 0.04440625000000001 0.08296450939457202
0 0.701640625 0.5798121085594988 0.006750000000000001 0.033194154488517744
