0 0.11352564102564103 0.4795234375 0.1347863247863248 0.226421875
0 0.17258547008547012 0.56846875 0.17529914529914534 0.3106875
0 0.5530982905982907 0.7213125 0.04333333333333334 0.09671875
0 0.5109935897435898 0.7286640625 0.04143162393162394 0.080171875
0 0.4873504273504274 0.7267421875000001 0.023418803418803424 0.07773437500000001
0 0.7188034188034188 0.73803125 0.033504273504273506 0.09162500000000001
0 0.6299786324786326 0.4045 0.27042735042735044 0.17528125000000003
0 0.6873290598290599 0.70625 0.03542735042735043 0.0610625
0 0.06507478632478633 0.4495 0.12305555555555557 0.35800000000000004
0 0.45877136752136755 0.7222265625 0.04010683760683761 0.093828125
0 0.13625 0.4565859375000001 0.10570512820512822 0.090796875
0 0.023525641025641027 0.2611953125 0.04547008547008548 0.049640625
0 0.14039529914529916 0.34353125000000007 0.1633974358974359 0.14496875
0 0.3461538461538462 0.7421875 0.6880341880341881 0.5125000000000001
