0 0.41551562500000006 0.5954439252336449 0.3123125 0.8091121495327103
0 0.13039062499999998 0.38630841121495324 0.10640625 0.4666355140186916
0 0.7387890625 0.49999999999999994 0.23948437500000003 0.5810747663551401
0 0.498609375 0.2940420560747663 0.15309375000000003 0.32658878504672895
0 0.6250234375 0.3456542056074766 0.095296875 0.3547196261682243
0 0.884421875 0.36842289719626165 0.06475 0.29212616822429904
0 0.8663046875 0.2731892523364486 0.08401562500000001 0.23773364485981308
2 0.6367109375000001 0.4600817757009345 0.08535937500000002 0.1336682242990654
0 0.0442421875 0.4335981308411214 0.088484375 0.35149532710280373
0 0.9409140625000001 0.2801985981308411 0.032703125 0.14904205607476634
0 0.19234375 0.33682242990654204 0.0395625 0.19098130841121494
0 0.5569687500000001 0.3485397196261682 0.0704375 0.35413551401869153
0 0.6504609375000001 0.2183878504672897 0.022890625 0.04392523364485981
