0 0.17696875 0.6707916666666667 0.35056250000000005 0.6314583333333333
0 0.6401249999999999 0.52240625 0.03875000000000001 0.0819375
0 0.60278125 0.5325729166666667 0.0208125 0.034854166666666665
0 0.4884375000000001 0.5457916666666667 0.0199375 0.04691666666666666
0 0.4521484375 0.53528125 0.035765625 0.06302083333333333
0 0.666328125 0.5198125 0.01853125 0.04170833333333333
0 0.5679921875 0.5361666666666667 0.021703125000000004 0.035333333333333335
0 0.6175078125 0.52525 0.015078125000000001 0.01825
0 0.8513203125000001 0.5329583333333333 0.028546875 0.07966666666666666
0 0.884203125 0.5318854166666667 0.037625 0.0878125
0 0.45857812500000006 0.5565625 0.02490625 0.025875
0 0.9099453125000001 0.5039791666666666 0.017578125 0.030125000000000002
0 0.45689062500000005 0.571375 0.063875 0.07883333333333334
0 0.63203125 0.4302083333333333 0.7328125000000001 0.35625
