0 0.2594765625 0.7993176470588236 0.013703125 0.06903529411764706
0 0.2005078125 0.8146117647058823 0.025953125 0.047152941176470585
0 0.06288281250000001 0.7986235294117645 0.016546875 0.08392941176470588
0 0.6370156250000001 0.8012117647058823 0.008843750000000001 0.06463529411764705
0 0.6234687500000001 0.8020705882352941 0.01396875 0.07392941176470588
0 0.0768359375 0.8068588235294117 0.011953125000000002 0.054941176470588236
0 0.004953125 0.7955529411764705 0.009125 0.0824470588235294
0 0.47703125 0.804235294117647 0.01703125 0.05430588235294117
0 0.242890625 0.777741176470588 0.007124999999999999 0.030635294117647056
0 0.19555468750000002 0.783835294117647 0.012234375 0.02724705882352941
0 0.2400234375 0.8005058823529411 0.008046875 0.0680705882352941
0 0.028492187500000002 0.7988941176470589 0.013078125 0.06988235294117646
0 0.5125000000000001 0.8058823529411764 0.8187500000000001 0.08235294117647059
