0 0.5096484375 0.8444166666666667 0.030546875 0.14491666666666667
0 0.47468750000000004 0.8355833333333332 0.03753125 0.15287499999999998
0 0.18039843750000004 0.7907395833333334 0.027171875 0.10364583333333333
0 0.2740625 0.6799583333333333 0.015562500000000002 0.05479166666666667
0 0.47713281250000006 0.6711145833333334 0.020484375 0.050687499999999996
0 0.43759375 0.6603020833333333 0.01628125 0.04522916666666667
0 0.7005625000000001 0.6545208333333332 0.015593750000000002 0.04595833333333333
0 0.7188281249999999 0.65390625 0.01609375 0.0480625
0 0.15084375 0.7887708333333332 0.01853125 0.09437499999999999
0 0.781484375 0.6532708333333334 0.00646875 0.017625000000000002
0 0.1917734375 0.7753229166666668 0.024734375000000003 0.10931249999999999
0 0.7749765625 0.6557499999999999 0.017015625000000003 0.04133333333333333
0 0.7345625 0.65815625 0.008375 0.0340625
0 0.3203125 0.68125 0.034375 0.03333333333333333
