2 0.8425600000000001 0.84947 0.3085866666666667 0.21282
0 0.6094933333333333 0.74187 0.23578666666666667 0.46238
0 0.2788533333333333 0.74513 0.26453333333333334 0.4215
0 0.7216933333333333 0.5930599999999999 0.026373333333333335 0.059000000000000004
0 0.7469599999999998 0.58202 0.015093333333333334 0.01872
0 0.2607466666666667 0.5704400000000001 0.01792 0.029
0 0.9420266666666666 0.61381 0.03541333333333333 0.03358
0 0.9357333333333332 0.58106 0.016053333333333333 0.02868
0 0.053586666666666664 0.58163 0.024079999999999997 0.04870000000000001
0 0.19326666666666664 0.58814 0.03016 0.02724
0 0.7735333333333333 0.5843400000000001 0.021146666666666664 0.027039999999999998
0 0.13038666666666665 0.5845500000000001 0.017146666666666664 0.05018
0 0.9782666666666665 0.58574 0.024426666666666666 0.02616
0 0.24214666666666668 0.57743 0.02488 0.01562
