0 0.20907291666666666 0.8220312500000001 0.03872916666666667 0.04775
0 0.36184375 0.8357187500000001 0.06010416666666667 0.07940625000000001
0 0.5243020833333334 0.81803125 0.08522916666666666 0.09290625000000001
0 0.3091875 0.8165546875 0.03491666666666667 0.065234375
0 0.28802083333333334 0.837953125 0.05658333333333333 0.07387500000000001
0 0.22666666666666666 0.8493281250000001 0.034958333333333334 0.047531250000000004
0 0.18882291666666665 0.852359375 0.057520833333333334 0.038250000000000006
0 0.39669791666666665 0.8431796875 0.04560416666666667 0.056140625
0 0.6523541666666667 0.8314609375000002 0.03179166666666666 0.031078125
0 0.34027083333333336 0.8338515625000001 0.030708333333333334 0.021703125000000004
0 0.6223437500000001 0.8259531250000001 0.04789583333333333 0.050687499999999996
