0 0.7024062500000001 0.6290235294117646 0.2613125 0.5220941176470587
0 0.8872968750000001 0.6167999999999999 0.22540625 0.7664
0 0.45609374999999996 0.47408235294117645 0.32381250000000006 0.7090588235294117
0 0.411125 0.5943882352941177 0.314875 0.46068235294117643
0 0.25609375 0.49611764705882355 0.12140625000000001 0.4624
0 0.1510546875 0.45496470588235294 0.242296875 0.49999999999999994
0 0.29015625000000006 0.1216235294117647 0.09871875000000001 0.1824470588235294
0 0.42471875000000003 0.10565882352941176 0.20909375 0.21028235294117648
0 0.8989843750000001 0.12541176470588233 0.07728125000000001 0.17863529411764706
0 0.7259921875 0.2258470588235294 0.22235937500000003 0.4516941176470588
0 0.2278359375 0.12199999999999997 0.051328125 0.14051764705882352
0 0.5715390625 0.13708235294117646 0.119390625 0.2651764705882353
