0 0.6990468750000001 0.629215481171548 0.24671875000000001 0.7191004184100418
0 0.8685546875000001 0.42966527196652715 0.11579687500000001 0.29887029288702927
0 0.5483515625000001 0.35446652719665267 0.063921875 0.2794351464435146
0 0.6004453125 0.0681694560669456 0.051453125 0.09014644351464435
0 0.6484921875 0.057405857740585764 0.075984375 0.11397489539748952
0 0.5398359375 0.06247907949790795 0.069890625 0.1056276150627615
0 0.45867187500000006 0.07066945606694561 0.049218750000000006 0.09142259414225941
0 0.4190078125000001 0.14518828451882845 0.060328125 0.2415899581589958
0 0.3217421875 0.14834728033472802 0.06651562500000001 0.22974895397489536
0 0.28923437500000004 0.07628661087866109 0.0349375 0.061945606694560666
0 0.36189843750000006 0.07484309623430961 0.036890625 0.07152719665271966
0 0.9283593750000002 0.07997907949790795 0.06628125 0.06707112970711297
0 0.5202265625 0.059320083682008355 0.021765625 0.041443514644351455
0 0.48984375 0.2604602510460251 0.9765625 0.5209205020920502
