0 0.35952500000000004 0.6302926829268293 0.20545 0.5135121951219512
0 0.22761666666666666 0.5021707317073171 0.15666666666666668 0.6280975609756098
0 0.11379166666666668 0.5073658536585366 0.04381666666666667 0.12063414634146341
0 0.6510166666666667 0.529280487804878 0.06463333333333333 0.11939024390243903
0 0.8300916666666668 0.5248170731707318 0.04585000000000001 0.16778048780487806
0 0.7359750000000002 0.5127682926829268 0.033683333333333336 0.14909756097560975
0 0.7215166666666667 0.515390243902439 0.030433333333333337 0.13873170731707318
0 0.7668250000000001 0.5228536585365854 0.03328333333333333 0.10414634146341464
0 0.9308083333333332 0.5200609756097562 0.021416666666666667 0.11441463414634145
0 0.9201166666666666 0.5447926829268293 0.020966666666666668 0.07139024390243902
0 0.036866666666666666 0.5029024390243902 0.027066666666666666 0.07448780487804878
0 0.9884749999999999 0.5211829268292683 0.02305 0.1121219512195122
0 0.1421 0.504939024390244 0.0221 0.1254390243902439
0 0.4166666666666667 0.4695121951219512 0.04 0.07073170731707316
