0 0.5840132827324478 0.45162499999999994 0.6331499051233397 0.68090625
0 0.9168311195445921 0.2636953125 0.06656546489563567 0.069078125
0 0.9638709677419355 0.2448359375 0.06364326375711575 0.10079687500000001
0 0.3520493358633776 0.3405859375 0.08872865275142315 0.146578125
0 0.9333206831119544 0.23376562500000003 0.015749525616698293 0.056531250000000005
0 0.7758444022770399 0.2731484375 0.03795066413662239 0.071546875
0 0.8627609108159393 0.2528046875 0.06149905123339658 0.09598437500000001
0 0.7989373814041746 0.27894531250000004 0.04614800759013283 0.08114062500000001
0 0.7440891840607211 0.2906640625 0.07239089184060721 0.083453125
0 0.2665085388994307 0.34084375000000006 0.07962049335863378 0.14725
0 0.2911859582542694 0.3551015625 0.04795066413662239 0.12289062500000002
0 0.18480075901328274 0.39702343749999996 0.2742314990512334 0.279359375
0 0.4404554079696395 0.32378125 0.06049335863377609 0.05253125
0 0.562618595825427 0.290625 0.8330170777988615 0.209375
