0 0.12373362445414847 0.3445390625 0.24746724890829694 0.48920312499999996
0 0.39719432314410474 0.2505703125 0.1666593886462882 0.142453125
0 0.6942358078602621 0.27816406250000003 0.1737117903930131 0.164140625
0 0.5504039301310043 0.5125703125 0.8808515283842795 0.814109375
0 0.8617903930131003 0.4728359375 0.27541484716157205 0.21467187499999998
0 0.8954585152838428 0.5181093750000001 0.20908296943231441 0.1856875
0 0.9207751091703057 0.5718593750000001 0.1584497816593886 0.2239375
0 0.9546069868995634 0.726984375 0.09078602620087335 0.10828125
0 0.07889737991266375 0.9248046875 0.156353711790393 0.150390625
0 0.32327510917030566 0.42844531250000006 0.19384279475982533 0.132609375
0 0.8871943231441048 0.33328125000000003 0.2166593886462882 0.24225
