0 0.76266 0.92624 0.04476 0.14266666666666666
0 0.6858299999999999 0.8818533333333333 0.02554 0.046906666666666666
0 0.65022 0.8764666666666665 0.033920000000000006 0.048453333333333334
0 0.23467000000000002 0.7565733333333332 0.01242 0.05709333333333333
0 0.21944 0.7582533333333333 0.019600000000000003 0.05730666666666666
0 0.12724000000000002 0.7921333333333334 0.06236 0.23146666666666665
0 0.67101 0.7167866666666667 0.01226 0.03421333333333333
0 0.07219 0.6833466666666667 0.00654 0.02472
0 0.06981 0.7385066666666666 0.02434 0.06410666666666666
0 0.04619000000000001 0.8353466666666667 0.09126000000000001 0.17698666666666668
0 0.5109600000000001 0.6932266666666665 0.00396 0.012159999999999999
0 0.19699000000000003 0.7014666666666667 0.0031000000000000003 0.01168
0 0.8004500000000001 0.9118133333333334 0.05618 0.14197333333333334
0 0.031 0.6973333333333334 0.058 0.06133333333333333
