0 0.7991484375 0.7043645833333333 0.016640625000000003 0.03960416666666667
0 0.8579921875000001 0.6994062499999999 0.008546875 0.029729166666666664
0 0.885375 0.7073125 0.01246875 0.026166666666666668
0 0.70825 0.6869479166666665 0.00528125 0.0216875
0 0.17747656250000002 0.7101979166666667 0.008828125000000001 0.0179375
0 0.917 0.6961458333333334 0.0036249999999999998 0.017666666666666667
0 0.73815625 0.6958749999999999 0.012781250000000001 0.0065
0 0.9111015625000001 0.6953541666666666 0.006703125000000001 0.0175
0 0.7835078125 0.6948229166666666 0.008828125000000001 0.0271875
0 0.949828125 0.6924166666666666 0.00421875 0.018333333333333333
