0 0.384859375 0.7543574766355139 0.066625 0.11198598130841121
0 0.66453125 0.7273247663551402 0.031906250000000004 0.09665887850467289
0 0.2952578125 0.6845443925233645 0.009796875 0.04609813084112149
0 0.8874843750000001 0.7333528037383177 0.03865625 0.10007009345794392
0 0.2604375 0.6860046728971962 0.01175 0.04266355140186916
0 0.3385703125 0.6834813084112148 0.015109375000000001 0.05677570093457944
0 0.2385 0.6822313084112149 0.007531250000000001 0.04507009345794392
0 0.43249999999999994 0.6772196261682243 0.007875 0.029158878504672896
0 0.21814843750000001 0.6791939252336447 0.011828125000000002 0.04324766355140187
0 0.45908593750000004 0.6751869158878505 0.010171875 0.037990654205607474
0 0.59703125 0.6835514018691589 0.58559375 0.0466822429906542
0 0.554359375 0.6711915887850468 0.011562500000000002 0.041355140186915884
0 0.76384375 0.6586214953271027 0.011500000000000002 0.04677570093457944
0 0.4390625 0.6752336448598131 0.878125 0.09813084112149532
