0 0.4738359375000001 0.791050328227571 0.057140625 0.17444201312910285
0 0.304171875 0.6949015317286652 0.021 0.0676586433260394
0 0.8978125000000001 0.7226148796498906 0.09109375 0.1636980306345733
0 0.7766015625 0.7414332603938731 0.032609375 0.18067833698030633
0 0.2946875 0.873293216630197 0.08790625 0.25341356673960613
0 0.067703125 0.7833369803063457 0.041843750000000006 0.17472647702407001
0 0.2014765625 0.7172100656455143 0.033953125 0.09507658643326039
0 0.39564062499999997 0.8012910284463894 0.050125 0.21763676148796496
0 0.49415625 0.7233807439824944 0.028281250000000004 0.12150984682713348
0 0.5198671874999999 0.7205361050328228 0.041109375000000004 0.12934354485776806
0 0.3515 0.7760831509846826 0.04153125 0.1923851203501094
0 0.8465625000000001 0.6854814004376367 0.056843750000000005 0.2059299781181619
0 0.6600390625000001 0.7385886214442012 0.068078125 0.24457330415754922
0 0.565625 0.612691466083151 0.8656250000000001 0.35886214442013126
