0 0.6589843750000001 0.46516666666666673 0.25281250000000005 0.5707916666666667
0 0.7036484375000001 0.25954166666666667 0.092703125 0.2
0 0.7891953125 0.37731250000000005 0.130734375 0.425
0 0.3244375 0.34268750000000003 0.13315625 0.3662916666666666
0 0.5343593750000001 0.2696145833333334 0.050249999999999996 0.1894375
0 0.153078125 0.24576041666666668 0.05656250000000001 0.13835416666666667
0 0.8325859375000001 0.7808958333333333 0.316859375 0.39775
0 0.4339921875 0.5915729166666668 0.190453125 0.7460625000000001
0 0.565484375 0.48634374999999996 0.1845 0.38702083333333337
0 0.417140625 0.29191666666666666 0.12028125 0.27295833333333336
0 0.7410937500000001 0.22792708333333334 0.021875000000000002 0.06035416666666666
0 0.9388671875000001 0.34137500000000004 0.122234375 0.36304166666666665
0 0.8406328125 0.2773333333333333 0.060203125 0.11366666666666667
