0 0.6751405152224823 0.7775234375000001 0.6497189695550352 0.440453125
0 0.7420491803278687 0.548 0.21702576112412178 0.07850000000000001
0 0.9178337236533957 0.5891093749999999 0.16433255269320843 0.185375
0 0.18144028103044496 0.7802421875000001 0.3628805620608899 0.4395156250000001
0 0.21764637002341922 0.7319140625 0.36882903981264636 0.490078125
0 0.1650351288056206 0.5932578125 0.1481967213114754 0.157296875
0 0.38734192037470727 0.7554921875 0.2761826697892272 0.22248437499999998
0 0.13387587822014052 0.2856640625 0.12217798594847776 0.095546875
0 0.4221545667447307 0.6285234375000001 0.41639344262295086 0.209296875
0 0.24093676814988288 0.37673437500000007 0.26 0.35581250000000003
0 0.5700000000000001 0.601265625 0.12552693208430912 0.07403125
