0 0.209 0.5747040169133192 0.27721875 0.4329175475687104
0 0.46578125000000004 0.6051268498942918 0.35525000000000007 0.41575052854122624
0 0.70840625 0.29933403805496833 0.1574375 0.19955602536997888
0 0.8578125000000001 0.4970613107822411 0.26075 0.49213530655391124
0 0.13478125000000002 0.3447568710359408 0.15331250000000002 0.2482875264270613
0 0.9651953125000001 0.3575475687103594 0.069609375 0.14871035940803384
0 0.016742187500000002 0.3332135306553911 0.033484375000000004 0.0638477801268499
0 0.531484375 0.29042283298097255 0.0726875 0.17268498942917548
0 0.815578125 0.757737843551797 0.36868750000000006 0.48452431289640596
0 0.6181953125 0.3991226215644821 0.255859375 0.3382452431289641
0 0.413796875 0.4453065539112051 0.15396875000000002 0.42448202959830866
