0 0.021054687500000002 0.8062328767123287 0.042109375000000004 0.310958904109589
0 0.6707421875 0.7277054794520547 0.019734375000000002 0.0937214611872146
0 0.8127656249999999 0.7217237442922374 0.025562500000000002 0.04102739726027397
0 0.5888984375 0.684417808219178 0.023109375 0.04737442922374429
0 0.60965625 0.6997488584474885 0.012750000000000001 0.042054794520547945
0 0.14774218749999998 0.6859817351598174 0.015578125000000002 0.02191780821917808
0 0.649609375 0.7259931506849314 0.024 0.09454337899543377
0 0.029960937500000003 0.7130593607305937 0.034453125 0.14652968036529682
0 0.63321875 0.7312100456621003 0.013750000000000002 0.05570776255707762
0 0.0938203125 0.8099200913242008 0.096828125 0.31865296803652965
