0 0.16462500000000002 0.626943793911007 0.017687500000000002 0.08344262295081968
0 0.50615625 0.6298711943793911 0.025156250000000005 0.0968384074941452
0 0.6082578125 0.6196604215456675 0.020578125000000003 0.08639344262295082
0 0.5572343750000001 0.6127166276346604 0.0370625 0.047962529274004684
0 0.6871562500000001 0.5964988290398127 0.020250000000000004 0.03552693208430913
0 0.9032734374999999 0.7293559718969556 0.049328125 0.1813817330210773
0 0.488703125 0.6192505854800937 0.018375 0.0872599531615925
0 0.66590625 0.6303747072599531 0.01634375 0.08524590163934426
0 0.64553125 0.6199063231850117 0.02659375 0.03807962529274005
0 0.52103125 0.5718384074941453 0.0205625 0.07782201405152224
0 0.07843750000000001 0.6004449648711944 0.01259375 0.0702576112412178
0 0.8475 0.6213348946135832 0.016375 0.03667447306791569
0 0.371234375 0.6346135831381734 0.025968750000000002 0.08857142857142858
0 0.49921875000000004 0.6990632318501171 0.9984375000000001 0.5971896955503513
