0 0.1301171875 0.5532394366197183 0.04245312500000001 0.24553990610328638
0 0.8977578125000001 0.5021478873239438 0.20448437500000002 0.6466901408450705
0 0.09175 0.6057276995305165 0.06696875000000001 0.07122065727699531
0 0.031 0.5838849765258216 0.02865625 0.11171361502347418
0 0.6435859375 0.48801643192488264 0.049484375000000004 0.08607981220657278
0 0.8422421875000001 0.5822769953051643 0.009234375000000001 0.06708920187793427
0 0.6765078125000001 0.5790023474178404 0.023953125000000002 0.15429577464788732
0 0.7353125 0.46311032863849766 0.01878125 0.05321596244131456
0 0.8082421875 0.593650234741784 0.035078125 0.15401408450704226
0 0.2772578125 0.456150234741784 0.15214062500000003 0.44525821596244136
