0 0.5973400000000001 0.7937733333333333 0.01016 0.01832
0 0.6367200000000001 0.79612 0.01052 0.021253333333333332
0 0.61178 0.7944799999999999 0.0116 0.022133333333333335
0 0.30185 0.7335066666666666 0.0101 0.018586666666666665
0 0.31288 0.7342133333333333 0.013000000000000001 0.024
0 0.38411 0.7493866666666668 0.01326 0.01984
0 0.34836 0.7442266666666666 0.012400000000000001 0.015493333333333331
0 0.44595 0.7646266666666667 0.01434 0.021626666666666666
0 0.43437000000000003 0.76384 0.009380000000000001 0.0136
0 0.41005 0.7526533333333333 0.014660000000000001 0.02072
0 0.65192 0.8040933333333333 0.00816 0.017306666666666668
0 0.6040500000000001 0.7958799999999999 0.006900000000000001 0.01693333333333333
0 0.47498 0.7733733333333332 0.01132 0.014373333333333332
0 0.541 0.7746666666666666 0.754 0.18933333333333333
