0 0.5264375 0.6473848987108656 0.1300625 0.4468876611418048
0 0.427078125 0.6679834254143647 0.12965625 0.47640883977900556
0 0.7002421875 0.5187108655616942 0.039140625000000005 0.17771639042357276
0 0.624703125 0.5200092081031308 0.043812500000000004 0.1787661141804788
0 0.5288281250000001 0.42346224677716393 0.031375 0.052744014732965014
0 0.5576640625 0.43866482504604054 0.033234375000000003 0.06812154696132597
0 0.2130078125 0.4364088397790055 0.023828125000000002 0.08898710865561694
0 0.22246875 0.37472375690607734 0.022343750000000002 0.03224677716390424
0 0.2 0.37399631675874767 0.021625000000000002 0.03355432780847145
0 0.251953125 0.4300644567219153 0.029031249999999998 0.09876611418047883
0 0.4836171875000001 0.4195764272559853 0.034890625 0.04578268876611418
