1 0.5119765625 0.5718134171907757 0.315515625 0.3440041928721174
0 0.196796875 0.34011530398322853 0.3065 0.6802306079664571
0 0.6119062500000001 0.12482180293501048 0.13893750000000002 0.2449475890985325
1 0.39146875000000003 0.4811006289308176 0.1615 0.3607337526205451
1 0.1850703125 0.788763102725367 0.246203125 0.23819706498951784
1 0.7623515625000001 0.759727463312369 0.288640625 0.29392033542976936
1 0.43444531250000007 0.7766247379454927 0.26570312500000004 0.2337106918238994
1 0.621125 0.46843815513626835 0.14084375000000002 0.4470230607966457
1 0.12980468750000002 0.4678511530398324 0.22610937500000003 0.4157442348008386
1 0.4378046875 0.4051572327044025 0.18276562500000001 0.2591194968553459
