0 0.7177336448598131 0.6603281249999999 0.19710280373831773 0.37409375
0 0.5122196261682243 0.6909062499999999 0.14953271028037382 0.32471875
0 0.5976752336448597 0.6343046875000001 0.10834112149532708 0.29192187500000005
0 0.4539836448598131 0.6103046875000001 0.18292056074766355 0.278515625
0 0.20720794392523365 0.6786796875000001 0.2647429906542056 0.342359375
0 0.9552803738317757 0.47638281250000003 0.029532710280373832 0.058484375000000005
0 0.8979088785046728 0.4698828125000001 0.03684579439252336 0.06889062500000001
0 0.8660046728971962 0.4718359375000001 0.03771028037383178 0.058953124999999995
0 0.32948598130841117 0.5802187500000001 0.1147663551401869 0.15128125
0 0.975841121495327 0.49340625 0.04714953271028037 0.08540625
0 0.9891238317757008 0.45417968750000004 0.02175233644859813 0.021390625
0 0.78678738317757 0.471796875 0.042453271028037386 0.04353125
0 0.8351518691588784 0.46849999999999997 0.04348130841121495 0.06309375
