0 0.262703125 0.9039687499999999 0.13590625 0.1920625
0 0.0972734375 0.88034375 0.19367187500000002 0.2393125
0 0.8878359375000001 0.7633229166666666 0.04610937500000001 0.05572916666666666
0 0.872390625 0.7374895833333334 0.03796875 0.06085416666666667
0 0.715578125 0.5739166666666667 0.0166875 0.030166666666666668
0 0.553828125 0.4362291666666666 0.02271875 0.0375
0 0.3774765625 0.2814166666666667 0.009609375000000002 0.03191666666666667
0 0.3009453125 0.20728125 0.009171875000000001 0.025395833333333333
0 0.27875 0.17523958333333334 0.00596875 0.020687499999999998
0 0.7190859375 0.593875 0.031609375 0.04479166666666667
0 0.27237500000000003 0.16973958333333336 0.004750000000000001 0.012354166666666666
