0 0.6488828125 0.5895208333333333 0.18539062500000003 0.37079166666666663
0 0.22308593750000003 0.6462395833333333 0.20770312500000002 0.4993125
0 0.6501171875 0.5450833333333333 0.181265625 0.10037499999999999
0 0.45267187500000006 0.5205208333333333 0.08134375 0.19066666666666665
0 0.5167890625 0.4868854166666666 0.042359375000000005 0.11685416666666668
0 0.576828125 0.45190624999999995 0.05 0.07693749999999999
0 0.5272890625 0.42711458333333335 0.007046875 0.023020833333333334
0 0.6807031250000001 0.4546458333333333 0.01578125 0.061875
0 0.6870859375 0.4231458333333333 0.007671875000000001 0.016166666666666666
0 0.5646953124999999 0.4245208333333333 0.009609375000000002 0.02075
0 0.42378906250000004 0.41732291666666665 0.0063906250000000005 0.017020833333333332
0 0.4903906250000001 0.4185520833333333 0.004812500000000001 0.013270833333333334
0 0.7046875 0.4239583333333333 0.018750000000000003 0.022916666666666665
