0 0.6539375000000001 0.4793984375 0.47190624999999997 0.9550468750000001
0 0.27694531250000004 0.18217968750000002 0.08920312500000001 0.21785937500000002
0 0.8591796875000001 0.1265859375 0.056484375 0.112703125
0 0.38241406250000004 0.11722656250000002 0.04479687500000001 0.051421875
0 0.42614062500000005 0.116171875 0.04334375 0.06209375
0 0.10925781250000002 0.158765625 0.07860937500000001 0.20734375
0 0.46385156250000004 0.09314843750000001 0.029671875 0.028140625000000002
0 0.1173515625 0.3931796875 0.048234375 0.379515625
0 0.247140625 0.11879687500000001 0.03821875 0.08031250000000001
0 0.37107031250000005 0.10981250000000001 0.025578125000000004 0.0484375
0 0.066625 0.10626562500000002 0.10062500000000002 0.20237500000000003
0 0.9172109375 0.1303203125 0.049140625 0.121640625
0 0.4625 0.47890625000000003 0.925 0.9515625000000001
