0 0.33125 0.6981927710843374 0.2019 0.5810843373493976
0 0.5758 0.7397439759036145 0.30372000000000005 0.5205120481927711
0 0.8201200000000001 0.49462349397590366 0.35976 0.9888253012048194
0 0.44615000000000005 0.5752861445783133 0.12234 0.4988855421686747
0 0.28382 0.434894578313253 0.07923999999999999 0.18780120481927712
0 0.13131 0.6678614457831326 0.25962 0.6359638554216868
0 0.5580600000000001 0.4471987951807229 0.16116 0.19325301204819276
0 0.6117700000000001 0.26971385542168674 0.0679 0.046114457831325305
0 0.09044 0.37087349397590363 0.12504 0.15240963855421688
0 0.48984000000000005 0.30623493975903615 0.10432 0.10771084337349397
0 0.73202 0.35712349397590365 0.11312000000000001 0.10195783132530122
0 0.63761 0.3286295180722892 0.0947 0.12713855421686748
0 0.5519100000000001 0.289789156626506 0.08562 0.12349397590361447
0 0.451 0.375 0.902 0.36445783132530124
