0 0.8893281250000001 0.43649882903981263 0.1069375 0.3340749414519906
0 0.42730468749999995 0.41685011709601877 0.10495312500000001 0.36629976580796253
0 0.5436875000000001 0.2771662763466042 0.09990625 0.27873536299765805
0 0.6574062500000001 0.2706440281030445 0.1333125 0.3888290398126464
0 0.38460156250000005 0.5218618266978923 0.346171875 0.5659718969555034
0 0.9577890625000001 0.3082669789227166 0.08442187500000001 0.34772833723653396
0 0.7948671875000001 0.23536299765807964 0.07860937500000001 0.31559718969555034
0 0.38682031250000004 0.18090163934426232 0.122953125 0.3528103044496487
0 0.13759375000000001 0.28837236533957844 0.09462500000000001 0.34236533957845433
0 0.4833984375 0.17665105386416863 0.090015625 0.313208430913349
0 0.7448984375000001 0.33553864168618264 0.08614062500000001 0.18634660421545665
0 0.869609375 0.30258782201405154 0.11887500000000001 0.3489227166276347
0 0.2315 0.24675644028103044 0.11453125 0.33140515222482436
0 0.7132812500000001 0.3185011709601874 0.40156250000000004 0.6088992974238876
