2 0.7255078125000001 0.5177166276346604 0.325546875 0.2805386416861827
0 0.6137265625 0.2476112412177986 0.07545312500000001 0.4952224824355972
0 0.7357109374999999 0.15406323185011708 0.141453125 0.30812646370023417
0 0.833609375 0.25300936768149884 0.12387500000000001 0.5055971896955503
0 0.9572890625000001 0.2516861826697892 0.08542187500000001 0.4988758782201405
0 0.2914765625 0.1873302107728337 0.098734375 0.15779859484777517
0 0.13855468750000002 0.13875878220140514 0.165109375 0.24159250585480094
0 0.5489453125 0.2682435597189695 0.122734375 0.47030444964871193
0 0.430109375 0.26101873536299763 0.1319375 0.4597423887587822
0 0.9108203125 0.25393442622950824 0.09145312500000001 0.5078688524590165
0 0.0508828125 0.1002224824355972 0.092796875 0.1685480093676815
0 0.28100781250000006 0.1261241217798595 0.11420312500000002 0.24100702576112412
0 0.48863281249999996 0.07179156908665106 0.034046875 0.14344262295081966
