2 0.48365624999999995 0.5735351089588379 0.12171875000000001 0.2109443099273608
2 0.3608203125 0.5440920096852301 0.23592187500000003 0.24087167070217919
2 0.1811015625 0.32903147699757873 0.33723437500000003 0.41288135593220343
2 0.046492187500000004 0.23009685230024216 0.09298437500000001 0.1892493946731235
2 0.6772265625 0.5591404358353511 0.25257812500000004 0.22365617433414045
2 0.37271875 0.3394430992736078 0.30040625 0.2219854721549637
2 0.6855390625000001 0.4502663438256659 0.124078125 0.1014043583535109
2 0.658015625 0.6094430992736077 0.09925 0.09142857142857143
2 0.5735546875 0.3494794188861986 0.205765625 0.22883777239709446
2 0.29496875 0.47998789346246973 0.15809375000000003 0.24898305084745764
