0 0.3169974874371859 0.39125 0.19082914572864323 0.54934
0 0.7307160804020101 0.50805 0.5283668341708543 0.8322200000000001
0 0.14241206030150755 0.40025 0.16241206030150754 0.53198
0 0.0496859296482412 0.37594 0.0993718592964824 0.49392
0 0.9385929648241206 0.19002000000000002 0.1228140703517588 0.13108
0 0.8741834170854271 0.16858 0.06590452261306533 0.10164000000000001
0 0.5529396984924623 0.37246 0.20688442211055277 0.46464
0 0.05933417085427136 0.15924000000000002 0.07610552763819095 0.1148
0 0.2204522613065327 0.16111 0.10417085427135679 0.15438
0 0.44466080402010055 0.34255 0.12319095477386935 0.49726
0 0.3778517587939698 0.16416 0.03891959798994975 0.08712
0 0.5156281407035176 0.22954000000000002 0.11447236180904523 0.21208000000000002
