0 0.5044 0.5360112359550563 0.29203333333333337 0.9060449438202248
0 0.08268333333333333 0.5630674157303371 0.1587 0.8355730337078652
0 0.13895833333333335 0.5208764044943821 0.23438333333333333 0.9209887640449439
0 0.6780416666666668 0.23082022471910116 0.10285000000000001 0.2668988764044944
0 0.311875 0.30565168539325843 0.10748333333333333 0.4058202247191012
0 0.6241666666666668 0.2662921348314607 0.195 0.3258426966292135
0 0.37801666666666667 0.3111685393258427 0.14886666666666667 0.38970786516853934
0 0.9181666666666667 0.5314157303370788 0.16366666666666668 0.9371685393258429
0 0.9600166666666667 0.42994382022471916 0.07996666666666667 0.09925842696629215
0 0.34868333333333335 0.5459775280898876 0.5471 0.8753258426966293
0 0.7315666666666667 0.5098988764044944 0.3983666666666667 0.9554382022471911
