0 0.6318750000000001 0.8569789227166277 0.10968750000000001 0.25901639344262295
0 0.7451640625000001 0.8533021077283373 0.122390625 0.29339578454332554
0 0.8216796875000001 0.8606206088992975 0.071671875 0.278384074941452
0 0.9579921875 0.7865925058548009 0.046421875 0.3287822014051522
0 0.15599218750000002 0.8673185011709602 0.126609375 0.26536299765807964
0 0.8893359375000002 0.8175175644028103 0.064328125 0.34304449648711943
0 0.027921875000000002 0.848735362997658 0.055843750000000004 0.3025292740046839
0 0.38036718750000004 0.8884309133489462 0.133328125 0.22313817330210772
0 0.2520546875 0.8807142857142857 0.04901562500000001 0.23857142857142857
0 0.26121875 0.8879391100702576 0.067125 0.22159250585480095
0 0.5404453125 0.7878220140515223 0.015265625 0.04852459016393442
