0 0.63328125 0.5685370370370371 0.07584375 0.5977407407407407
0 0.5536562500000001 0.5467407407407407 0.09078125000000001 0.6156296296296296
0 0.47056250000000005 0.5450740740740742 0.0925625 0.588962962962963
0 0.20215625 0.6643888888888889 0.07375000000000001 0.4162592592592593
0 0.1007421875 0.6438518518518519 0.074890625 0.4325925925925926
0 0.9171640625 0.28164814814814815 0.031140625 0.2141851851851852
0 0.8535937500000002 0.4923703703703704 0.011625000000000002 0.07266666666666667
0 0.9479843749999999 0.8023703703703704 0.026718750000000003 0.18703703703703706
0 0.9269296875 0.7946296296296297 0.020296875000000002 0.17814814814814817
0 0.1688203125 0.540925925925926 0.021546875 0.1680740740740741
0 0.048492187500000006 0.5314074074074074 0.030359375 0.11555555555555556
0 0.73178125 0.5187222222222223 0.03721875 0.19981481481481483
0 0.9418671875 0.284462962962963 0.027859375 0.20774074074074075
0 0.53671875 0.5037037037037038 0.9234375 0.6074074074074074
