0 0.7263671875000001 0.4351810584958217 0.038734375 0.19231197771587746
0 0.9270390625 0.43647632311977713 0.032796874999999996 0.20910863509749303
0 0.9067265624999999 0.4302506963788301 0.027890625000000002 0.17220055710306406
0 0.967453125 0.39806406685236767 0.0568125 0.1892757660167131
0 0.8691875 0.4426880222841226 0.047968750000000004 0.19233983286908077
0 0.8489218749999999 0.37774373259052924 0.018375 0.04958217270194986
0 0.8387812499999999 0.39551532033426184 0.0169375 0.10183844011142063
0 0.8167187500000002 0.4078412256267409 0.03459375 0.07701949860724233
0 0.8863906250000002 0.3762674094707521 0.011625000000000002 0.03604456824512535
0 0.9425468750000001 0.3659052924791087 0.023125000000000003 0.09203342618384401
