2 0.40628125 0.7204999999999999 0.07603125 0.04908333333333333
0 0.5358046875000001 0.5990520833333334 0.014046875 0.05652083333333333
0 0.5141328125000001 0.5879583333333334 0.007609375000000001 0.019958333333333335
0 0.983734375 0.5943541666666667 0.012906250000000001 0.04870833333333333
0 0.34316406250000003 0.5950833333333333 0.004890625 0.021208333333333333
0 0.32571875000000006 0.594875 0.004875000000000001 0.018916666666666665
0 0.3145703125 0.5946770833333334 0.004734375 0.0194375
0 0.3059453125 0.5940833333333334 0.007046875 0.022291666666666664
0 0.45111718750000007 0.5948749999999999 0.011078125000000001 0.03808333333333334
0 0.5081796875 0.59434375 0.011015625000000001 0.03860416666666667
0 0.4653359375 0.626625 0.043984375 0.045125
0 0.68134375 0.6057604166666666 0.019875000000000004 0.05864583333333333
0 0.8742031250000001 0.5992083333333333 0.012906250000000001 0.0395
0 0.9514374999999999 0.59909375 0.01928125 0.04460416666666667
0 0.48359375000000004 0.6104166666666666 0.9640625 0.08333333333333333
