0 0.8011875 0.5157304526748971 0.14846875 0.22697530864197532
0 0.08190625000000001 0.25955761316872433 0.16381250000000003 0.4022427983539095
0 0.39675 0.5134876543209878 0.46928125 0.9730246913580247
0 0.744875 0.3898868312757202 0.18600000000000003 0.33034979423868316
0 0.9721953124999999 0.23245884773662556 0.05560937500000001 0.36611111111111116
0 0.6219453125000001 0.5217386831275721 0.20173437500000002 0.20989711934156383
0 0.570875 0.3788991769547325 0.09434375 0.2584156378600823
0 0.3890703125 0.16898148148148148 0.150171875 0.16405349794238686
0 0.59659375 0.2198045267489712 0.22265625 0.3039711934156379
0 0.7948828125 0.2235905349794239 0.18717187500000002 0.3910082304526749
0 0.897546875 0.7112654320987655 0.20309375 0.5705967078189301
0 0.4408359375 0.5479115226337449 0.16085937500000003 0.16932098765432102
0 0.9172812499999999 0.39659465020576135 0.16543750000000002 0.3510905349794239
0 0.2625 0.38477366255144035 0.478125 0.5226337448559671
