0 0.336625 0.8675584112149533 0.08115625 0.23371495327102804
0 0.5141875 0.9053621495327102 0.049468750000000006 0.17936915887850466
0 0.8856484375 0.9144158878504672 0.132546875 0.1508878504672897
0 0.662953125 0.83803738317757 0.01253125 0.06771028037383177
0 0.6216406250000001 0.8633878504672897 0.02475 0.10710280373831775
0 0.21346875 0.857768691588785 0.031406250000000004 0.15175233644859812
0 0.006515625000000001 0.8817640186915887 0.01228125 0.10399532710280372
0 0.7964921875000001 0.9011214953271026 0.039078125000000005 0.16630841121495327
0 0.1114140625 0.8658878504672896 0.043890625 0.17471962616822428
0 0.260859375 0.9339018691588785 0.08203125 0.13046728971962618
0 0.15576562500000002 0.8349766355140187 0.02003125 0.08878504672897196
0 0.23795312500000004 0.9324299065420562 0.056999999999999995 0.13514018691588786
0 0.42500000000000004 0.8563084112149532 0.8500000000000001 0.1658878504672897
