2 0.2753708133971292 0.6395703125000001 0.33332535885167464 0.201765625
0 0.5953827751196172 0.4304921875 0.08516746411483253 0.18585937500000002
0 0.4602631578947368 0.4340234375 0.09129186602870812 0.174765625
0 0.3808612440191388 0.36665625 0.09593301435406698 0.05184375
0 0.13764354066985646 0.42253125 0.0905023923444976 0.17443750000000002
0 0.40755980861244023 0.47428906249999997 0.04813397129186603 0.088359375
0 0.9390071770334928 0.4052734375 0.08456937799043063 0.140421875
0 0.3096531100478469 0.36175 0.04155502392344498 0.035937500000000004
0 0.8524880382775119 0.35038281250000003 0.10559808612440191 0.08076562500000001
0 0.7798325358851675 0.35483593750000003 0.06933014354066985 0.070140625
0 0.6962200956937799 0.3676796875 0.0655023923444976 0.06035937500000001
0 0.6434688995215312 0.44166406250000007 0.08200956937799044 0.16585937500000003
0 0.03924641148325358 0.42683593750000004 0.0773444976076555 0.176546875
0 0.549712918660287 0.3506796875 0.06253588516746411 0.07923437500000001
0 0.5992822966507176 0.36484375 0.6004784688995215 0.0921875
