0 0.28071093750000004 0.5586770833333333 0.294421875 0.4234791666666667
0 0.2941015625 0.1490625 0.032015625 0.06966666666666665
0 0.5405078124999999 0.18726041666666668 0.025859375000000004 0.09289583333333334
0 0.8224453125000001 0.16768750000000002 0.024171875000000002 0.07933333333333333
0 0.1306171875 0.22246875 0.038765625 0.19327083333333334
0 0.44960937500000003 0.20045833333333332 0.05084375 0.09966666666666667
0 0.245078125 0.23801041666666667 0.06134375 0.1188125
0 0.63796875 0.1679375 0.03446875 0.126125
0 0.6690390625 0.16603125 0.037671875 0.13147916666666667
0 0.075328125 0.22359375 0.06353125 0.19889583333333333
0 0.20149218750000003 0.23271875000000003 0.059296875000000006 0.13239583333333332
0 0.29011718750000004 0.20532291666666666 0.040828125 0.07285416666666666
0 0.7141796875 0.16732291666666665 0.036609375 0.12664583333333332
0 0.4078125 0.21770833333333334 0.815625 0.23541666666666666
