0 0.1336953125 0.584 0.263859375 0.8213176470588235
0 0.36709375 0.6415764705882352 0.265625 0.6898823529411764
0 0.6207890625000001 0.6460705882352941 0.274578125 0.6808941176470588
0 0.4944609375000001 0.49403529411764696 0.096796875 0.21065882352941176
0 0.8047656250000002 0.4488235294117647 0.034625 0.0796705882352941
0 0.543875 0.4374588235294118 0.05515625 0.09952941176470587
0 0.2954453125 0.5027176470588234 0.076640625 0.18110588235294114
0 0.7732578125 0.43550588235294113 0.014484375 0.04879999999999999
0 0.961875 0.432270588235294 0.06640625 0.11875294117647058
0 0.8406328125 0.5979294117647058 0.318734375 0.8041411764705881
