0 0.6089765625000001 0.42303278688524587 0.5343593750000001 0.5995550351288056
0 0.8831171875000001 0.2551288056206089 0.049921875000000004 0.09049180327868853
0 0.774640625 0.2420023419203747 0.031218750000000003 0.05599531615925059
0 0.7420078125 0.23159250585480093 0.036171875 0.06009367681498829
0 0.5357421875 0.20811475409836064 0.039390625000000005 0.056088992974238874
0 0.48071875 0.20488290398126463 0.021562500000000002 0.06573770491803278
0 0.3109921875 0.22208430913348945 0.046421875 0.14908665105386415
0 0.35572656250000007 0.22281030444964872 0.034640625 0.15489461358313816
0 0.808875 0.24269320843091333 0.0165 0.06740046838407494
0 0.6993281250000001 0.22660421545667445 0.03659375 0.054192037470726
0 0.4480859375000001 0.2012295081967213 0.029640625 0.056791569086651054
0 0.9503749999999999 0.24903981264637004 0.045875 0.08740046838407495
0 0.98171875 0.25324355971896956 0.0329375 0.11168618266978922
0 0.49609375 0.265807962529274 0.9921875 0.28805620608899296
