0 0.47976562500000003 0.915569306930693 0.047656250000000004 0.16455445544554456
0 0.383421875 0.9277103960396039 0.0396875 0.14457920792079207
0 0.15017968750000002 0.8569059405940594 0.051796875 0.16896039603960397
0 0.2064609375 0.6613985148514852 0.037890625000000004 0.08497524752475247
0 0.16564062499999999 0.6961138613861385 0.0324375 0.08514851485148514
0 0.26113281250000003 0.695519801980198 0.021515625 0.13004950495049505
0 0.3311640625 0.6848019801980199 0.030015625000000004 0.12074257425742575
0 0.3581015625 0.7374504950495049 0.041859375000000004 0.19816831683168318
0 0.40557031250000003 0.6304826732673268 0.023140625 0.07948019801980198
0 0.4275625 0.755730198019802 0.047843750000000004 0.1178960396039604
0 0.39715625000000004 0.7505940594059406 0.0321875 0.11292079207920791
0 0.5511171874999999 0.7668935643564357 0.034984375000000005 0.11438118811881189
0 0.5099218750000001 0.7506435643564356 0.05246875 0.09351485148514851
0 0.478125 0.6349009900990099 0.9187500000000001 0.42326732673267325
