0 0.3445729166666666 0.5168515625 0.2516875 0.665171875
0 0.08998958333333333 0.45262500000000006 0.11477083333333334 0.21225000000000002
0 0.6505416666666667 0.4122343750000001 0.07304166666666667 0.1444375
0 0.88496875 0.39725781250000003 0.07035416666666668 0.12310937500000002
0 0.76871875 0.38596874999999997 0.030895833333333334 0.094375
0 0.7111875 0.38958593750000003 0.05345833333333333 0.09635937500000001
0 0.5090520833333333 0.38542968750000006 0.03377083333333333 0.078671875
0 0.9259583333333333 0.3822734375000001 0.03854166666666667 0.08451562500000001
0 0.7459166666666666 0.3897890625 0.030291666666666665 0.062296875
0 0.7920208333333334 0.3903203125 0.03908333333333334 0.09260937500000001
0 0.9731770833333333 0.4016875 0.05364583333333333 0.1326875
0 0.7313333333333334 0.380875 0.009041666666666667 0.0118125
0 0.9417395833333334 0.37865625 0.020270833333333335 0.0726875
0 0.48541666666666666 0.4078125 0.9583333333333334 0.1625
