0 0.2194375 0.6786520737327189 0.3383125 0.49440092165898614
0 0.34784375 0.5084792626728111 0.1723125 0.38294930875576033
0 0.5177109375 0.4394585253456222 0.205265625 0.3856451612903226
0 0.7115312500000001 0.3199193548387097 0.10981250000000001 0.2471658986175115
0 0.83125 0.7901728110599079 0.18196875 0.41661290322580646
0 0.8998515625000002 0.7146082949308755 0.144765625 0.548294930875576
0 0.9604296875000001 0.5884447004608294 0.079140625 0.4802073732718894
0 0.6612031250000001 0.8770506912442396 0.19562500000000002 0.24589861751152073
0 0.8027421875 0.27578341013824886 0.103078125 0.22023041474654378
0 0.986609375 0.316278801843318 0.0266875 0.08324884792626729
0 0.1799140625 0.4199654377880184 0.197515625 0.29338709677419356
0 0.6364609375000001 0.36686635944700463 0.15560937500000002 0.2840092165898618
0 0.28355468750000007 0.3863018433179723 0.10795312500000001 0.3794239631336405
0 0.31171875000000004 0.5645161290322581 0.6234375000000001 0.8663594470046083
