0 0.687109375 0.6350468384074941 0.012375 0.04044496487119438
0 0.7266250000000001 0.6332903981264637 0.00840625 0.04540983606557377
0 0.736703125 0.6273067915690866 0.011375000000000001 0.026510538641686184
0 0.8934140625 0.8156791569086651 0.018734375 0.0710304449648712
0 0.8793750000000001 0.754145199063232 0.015062500000000001 0.06515222482435597
0 0.8515859375 0.7308899297423889 0.006671875 0.025339578454332552
0 0.9299140625 0.7673536299765809 0.012859375000000001 0.02074941451990632
0 0.8613046875000001 0.7352459016393442 0.017390625000000003 0.03634660421545667
0 0.9045703125000002 0.8347423887587823 0.017796875 0.0729976580796253
0 0.2008359375 0.5924355971896955 0.008421875 0.028852459016393443
0 0.21135156250000003 0.5928103044496487 0.007796875000000001 0.025526932084309135
