0 0.4909433962264151 0.8549609375000001 0.08283018867924527 0.186734375
0 0.9016627358490565 0.791390625 0.06917452830188679 0.05871875
0 0.28974056603773585 0.81703125 0.06514150943396227 0.13759375000000001
0 0.25555424528301884 0.8400625 0.10794811320754717 0.20284375
0 0.717252358490566 0.846703125 0.11516509433962263 0.21909375
0 0.32938679245283015 0.6487890625 0.02721698113207547 0.050828125
0 0.2737264150943396 0.726875 0.03632075471698113 0.048593750000000005
0 0.22087264150943398 0.6432734375 0.024952830188679245 0.050921875000000005
0 0.9212853773584905 0.8490546875 0.09625 0.141265625
0 0.3752122641509434 0.844671875 0.10584905660377358 0.20196875
0 0.05950471698113208 0.7836093750000002 0.0605188679245283 0.07825
0 0.11900943396226416 0.842734375 0.07136792452830189 0.18378125
0 0.9641391509433961 0.8691015625 0.07172169811320754 0.144140625
0 0.5200471698113207 0.70703125 0.9268867924528301 0.4703125
