0 0.35682 0.62144 0.09516 0.47429333333333334
0 0.7932400000000001 0.5442533333333334 0.057159999999999996 0.1052
0 0.7232000000000001 0.5433333333333333 0.0724 0.1317333333333333
0 0.71168 0.5029733333333334 0.03432 0.10258666666666666
0 0.7230800000000001 0.45624 0.02748 0.04682666666666666
0 0.6104499999999999 0.61444 0.1041 0.33064
0 0.061380000000000004 0.6819866666666666 0.12276000000000001 0.5269066666666666
0 0.12352000000000002 0.5559999999999999 0.037200000000000004 0.2210133333333333
0 0.92613 0.6685333333333333 0.14326 0.4696533333333333
0 0.8636999999999999 0.5529333333333333 0.04912 0.09498666666666665
0 0.78088 0.5017733333333334 0.04596 0.10712
0 0.09844 0.50836 0.02168 0.05176
