0 0.1666875 0.4237427466150871 0.08662500000000001 0.1860154738878143
0 0.1030546875 0.43102514506769823 0.093609375 0.2035203094777563
0 0.031328125000000005 0.2113056092843327 0.06265625000000001 0.10346228239845262
0 0.10142968750000002 0.2036073500967118 0.07442187500000001 0.10586073500967118
0 0.29565625000000006 0.23529013539651836 0.06215625 0.08427466150870407
0 0.35553906250000006 0.17298839458413928 0.062359374999999995 0.09560928433268859
0 0.35764843749999997 0.24467117988394585 0.057546875 0.06636363636363637
0 0.5094921875 0.22601547388781434 0.06314062499999999 0.0897485493230174
0 0.3948125 0.6148646034816247 0.298375 0.6554158607350097
0 0.27140625 0.39805609284332694 0.0584375 0.0993230174081238
0 0.04175 0.4292166344294004 0.079875 0.2067504835589942
0 0.594078125 0.12447775628626694 0.07190625 0.19073500967117987
0 0.5892421874999999 0.466615087040619 0.10807812500000001 0.17357833655705995
0 0.35546875 0.28916827852998067 0.7078125000000001 0.5125725338491296
