0 0.1259921875 0.40909836065573774 0.061640625000000004 0.255480093676815
0 0.23529687500000002 0.3434543325526932 0.00840625 0.02812646370023419
0 0.21962500000000001 0.34268149882903987 0.0063437499999999996 0.026580796252927398
0 0.24417968749999996 0.3468852459016393 0.005109375 0.019156908665105384
0 0.5015390624999999 0.3411826697892272 0.005140625 0.01936768149882904
0 0.74984375 0.33344262295081967 0.00371875 0.025620608899297424
0 0.49609375 0.3400468384074941 0.00525 0.017423887587822016
0 0.9951015625 0.36236533957845435 0.009796875 0.08866510538641686
0 0.2574375 0.3459367681498829 0.0074375 0.020866510538641688
0 0.7441015625 0.3366861826697893 0.007796875000000001 0.03594847775175644
