0 0.7041953125 0.7974479166666666 0.17420312500000001 0.40510416666666665
0 0.5546562500000001 0.8517708333333334 0.14453125 0.2964583333333334
0 0.9137656249999999 0.7696666666666666 0.17246875 0.46066666666666667
2 0.24402343750000002 0.7372395833333333 0.033203125 0.043854166666666666
0 0.4402421875 0.8465520833333332 0.19132812500000002 0.27318749999999997
0 0.543078125 0.71146875 0.048375 0.13122916666666667
0 0.596734375 0.7213125 0.03528125 0.10074999999999999
0 0.2867265625 0.7133958333333333 0.033109375 0.10408333333333333
0 0.5218671875 0.6883645833333333 0.015671875 0.04435416666666667
0 0.41489062500000007 0.7022291666666667 0.017374999999999998 0.074125
0 0.21564843750000004 0.7073645833333333 0.029359375 0.10581249999999999
0 0.6293203125000001 0.7543020833333334 0.05657812500000001 0.11685416666666668
0 0.33807031249999997 0.6833958333333334 0.010296875 0.039749999999999994
2 0.3914296875 0.7425833333333334 0.047984375 0.043291666666666666
0 0.029734375000000004 0.7479583333333333 0.05946875000000001 0.39275000000000004
0 0.47265625 0.7875 0.7609375 0.31666666666666665
