0 0.5872287735849057 0.39715625000000004 0.6348349056603774 0.6644375
0 0.39893867924528303 0.21342968750000002 0.11943396226415094 0.203265625
0 0.8941745283018867 0.187375 0.19066037735849056 0.37246875
0 0.7041391509433962 0.06056250000000001 0.06672169811320754 0.060437500000000005
0 0.480436320754717 0.1406328125 0.1349764150943396 0.20223437500000002
0 0.25746462264150943 0.21725 0.18455188679245282 0.32021875
0 0.10854952830188679 0.2060546875 0.2103066037735849 0.314609375
0 0.19536556603773586 0.0612109375 0.08082547169811322 0.121171875
0 0.8550471698113208 0.3708203125 0.265566037735849 0.559796875
0 0.951497641509434 0.21306250000000004 0.09700471698113208 0.4261250000000001
0 0.502063679245283 0.09724218750000001 0.05724056603773585 0.05404687500000001
0 0.3676533018867924 0.1124609375 0.10304245283018867 0.091203125
0 0.17646226415094338 0.383734375 0.14518867924528303 0.11809375
0 0.42806603773584906 0.3484375 0.8561320754716981 0.65
