0 0.36128805620608895 0.8061562499999999 0.26772833723653394 0.17259375
0 0.10422716627634661 0.5486640625 0.060866510538641685 0.12332812500000001
0 0.4518384074941452 0.4595156250000001 0.07327868852459016 0.05209375000000001
0 0.5336299765807963 0.45982812500000003 0.06941451990632319 0.05665625
0 0.591440281030445 0.44918749999999996 0.04620608899297424 0.0799375
0 0.7452107728337236 0.3600078125 0.045081967213114756 0.06754687499999999
0 0.628384074941452 0.4358828125 0.03807962529274005 0.048078125
0 0.7550117096018736 0.44528906250000005 0.04206088992974239 0.05707812500000001
0 0.37744730679156907 0.34697656250000003 0.047025761124121775 0.049109375000000004
0 0.6076112412177985 0.3309609375 0.03953161592505854 0.051828125
0 0.5140281030444964 0.39290625 0.03648711943793911 0.0486875
0 0.6416510538641685 0.46053906250000004 0.06217798594847775 0.046734375
0 0.8196018735362999 0.4440390625 0.04791569086651054 0.08714062500000001
0 0.5538641686182669 0.33203125 0.8875878220140515 0.49843750000000003
